,date,tic,open,high,low,close,volume,day,macd,boll_ub,boll_lb,rsi_30,cci_30,dx_30,close_30_sma,close_60_sma,vix,turbulence
0,2020-07-01,AAPL,91.27999877929688,91.83999633789062,90.97750091552734,89.25041961669922,110737200.0,2.0,2.9926690801455464,92.02481164397298,79.59652700959148,62.807127723485955,107.50331647952547,29.73053178324967,83.32303365071614,77.15204156239828,28.6200008392334,53.068206056599315
0,2020-07-01,AMGN,235.52000427246094,256.2300109863281,232.5800018310547,230.55337524414062,6575800.0,2.0,3.4910210193627904,223.10691633852485,192.20908402768606,61.27963117874757,270.4499776614079,46.80613855018443,206.26930592854816,207.2994125366211,28.6200008392334,53.068206056599315
0,2020-07-01,AXP,95.25,96.95999908447266,93.63999938964844,90.0621566772461,3301000.0,2.0,-0.3806083423523887,107.99662809323058,85.83022050906433,48.50481921019797,-66.28326383868624,3.142447593063423,95.10702489217122,88.70187288920084,28.6200008392334,53.068206056599315
0,2020-07-01,BA,185.8800048828125,190.61000061035156,180.0399932861328,180.32000732421875,49036700.0,2.0,5.443193477575477,220.721139105626,160.93286327474507,50.92577108114163,24.220608346258853,15.93291987688302,176.4723347981771,155.6141675313314,28.6200008392334,53.068206056599315
0,2020-07-01,CAT,129.3800048828125,129.39999389648438,125.87999725341797,117.23570251464844,2807800.0,2.0,1.2365988453592536,126.92599568247712,110.14382014393888,52.86542479047923,35.746634593329844,14.45740437284711,116.03196792602539,110.42906087239584,28.6200008392334,53.068206056599315
0,2020-07-01,CRM,188.10000610351562,192.82000732421875,187.4600067138672,191.88999938964844,4754600.0,2.0,4.192261923312401,195.07168718044136,169.0393128805938,58.104314301452995,139.95268558042542,29.22574697896621,180.1913335164388,170.94849955240886,28.6200008392334,53.068206056599315
0,2020-07-01,CSCO,46.540000915527344,46.720001220703125,46.0,41.38494110107422,17129500.0,2.0,0.25926503159051606,43.51270183001232,39.32366749371815,53.160547115248406,19.344022414720282,13.38057637422253,41.36906674702962,39.68572584788004,28.6200008392334,53.068206056599315
0,2020-07-01,CVX,89.27999877929688,90.7699966430664,87.55000305175781,75.90653991699219,6379400.0,2.0,-0.9946410848072844,88.6762761842372,71.71594030746203,47.82917619885047,-92.38748097733345,9.08624213494915,80.31262664794922,77.85408528645833,28.6200008392334,53.068206056599315
0,2020-07-01,DIS,112.81999969482422,115.5999984741211,112.29000091552734,113.01000213623047,11930900.0,2.0,-0.9699612124205572,127.25114297566859,106.44485693277869,49.23569227663324,-76.95780232579062,1.5594677137092336,117.63199971516927,111.37916641235351,28.6200008392334,53.068206056599315
0,2020-07-01,GS,198.8800048828125,199.74000549316406,195.52000427246094,182.7563018798828,2620100.0,2.0,0.5730907839192128,205.8997747833786,173.34100585626985,50.96276668499198,-35.691893045733636,3.6210869345612773,186.61410369873047,175.49321416219075,28.6200008392334,53.068206056599315
0,2020-07-01,HD,249.64999389648438,250.3300018310547,246.92999267578125,229.765380859375,3677300.0,2.0,2.2020860709520775,239.31741592203846,220.7263035603834,55.50969517021369,20.60704549144069,8.254305556136101,228.7272913614909,214.31100260416667,28.6200008392334,53.068206056599315
0,2020-07-01,HON,145.22000122070312,146.47999572753906,142.97000122070312,135.2154998779297,2609500.0,2.0,-0.3085943099881092,151.97220983429256,125.64693994598089,49.99254743157199,-33.50003561346156,2.7678061866029,137.81859690348307,131.9776866912842,28.6200008392334,53.068206056599315
0,2020-07-01,IBM,114.98088073730469,115.8986587524414,113.16443634033203,96.36910247802734,4869967.0,2.0,-1.0291986527824974,109.32581588665265,91.32420623859149,47.48970287675571,-74.3106969180073,5.476160686110958,100.36565831502278,98.93925450642904,28.6200008392334,53.068206056599315
0,2020-07-01,INTC,59.90999984741211,60.029998779296875,58.7599983215332,53.30259323120117,14748100.0,2.0,-0.5228143663737654,58.432400281461724,51.202723925081244,48.71405694580671,-79.06861110836617,8.423667414942777,55.39052797953288,54.39128036499024,28.6200008392334,53.068206056599315
0,2020-07-01,JNJ,140.69000244140625,141.38999938964844,140.05999755859375,128.77325439453125,6174800.0,2.0,-1.5289732602716697,136.5320809423483,125.65150899295443,46.81577089679284,-95.29472421429288,15.02381456066812,132.22065709431965,133.81645444234212,28.6200008392334,53.068206056599315
0,2020-07-01,JPM,94.88999938964844,95.70999908447266,93.02999877929688,84.03279876708984,18755700.0,2.0,-0.9976189889708991,101.61222880969245,79.00964924206536,46.82894163265304,-79.3003824634987,2.323189218959959,89.25534795125326,85.97969614664713,28.6200008392334,53.068206056599315
0,2020-07-01,KO,44.93000030517578,45.529998779296875,44.709999084472656,40.587310791015625,14316500.0,2.0,-0.4032916411072378,44.750921337810794,38.92839956978197,46.685828847567855,-78.26138513586395,12.141321439276638,41.7871036529541,41.51812210083008,28.6200008392334,53.068206056599315
0,2020-07-01,MCD,184.9499969482422,186.44000244140625,183.72000122070312,171.66702270507812,2193800.0,2.0,-0.6812753665032574,186.9773179737711,164.84425642808435,49.656164292639595,-58.558104403085736,2.668794474925674,174.9766830444336,170.99026438395182,28.6200008392334,53.068206056599315
0,2020-07-01,MMM,156.33999633789062,157.8000030517578,155.30999755859375,136.0009307861328,1625600.0,2.0,0.4254548028461329,147.03181235530295,130.30670845768535,51.655338241482326,-12.105898127956738,7.434354412406072,137.31549326578775,132.1174207051595,28.6200008392334,53.068206056599315
0,2020-07-01,MRK,73.88359069824219,75.32442474365234,73.58778381347656,67.25943756103516,9948769.0,2.0,-0.37983039557066434,71.07287978698321,62.809833912357625,50.13723621702451,-1.1767359294947934,8.987585074670788,67.03116518656412,67.61967830657959,28.6200008392334,53.068206056599315
0,2020-07-01,MSFT,203.13999938964844,206.35000610351562,201.77000427246094,198.74891662597656,32061200.0,2.0,4.902409220104971,201.03449103976484,176.7525542483211,61.184884332200504,140.8123474743211,33.01514568936887,185.27633209228514,177.9971061706543,28.6200008392334,53.068206056599315
0,2020-07-01,NKE,98.5,98.72000122070312,97.11000061035156,94.34359741210938,5733800.0,2.0,0.6065808021004813,101.65606961145511,90.40675616369137,52.34780741260641,-25.384204437120747,10.077761305946396,95.58010075887044,90.10504989624023,28.6200008392334,53.068206056599315
0,2020-07-01,PG,119.6500015258789,120.38999938964844,118.9000015258789,110.75897216796875,6501200.0,2.0,0.5860621931718555,111.27648637770464,106.22208539963911,53.508510097981095,114.10724227827357,1.6578549539437155,107.86337509155274,107.7205098470052,28.6200008392334,53.068206056599315
0,2020-07-01,TRV,113.95999908447266,114.79000091552734,112.19999694824219,104.41730499267578,930500.0,2.0,1.4980212952378054,116.46437657809858,99.51338068508502,51.849248410092656,8.985501553725253,0.8667633442658161,104.39071350097656,98.0279603322347,28.6200008392334,53.068206056599315
0,2020-07-01,UNH,295.8299865722656,300.3999938964844,295.239990234375,284.36492919921875,2303800.0,2.0,0.37686901557827923,296.73331350986484,265.7148951082992,53.23658933886344,18.24443458386125,4.310079450641771,282.26429545084636,275.88038431803386,28.6200008392334,53.068206056599315
0,2020-07-01,V,193.85000610351562,195.35000610351562,192.66000366210938,189.47637939453125,6394100.0,2.0,1.0223700969027902,196.56637666089782,183.18620512621155,53.31964059784681,-7.437792888293837,6.305181659435465,189.76449432373047,180.309849802653,28.6200008392334,53.068206056599315
0,2020-07-01,VZ,55.09000015258789,55.33000183105469,54.58000183105469,45.198280334472656,12831600.0,2.0,-0.399610421510495,48.74116939777839,43.95127444987786,47.04127102886451,-54.216669761912364,7.954035128157259,46.161444727579756,46.543246777852374,28.6200008392334,53.068206056599315
0,2020-07-01,WBA,42.150001525878906,42.77000045776367,40.75,35.114601135253906,7063200.0,2.0,-0.17097530740453237,39.7202892834275,33.824539894428945,46.45703037040466,-56.45972493387558,9.84903163344521,36.53619893391927,36.29959278106689,28.6200008392334,53.068206056599315
0,2020-07-01,WMT,119.44999694824219,119.91999816894531,118.66000366210938,113.78933715820312,6577900.0,2.0,-0.8166165149592359,116.5830229410368,111.53374417932451,48.04068048769354,-68.36809089888702,3.8472714528634357,115.34183095296224,117.31437199910482,28.6200008392334,53.068206056599315
1,2020-07-02,AAPL,91.9625015258789,92.61750030517578,90.91000366210938,89.25041961669922,114041600.0,3.0,2.912099321912251,91.82342756809402,80.8222641128142,62.807127723485955,104.5414032820785,33.33560852538064,83.68973185221354,77.58255424499512,27.68000030517578,6.839026827872482
1,2020-07-02,AMGN,252.8699951171875,261.4599914550781,252.8699951171875,233.37295532226562,3338000.0,3.0,4.879393742095061,228.11440151900374,190.5778439643947,62.24284979632396,310.61643978958074,51.66958448767672,207.1841583251953,208.06550928751628,27.68000030517578,6.839026827872482
1,2020-07-02,AXP,96.7699966430664,97.29000091552734,93.8499984741211,90.33027648925781,4239700.0,3.0,-0.561018971838692,107.58058600935416,85.12311577287241,48.672280446327754,-67.02866441458272,2.0437437663523306,95.23501790364584,88.81591618855795,27.68000030517578,6.839026827872482
1,2020-07-02,BA,185.5800018310547,187.7899932861328,180.42999267578125,180.80999755859375,41792300.0,3.0,4.838368081568234,220.7471312750037,160.557870556051,51.02235900388252,17.93794948183391,15.932919876883023,178.05533447265626,156.26800079345702,27.68000030517578,6.839026827872482
1,2020-07-02,CAT,128.25,130.33999633789062,127.19000244140625,118.77948760986328,2527500.0,3.0,1.3080172184973122,126.84370507640229,110.11078939991607,53.812419489428656,50.54002828931843,16.81081049721791,116.40489705403645,110.53615239461263,27.68000030517578,6.839026827872482
1,2020-07-02,CRM,193.16000366210938,195.38999938964844,192.2899932861328,192.52999877929688,4200300.0,3.0,4.437455054636075,195.92066395219035,170.29933574263384,58.35378537774941,156.1620452522616,33.30449834273671,180.71133371988932,171.7394994099935,27.68000030517578,6.839026827872482
1,2020-07-02,CSCO,46.06999969482422,46.220001220703125,45.47999954223633,41.321556091308594,19632000.0,3.0,0.24569942262991162,43.44875778466417,39.30939346045302,52.998564039604425,-12.4160891244711,6.686251196972126,41.38552284240723,39.76583404541016,27.68000030517578,6.839026827872482
1,2020-07-02,CVX,89.37000274658203,90.36000061035156,88.16000366210938,76.50430297851562,5832800.0,3.0,-1.019566402880855,88.34251131566171,71.35925031153556,48.34484637552563,-81.61737942345553,9.086242134949156,80.17719268798828,77.97769088745117,27.68000030517578,6.839026827872482
1,2020-07-02,DIS,115.0,115.0999984741211,112.0,112.18000030517578,10312000.0,3.0,-1.021898500509451,126.3503420629089,106.19465763191532,48.67880018295087,-80.8398094981942,2.5133341962596605,117.37399978637696,111.56149978637696,27.68000030517578,6.839026827872482
1,2020-07-02,GS,202.5,203.0,197.1300048828125,182.5989990234375,2699400.0,3.0,0.3574132660681073,204.79152568513246,172.83786579435974,50.90713673857305,-29.57209629967157,8.630298368111589,187.1409678141276,175.99289932250977,27.68000030517578,6.839026827872482
1,2020-07-02,HD,251.94000244140625,252.3000030517578,247.9199981689453,230.08946228027344,3369800.0,3.0,2.1313078116434667,239.2938806002107,220.70817323279712,55.64501349233133,35.19796898841559,12.095169035684304,229.0891321818034,215.1960428873698,27.68000030517578,6.839026827872482
1,2020-07-02,HON,145.5800018310547,147.14999389648438,144.5500030517578,136.06936645507812,2758500.0,3.0,-0.22614409130051172,151.02524362136128,125.57212576340433,50.46216495279678,-24.934939894284653,0.8821599464758689,138.09976806640626,132.1461051940918,27.68000030517578,6.839026827872482
1,2020-07-02,IBM,114.42638397216797,116.08030700683594,114.01529693603516,97.31214904785156,3919362.0,3.0,-1.0044534161555987,108.79189359329573,91.11101091720232,48.338847906028114,-59.75633813387379,4.727901538628336,100.32013244628907,99.0243595123291,27.68000030517578,6.839026827872482
1,2020-07-02,INTC,59.189998626708984,59.810001373291016,58.970001220703125,53.59262466430664,15578600.0,3.0,-0.5047359960849391,58.13416750671864,51.1529166912794,49.21184100871793,-70.33038166361253,8.423667414942768,55.27058741251628,54.40726280212402,27.68000030517578,6.839026827872482
1,2020-07-02,JNJ,141.25,141.83999633789062,140.3300018310547,129.3144989013672,5152200.0,3.0,-1.4376009648624688,136.06014070725655,125.59507550978445,47.466222416848396,-77.87278739230659,12.403376390204086,132.04657262166342,133.88428243001303,27.68000030517578,6.839026827872482
1,2020-07-02,JPM,94.73999786376953,94.95999908447266,91.93000030517578,84.3057632446289,27845600.0,3.0,-1.1098215649538332,101.0133889702631,78.44818939887753,47.032662824994595,-89.9355631854286,5.9412668191169065,89.32241465250651,86.02359174092611,27.68000030517578,6.839026827872482
1,2020-07-02,KO,45.290000915527344,45.43000030517578,44.79999923706055,40.64165496826172,15111900.0,3.0,-0.3967709547999334,44.62560104656191,38.817498929024026,46.82847363019399,-75.17813543744742,12.141321439276622,41.769087600708005,41.49984099070231,27.68000030517578,6.839026827872482
1,2020-07-02,MCD,187.0,187.0,182.86000061035156,170.60720825195312,2690200.0,3.0,-0.7749265114166519,186.62129991188516,164.29666578635704,48.95293974053443,-68.52212317297027,5.2293908796743676,174.99649505615236,171.1311503092448,27.68000030517578,6.839026827872482
1,2020-07-02,MMM,157.6199951171875,158.8800048828125,156.4600067138672,137.40969848632812,1982800.0,3.0,0.4658043312474547,146.63495840699383,130.22143655150225,52.64226949755146,5.708338649816842,10.595340685581517,137.57303466796876,132.31954638163248,27.68000030517578,6.839026827872482
1,2020-07-02,MRK,74.97137451171875,75.67748260498047,74.63740539550781,67.82768249511719,6827825.0,3.0,-0.23048823984363764,70.80515003945109,62.89444216941121,51.0153326318398,21.2670646651578,11.401505077461339,67.10280876159668,67.63172512054443,27.68000030517578,6.839026827872482
1,2020-07-02,MSFT,205.67999267578125,208.02000427246094,205.0,200.2635498046875,29315800.0,3.0,5.153306503975443,201.95858619280395,178.094604419989,61.85018579229316,146.83838721591806,36.16339893714,185.94303436279296,178.69656346638996,27.68000030517578,6.839026827872482
1,2020-07-02,NKE,98.77999877929688,99.66000366210938,98.0199966430664,95.3412857055664,5354900.0,3.0,0.5890166662259588,101.43904672284864,90.34772390703418,53.155474212230565,-4.190796419750938,5.73757209606098,95.76450373331706,90.33880093892415,27.68000030517578,6.839026827872482
1,2020-07-02,PG,121.0,122.56999969482422,120.52999877929688,111.58980560302734,6150900.0,3.0,0.7548222828527997,111.67865945246966,106.26579168888777,54.41337608587847,169.782417283426,14.814465515597695,108.097238667806,107.85678291320801,27.68000030517578,6.839026827872482
1,2020-07-02,TRV,115.04000091552734,116.0,112.18000030517578,104.38019561767578,1040300.0,3.0,1.2825479127564705,116.38404662058466,99.15224412038214,51.82112866016292,7.0683246546282295,3.32782975196047,104.93382085164389,98.21899375915527,27.68000030517578,6.839026827872482
1,2020-07-02,UNH,300.5,303.0799865722656,297.17999267578125,284.8711242675781,1971700.0,3.0,0.723164662322688,296.8579869377318,265.72950695875255,53.39565077303708,32.040905318377426,8.329339408741168,282.6305816650391,276.69674453735354,27.68000030517578,6.839026827872482
1,2020-07-02,V,196.0,197.9199981689453,195.0,191.3243865966797,6299300.0,3.0,1.1454419188399072,196.6909340004291,183.26013564068418,54.25162576203355,59.15711876866312,12.858677438516953,189.8234878540039,180.75575205485026,27.68000030517578,6.839026827872482
1,2020-07-02,VZ,55.04999923706055,55.40999984741211,54.7400016784668,45.29749298095703,15814500.0,3.0,-0.3903794863276602,48.639661515733216,43.851883207777526,47.353143420115686,-49.31791705501663,6.786684716027594,46.17605044047038,46.52142448425293,27.68000030517578,6.839026827872482
1,2020-07-02,WBA,41.310001373291016,42.33000183105469,41.2599983215332,36.059471130371094,7901100.0,3.0,-0.16623027781881206,39.58543223410137,33.76870556802266,48.34875707677119,-42.01370586438088,9.84903163344522,36.58888231913249,36.294580141703285,27.68000030517578,6.839026827872482
1,2020-07-02,WMT,120.08999633789062,120.87999725341797,118.86000061035156,113.3330078125,5898600.0,3.0,-0.8023458834639001,116.27331663335232,111.56774781977268,47.39458803532382,-55.61509306640851,3.268367185611437,115.14408569335937,117.27878837585449,27.68000030517578,6.839026827872482
2,2020-07-06,AAPL,92.5,93.94499969482422,92.46749877929688,91.63790130615234,118655600.0,0.0,3.006242930182566,92.28861757268952,81.39515623102143,65.03523219676731,124.27392322195901,39.0433506831547,84.15545934041342,78.02580502827962,27.940000534057617,21.870192184118086
2,2020-07-06,AMGN,260.0299987792969,264.9700012207031,253.89999389648438,231.57455444335938,3460400.0,0.0,5.768082343729304,231.7535000748382,189.70227690270087,61.23770274549756,260.1349345099348,54.644563327720974,208.13214518229168,208.6458938598633,27.940000534057617,21.870192184118086
2,2020-07-06,AXP,96.51000213623047,97.9000015258789,95.83999633789062,92.48486328125,4059600.0,0.0,-0.5240970830797096,106.39279388369656,85.09912582455539,50.023336319102455,-49.17553751872674,0.059844979422555004,95.46342849731445,88.89437383015951,27.940000534057617,21.870192184118086
2,2020-07-06,BA,184.52000427246094,189.36000061035156,181.60000610351562,187.91000366210938,49471700.0,0.0,4.875746186041653,219.06925866542457,160.48374426426295,52.425929428634305,26.159055610850288,17.29185441534329,179.6856679280599,156.9520009358724,27.940000534057617,21.870192184118086
2,2020-07-06,CAT,130.1300048828125,130.5,128.1699981689453,120.3697738647461,2491900.0,0.0,1.4759260472029894,125.93217480683077,110.49314715361845,54.780574089627585,60.65735622674478,17.22517008230349,116.88136596679688,110.58558133443196,27.940000534057617,21.870192184118086
2,2020-07-06,CRM,194.44000244140625,199.4499969482422,193.83999633789062,197.72000122070312,5794200.0,0.0,4.993005935703991,197.90833995989894,170.69565936871433,60.335165508204774,176.28594279527948,39.219736094481824,181.46000061035156,172.51616617838542,27.940000534057617,21.870192184118086
2,2020-07-06,CSCO,46.06999969482422,46.4900016784668,45.869998931884766,42.036956787109375,16152900.0,0.0,0.28934010447530767,43.288950955662884,39.37536712905391,54.613276096293724,23.595964285106362,9.647221996305348,41.449785741170246,39.841393025716144,27.940000534057617,21.870192184118086
2,2020-07-06,CVX,89.5,90.25,87.81999969482422,76.72955322265625,6747500.0,0.0,-1.0095071151964419,87.14302806010917,71.49836521992012,48.54311194020956,-78.92372159041099,10.444399148163784,80.07698923746744,78.03304837544759,27.940000534057617,21.870192184118086
2,2020-07-06,DIS,113.83000183105469,114.52999877929688,112.9000015258789,114.43000030517578,11933400.0,0.0,-0.871457361541971,125.01368348607056,106.4923162697888,50.25660455270069,-60.58688222741723,2.5133341962596587,117.26066640218099,111.78416646321615,27.940000534057617,21.870192184118086
2,2020-07-06,GS,201.33999633789062,207.7899932861328,201.1300048828125,191.81224060058594,3567700.0,0.0,0.9193215101901728,203.22051800747465,173.43205462436129,53.952642751932565,21.52866032191846,15.52620065637057,188.01600138346353,176.47852427164713,27.940000534057617,21.870192184118086
2,2020-07-06,HD,250.27000427246094,251.5,247.0399932861328,231.0616455078125,3133800.0,0.0,2.1291194293490037,238.62580947510074,220.88087997802424,56.05974879537258,26.594477200759904,9.8982391586564,229.40084940592448,216.05847549438477,27.940000534057617,21.870192184118086
2,2020-07-06,HON,147.25,148.3000030517578,146.1300048828125,138.13352966308594,2336700.0,0.0,0.005693391116892599,148.76694381904954,126.50275680350907,51.598856058219724,-6.2793885845595225,2.403544950843213,138.3978271484375,132.28667729695638,27.940000534057617,21.870192184118086
2,2020-07-06,IBM,115.91778564453125,116.49139404296875,114.20649719238281,97.71050262451172,4231488.0,0.0,-0.9418418666299431,107.63437147518358,91.3035405121211,48.70134307971593,-53.808245902504005,2.960902509614802,100.34912770589193,99.05794359842936,27.940000534057617,21.870192184118086
2,2020-07-06,INTC,58.720001220703125,59.619998931884766,58.599998474121094,53.964229583740234,20536700.0,0.0,-0.45517635631882314,57.46657814983803,51.38545699115318,49.85692057743407,-68.77727226991102,11.564145038619033,55.19687054951986,54.4207265218099,27.940000534057617,21.870192184118086
2,2020-07-06,JNJ,142.1699981689453,143.77000427246094,141.8800048828125,131.15829467773438,6156400.0,0.0,-1.2025466433944985,135.46229318163552,125.79664007642111,49.63686055747045,-28.05050620696519,1.77336994311351,131.96340154012043,133.89507980346679,27.940000534057617,21.870192184118086
2,2020-07-06,JPM,94.43000030517578,95.19999694824219,93.4800033569336,86.43478393554688,18625300.0,0.0,-1.0152456184859773,99.25882468833264,78.82374672280018,48.62100303837409,-73.07377867538354,5.033875157056467,89.4952901204427,86.04800631205241,27.940000534057617,21.870192184118086
2,2020-07-06,KO,45.13999938964844,45.27000045776367,44.61000061035156,40.95859146118164,15146000.0,0.0,-0.3618578654681315,44.270494863465274,38.8630798130484,47.673130789384935,-74.68049583302393,14.158309681683418,41.78317413330078,41.467248598734535,27.940000534057617,21.870192184118086
2,2020-07-06,MCD,186.0,188.72000122070312,184.13999938964844,175.23680114746094,3171500.0,0.0,-0.4701565904231302,185.5932086283402,164.51968962605432,52.02328746745872,-25.21844208158911,0.37405491079296493,175.1404591878255,171.31995290120443,27.940000534057617,21.870192184118086
2,2020-07-06,MMM,158.8699951171875,159.9600067138672,157.0500030517578,138.33721923828125,2099500.0,0.0,0.5660991575723813,145.30055959491847,130.74121134014013,53.29171071009535,16.413266155563132,13.744000793664679,137.9314921061198,132.47373898824057,27.940000534057617,21.870192184118086
2,2020-07-06,MRK,75.61068725585938,76.35496520996094,75.28626251220703,68.51647186279297,8058282.0,0.0,-0.05590947038714944,70.46929548381058,63.05540887715133,52.07364620317165,42.64056724236719,15.972988125336446,67.20709317525228,67.61168829600017,27.940000534057617,21.870192184118086
2,2020-07-06,MSFT,208.8300018310547,211.1300048828125,208.08999633789062,204.57452392578125,31897600.0,0.0,5.6350466818646225,204.09236669645307,178.2425103177071,63.68300129248753,163.572121713029,41.625093579265545,186.8256093343099,179.44140497843424,27.940000534057617,21.870192184118086
2,2020-07-06,NKE,99.62000274658203,100.02999877929688,99.04000091552734,96.8135757446289,4995000.0,0.0,0.685990788913557,101.06430836829794,90.45512369957315,54.33697966672067,20.31118305679639,4.012038616757442,95.95579121907552,90.57873229980468,27.940000534057617,21.870192184118086
2,2020-07-06,PG,121.7699966430664,122.41000366210938,120.87999725341797,112.28218078613281,6023300.0,0.0,0.9336719713365653,112.20982531756066,106.03926449567176,55.1656439690779,176.96244040009344,14.814465515597695,108.40526224772135,107.9689842224121,27.940000534057617,21.870192184118086
2,2020-07-06,TRV,115.26000213623047,116.37999725341797,113.33000183105469,106.3386001586914,1329600.0,0.0,1.2553398082409046,115.3483539814308,99.35592305714341,53.20659401665533,18.319427870161253,4.658839687478573,105.43064778645834,98.37874247233073,27.940000534057617,21.870192184118086
2,2020-07-06,UNH,303.0,303.489990234375,299.3299865722656,289.21685791015625,2395000.0,0.0,1.3329059335408715,295.26949204306277,266.58231459756223,54.76221026851559,50.8969560259537,8.954735394785713,283.17596028645835,277.27185821533203,27.940000534057617,21.870192184118086
2,2020-07-06,V,198.72999572753906,199.17999267578125,195.67999267578125,193.36798095703125,7292200.0,0.0,1.3918340141310637,196.34956573538238,183.42061401315277,55.2731700946074,91.98064598453426,15.940070067704434,190.05620269775392,181.13240458170574,27.940000534057617,21.870192184118086
2,2020-07-06,VZ,55.349998474121094,55.43000030517578,54.90999984741211,45.66953659057617,11231100.0,0.0,-0.3490198105728908,48.44196361516415,43.8428947069794,48.528993913688346,-40.969390942339395,6.478968340136708,46.211049779256186,46.49462426503499,27.940000534057617,21.870192184118086
2,2020-07-06,WBA,42.650001525878906,43.810001373291016,42.630001068115234,37.07305145263672,8235600.0,0.0,-0.07976288958295186,39.29644277394205,33.86958162486167,50.29745247281408,27.114109373745908,3.8029449833706828,36.68651809692383,36.30249678293864,27.940000534057617,21.870192184118086
2,2020-07-06,WMT,119.80000305175781,119.87000274658203,118.22000122070312,113.02877807617188,7231700.0,0.0,-0.8062906852363056,116.04403440916217,111.54319474733198,46.95902490835323,-75.55866638890782,1.5395085106930964,114.95077641805013,117.24050051371256,27.940000534057617,21.870192184118086
3,2020-07-07,AAPL,93.85250091552734,94.65499877929688,93.05750274658203,91.35356903076172,112424400.0,1.0,3.023061211785617,92.56613008402573,82.0792487917067,64.55875693290086,121.47958018949247,41.887966711046936,84.59504063924153,78.45649426778158,29.43000030517578,61.11903621438362
3,2020-07-07,AMGN,253.60000610351562,258.9100036621094,252.08999633789062,228.7730712890625,2365900.0,1.0,6.175135072373735,234.20734563869829,189.72458337741497,59.684505888958476,194.3700989638862,49.56951934479217,208.93704528808593,209.1942476908366,29.43000030517578,61.11903621438362
3,2020-07-07,AXP,95.44000244140625,95.5199966430664,92.62999725341797,89.06625366210938,5564200.0,1.0,-0.761906660273155,104.01933045993799,85.54335569728856,47.951605773787435,-100.02190218995142,10.33752531357627,95.59377314249674,88.8723217010498,29.43000030517578,61.11903621438362
3,2020-07-07,BA,185.07000732421875,185.07000732421875,178.64999389648438,178.8800048828125,37105300.0,1.0,4.129125183664769,209.68718824789636,164.7038151700724,50.52107769531193,-0.642133025955709,13.603356297224359,181.06400146484376,157.4026677449544,29.43000030517578,61.11903621438362
3,2020-07-07,CAT,127.73999786376953,128.75,126.80000305175781,118.29589080810547,2018100.0,1.0,1.4252209136397909,123.89511768453248,111.55184352762573,53.27407918366101,26.23138724760062,12.113968444594612,117.33799540201822,110.63684641520182,29.43000030517578,61.11903621438362
3,2020-07-07,CRM,197.66000366210938,200.22000122070312,196.2100067138672,196.3800048828125,5431500.0,1.0,5.264471950205177,199.40212098793816,171.1848785237806,59.57809179682636,162.47913209490193,40.293304581317344,182.07766723632812,173.21333287556965,29.43000030517578,61.11903621438362
3,2020-07-07,CSCO,46.119998931884766,46.290000915527344,45.560001373291016,41.321556091308594,17102800.0,1.0,0.263165197373219,42.9737956600883,39.49819492523885,52.73897689998209,-16.941652445005843,5.537132795139957,41.482414881388344,39.91311511993408,29.43000030517578,61.11903621438362
3,2020-07-07,CVX,87.81999969482422,88.08000183105469,86.1500015258789,74.77167510986328,5898000.0,1.0,-1.146305561305283,85.04723401330818,72.12748751379144,46.92365608258077,-117.2069545408279,16.95789897695919,79.96234715779623,78.07953809102376,29.43000030517578,61.11903621438362
3,2020-07-07,DIS,113.62999725341797,115.08000183105469,112.61000061035156,113.62999725341797,10836500.0,1.0,-0.8074771415618756,122.60540871550795,107.53559088776355,49.694653610573326,-59.94307757939862,0.4048923254338955,117.11433308919271,111.93633308410645,29.43000030517578,61.11903621438362
3,2020-07-07,GS,205.5,205.7100067138672,199.19000244140625,184.41207885742188,2853500.0,1.0,0.7587601206865315,200.2768612560296,174.39154542121648,51.307935250240675,-29.925419645339634,11.870785994096646,188.64957173665366,176.7289680480957,29.43000030517578,61.11903621438362
3,2020-07-07,HD,247.3699951171875,250.77999877929688,247.07000732421875,229.02464294433594,2927800.0,1.0,1.940645484546394,237.35342116885732,221.28105911678722,54.94614050870835,3.7082496149447794,9.898239158656393,229.61398620605468,216.784024810791,29.43000030517578,61.11903621438362
3,2020-07-07,HON,146.0,146.10000610351562,144.25999450683594,136.02239990234375,2622000.0,1.0,0.018858350659741063,145.31652538662797,128.26896197909468,50.375868228418945,-43.8688444980113,3.083258478816473,138.57891489664715,132.32717539469402,29.43000030517578,61.11903621438362
3,2020-07-07,IBM,113.76673126220703,114.25430297851562,112.17017364501953,95.58866119384766,4474893.0,1.0,-1.0513176970359837,105.25526156674593,92.20548825014859,46.88845286201575,-95.23271424522807,10.919444699964167,100.32717742919922,99.02661577860515,29.43000030517578,61.11903621438362
3,2020-07-07,INTC,59.06999969482422,59.56999969482422,58.13999938964844,52.84941482543945,15996500.0,1.0,-0.5000914756107449,56.8762470607152,51.48998333174086,47.96618621525486,-86.37506854458243,15.418940106498983,55.07753397623698,54.44324855804443,29.43000030517578,61.11903621438362
3,2020-07-07,JNJ,141.38999938964844,143.97000122070312,141.22999572753906,131.03903198242188,5622600.0,1.0,-1.0141968727149617,134.90812592751575,125.99121870749399,49.500002905611886,-31.07571716990755,5.00757261635887,131.91692377726238,133.93471196492513,29.43000030517578,61.11903621438362
3,2020-07-07,JPM,93.81999969482422,94.0999984741211,92.0,83.99640655517578,25757200.0,1.0,-1.1240923389924973,96.47644754678447,79.78324636190695,46.95282865394375,-104.8161496932282,10.109200487734322,89.60791091918945,85.90473200480143,29.43000030517578,61.11903621438362
3,2020-07-07,KO,45.0,45.5,44.79999923706055,40.940486907958984,13043600.0,1.0,-0.33182480695564465,43.64122442230716,39.11281076446042,47.62842061734178,-67.82058429046734,10.86484684927698,41.80084495544433,41.41670551300049,29.43000030517578,61.11903621438362
3,2020-07-07,MCD,187.3699951171875,187.85000610351562,185.25,172.74537658691406,2399600.0,1.0,-0.4247649467206429,182.767466696578,165.78085178486734,50.337748456669466,-41.172092853679494,0.3740549107929643,175.2220021565755,171.37165120442708,29.43000030517578,61.11903621438362
3,2020-07-07,MMM,156.0800018310547,157.10000610351562,154.69000244140625,135.4672393798828,1571700.0,1.0,0.4092821905464916,143.79894483470824,131.18845598316287,51.05077314241268,-49.89684414992873,5.098071202503964,138.17590942382813,132.59757143656412,29.43000030517578,61.11903621438362
3,2020-07-07,MRK,75.38167572021484,76.03053283691406,74.9904556274414,67.77603912353516,6956414.0,1.0,0.022440053210758037,69.83671623360549,63.38438934195604,50.85189224215824,23.060857635571992,13.245728861868592,67.29182141621908,67.56692549387614,29.43000030517578,61.11903621438362
3,2020-07-07,MSFT,210.4499969482422,214.6699981689453,207.99000549316406,202.19569396972656,33600700.0,1.0,5.758497175945877,205.33481773963172,178.93123145470423,61.983148951279624,153.2128807501048,47.129112531497164,187.6263005574544,180.14643783569335,29.43000030517578,61.11903621438362
3,2020-07-07,NKE,99.22000122070312,99.55000305175781,96.91999816894531,94.02395629882812,6352900.0,1.0,0.5316163618509222,100.14698279291102,90.67310692876868,51.77726905442798,-45.94934917681832,12.734531199639736,96.0705172220866,90.748175684611,29.43000030517578,61.11903621438362
3,2020-07-07,PG,121.30000305175781,123.25,120.88999938964844,112.82683563232422,6866300.0,1.0,1.106604484558929,112.76195883436169,105.77976937608751,55.7597389827728,188.02484159275667,19.55318939604264,108.70128453572592,108.09698766072592,29.43000030517578,61.11903621438362
3,2020-07-07,TRV,113.58999633789062,113.81999969482422,111.9800033569336,104.39875030517578,1222600.0,1.0,1.0649711932176018,112.98712264380366,100.3555523745069,51.683659359048,-24.011588864883812,0.5415743884135781,105.83423156738282,98.43240102132161,29.43000030517578,61.11903621438362
3,2020-07-07,UNH,300.6600036621094,303.55999755859375,295.95001220703125,283.3334045410156,2075700.0,1.0,1.3260983310192955,293.3349929529248,267.41817171992676,52.60199619985642,16.709147635184124,2.775916668119932,283.4291717529297,277.8075589497884,29.43000030517578,61.11903621438362
3,2020-07-07,V,196.80999755859375,198.89999389648438,193.80999755859375,189.88702392578125,7660100.0,1.0,1.2913317157650681,195.58953478552667,183.65263745568427,53.180683464394725,31.382457206647363,9.781396840846352,190.1650629679362,181.47137730916342,29.43000030517578,61.11903621438362
3,2020-07-07,VZ,54.91999816894531,55.33000183105469,54.79999923706055,45.50417709350586,13319700.0,1.0,-0.3258291434592522,48.15175764166046,43.88094232477021,48.035703848282424,-53.02398996406709,8.036961943780744,46.23695449829101,46.46155433654785,29.43000030517578,61.11903621438362
3,2020-07-07,WBA,42.77000045776367,42.880001068115234,42.119998931884766,36.265625,5140200.0,1.0,-0.07551889343091744,38.41546789148645,34.338252582756716,48.78082004008472,-24.49105497272302,0.7411024917158748,36.76153450012207,36.28435789744059,29.43000030517578,61.11903621438362
3,2020-07-07,WMT,118.44999694824219,127.55000305175781,118.22000122070312,120.69142150878906,31152700.0,1.0,-0.18892784088640724,117.84875130239732,110.2813268226027,57.20618596483366,125.35617238738203,36.42718280549417,115.03380406697592,117.3305544535319,29.43000030517578,61.11903621438362
4,2020-07-08,AAPL,94.18000030517578,95.375,94.08999633789062,93.481201171875,117092000.0,2.0,3.1715127290074747,93.49875237892206,82.062883973617,66.46087317709757,134.30692539684276,44.68614653601114,85.12319157918294,78.90121320088704,28.079999923706055,19.125997523881654
4,2020-07-08,AMGN,253.14999389648438,253.97999572753906,249.25,227.36329650878906,1993700.0,2.0,6.311218451975037,236.02909662386622,190.31482427457127,58.90672464361468,150.34515287321227,41.76616664298219,209.81635131835938,209.71820856730145,28.079999923706055,19.125997523881654
4,2020-07-08,AXP,91.97000122070312,93.0999984741211,90.70999908447266,88.96090698242188,6382100.0,2.0,-0.9479457318354321,102.11161232640261,85.81730765650754,47.888381278455135,-120.8285505350412,15.92348731710896,95.56204528808594,88.9198506673177,28.079999923706055,19.125997523881654
4,2020-07-08,BA,179.0500030517578,181.5800018310547,175.50999450683594,180.0800018310547,38116200.0,2.0,3.592836403500826,203.21255337434417,167.51244967741366,50.76699387300905,-14.843762880676236,9.678945809920915,182.2423350016276,157.94850107828776,28.079999923706055,19.125997523881654
4,2020-07-08,CAT,129.3300018310547,129.3300018310547,126.47000122070312,119.16079711914062,2279500.0,2.0,1.4382482108607064,122.7007075063643,112.18267338352828,53.82195819103367,28.643738345272215,13.814598665273135,117.67031529744466,110.86978607177734,28.079999923706055,19.125997523881654
4,2020-07-08,CRM,198.0,201.1999969482422,197.35000610351562,200.27999877929688,4233700.0,2.0,5.728275640486032,201.24642521137824,171.9125744224108,61.04960151760635,162.419994340168,41.694414090796805,182.86966705322266,174.00966618855793,28.079999923706055,19.125997523881654
4,2020-07-08,CSCO,45.59000015258789,46.06999969482422,45.31999969482422,41.484554290771484,15020800.0,2.0,0.2526614633059552,42.639221285504085,39.66392889149787,53.11820596713933,-29.198924422893295,2.3616441162544977,41.522274525960285,39.98725446065267,28.079999923706055,19.125997523881654
4,2020-07-08,CVX,86.38999938964844,87.80000305175781,85.88999938964844,74.80632019042969,6736400.0,2.0,-1.2376568096780716,82.87321669264196,72.98643601731897,46.95604948325846,-113.05309881385256,17.951059048281685,79.76165084838867,78.11806729634603,28.079999923706055,19.125997523881654
4,2020-07-08,DIS,113.4800033569336,117.12999725341797,112.80999755859375,116.66000366210938,13629500.0,2.0,-0.5064382569347146,121.06360640491052,108.35439362560707,51.806064758632616,-25.937243295670278,7.199800412858169,116.97133331298828,112.15566647847494,28.079999923706055,19.125997523881654
4,2020-07-08,GS,199.5399932861328,203.25,199.02000427246094,187.0853729248047,2789700.0,2.0,0.8375715488644744,197.62521246301216,175.57703515661674,52.18386281358512,-34.90639142509115,11.540193328178876,188.87798817952475,177.10179901123047,28.079999923706055,19.125997523881654
4,2020-07-08,HD,247.8699951171875,249.7899932861328,246.22000122070312,230.70980834960938,2294000.0,2.0,1.905294244058524,236.00446548961472,221.92724379993606,55.69926446059415,-0.6176630446609453,7.5712735570121215,229.86488647460936,217.57969182332357,28.079999923706055,19.125997523881654
4,2020-07-08,HON,144.42999267578125,145.92999267578125,143.91000366210938,136.60415649414062,3587800.0,2.0,0.07536580092175882,142.77325504236686,129.63844539708626,50.70891107971011,-43.72973297568553,4.111153747738869,138.5992446899414,132.46259409586588,28.079999923706055,19.125997523881654
4,2020-07-08,IBM,112.86807250976562,113.42256164550781,111.35755157470703,95.6943359375,5431669.0,2.0,-1.1166786364982357,103.44596299163997,92.86362410552799,46.99011727219731,-99.09568429382686,13.930653062460351,100.21742630004883,99.00172907511393,28.079999923706055,19.125997523881654
4,2020-07-08,INTC,58.45000076293945,58.70000076293945,57.93000030517578,53.12131881713867,13277900.0,2.0,-0.5078919888166027,56.32422308754732,51.640492107154834,48.45934990053851,-92.87996112497169,17.180628035971342,54.96484400431315,54.446869659423825,28.079999923706055,19.125997523881654
4,2020-07-08,JNJ,142.8699951171875,143.38999938964844,141.6999969482422,131.42433166503906,6257400.0,2.0,-0.8243354324271479,134.51188258390306,126.14070301790359,49.96109730211757,-26.691450790926318,5.007572616358871,131.87747980753582,134.0029333750407,28.079999923706055,19.125997523881654
4,2020-07-08,JPM,92.29000091552734,93.33999633789062,91.80000305175781,84.88806915283203,18762200.0,2.0,-1.1254311596447621,93.86603864254985,80.92215029177632,47.632505098498235,-102.73622511132038,10.79784466800885,89.55952911376953,85.84494908650716,28.079999923706055,19.125997523881654
4,2020-07-08,KO,45.13999938964844,45.18000030517578,44.470001220703125,40.81371307373047,13851200.0,2.0,-0.3146261660429488,43.13464989129415,39.30344939764628,47.30703718332871,-77.99674363449748,14.641774524231929,41.78258158365885,41.39501012166341,28.079999923706055,19.125997523881654
4,2020-07-08,MCD,185.5,187.22999572753906,184.75,172.77328491210938,2776400.0,2.0,-0.3821347617903257,180.30718455137637,166.9703224676666,50.356387073775196,-47.728171540738586,1.3705353164735639,175.2912373860677,171.4789161682129,28.079999923706055,19.125997523881654
4,2020-07-08,MMM,155.07000732421875,155.60000610351562,153.8699951171875,135.2572021484375,1662000.0,2.0,0.2650006031539647,141.95161968107507,131.97528308992102,50.888766540384545,-73.12978857119883,2.2123402438519473,138.2488255818685,132.73783073425292,28.079999923706055,19.125997523881654
4,2020-07-08,MRK,75.02862548828125,75.34351348876953,73.9312973022461,67.08723449707031,8211394.0,2.0,0.028621902884736983,69.19710370287164,63.70619028821723,49.72907304196263,-8.528203619267508,3.894307356794244,67.32824872334798,67.53844356536865,28.079999923706055,19.125997523881654
4,2020-07-08,MSFT,210.07000732421875,213.25999450683594,208.69000244140625,206.642578125,33600000.0,2.0,6.144330946647358,207.40624598127337,179.09584905046492,63.84919076931407,152.108570324979,47.129112531497164,188.63800760904948,180.91961542765299,28.079999923706055,19.125997523881654
4,2020-07-08,NKE,97.5,98.9800033569336,96.95999908447266,95.7384033203125,5634600.0,2.0,0.5413744351043022,99.57987341473817,90.87310815264463,53.17954463841063,-35.31416286456787,12.73453119963974,96.14995752970377,90.9837142944336,28.079999923706055,19.125997523881654
4,2020-07-08,PG,122.1500015258789,123.23999786376953,122.0,113.44532775878906,6494100.0,2.0,1.2788204467780986,113.439484480317,105.522274705474,56.437833913183795,201.40775119858083,19.553189396042644,109.035462697347,108.21558354695638,28.079999923706055,19.125997523881654
4,2020-07-08,TRV,111.91999816894531,113.77999877929688,111.5,105.04845428466797,1591200.0,2.0,0.9555138072389724,110.47620992000554,101.73040476505304,52.15811407723744,-31.02726849173713,2.3851151679488374,106.15928293863932,98.54790496826172,28.079999923706055,19.125997523881654
4,2020-07-08,UNH,297.3500061035156,300.8699951171875,295.67999267578125,284.96661376953125,1987400.0,2.0,1.4359370044692241,291.41302662722825,268.4304944909358,53.13290100999872,10.806638711294395,2.2805828196520923,283.5799062093099,278.38030598958335,28.079999923706055,19.125997523881654
4,2020-07-08,V,195.0800018310547,195.52000427246094,193.1199951171875,190.73773193359375,8368000.0,2.0,1.2657373149247348,194.93689400335967,183.91318686822234,53.6245390331798,-2.360814440304885,7.528450534346086,190.22536061604816,181.90099436442057,28.079999923706055,19.125997523881654
4,2020-07-08,VZ,55.11000061035156,55.439998626708984,54.81999969482422,45.785274505615234,15320800.0,2.0,-0.2815229395585419,47.870916734099445,43.95674973928923,48.94826618148851,-46.04762071463863,6.146744806105142,46.266717529296876,46.443779182434085,28.079999923706055,19.125997523881654
4,2020-07-08,WBA,43.47999954223633,43.47999954223633,41.939998626708984,36.325748443603516,7448300.0,2.0,-0.06653703891116436,37.90768332429783,34.58920540861232,48.89951260717344,-16.593743492940625,4.515531817593624,36.76525662740072,36.265380732218425,28.079999923706055,19.125997523881654
4,2020-07-08,WMT,128.0,128.1300048828125,124.4000015258789,118.30517578125,17405700.0,2.0,0.10655823657420171,118.41353060118712,110.01031583435974,53.85442339451141,176.08357013089545,38.28993682284057,115.05218454996745,117.32562294006348,28.079999923706055,19.125997523881654
5,2020-07-09,AAPL,96.26249694824219,96.31749725341797,94.67250061035156,93.88319396972656,125642800.0,3.0,3.283746104106683,94.44398814249317,81.85717381429393,66.80904438313013,138.22580743424209,48.177836286966816,85.65346730550131,79.29640680948893,29.260000228881836,38.690756963723985
5,2020-07-09,AMGN,250.25,253.8300018310547,248.83999633789062,227.42657470703125,1739600.0,3.0,6.350961600502785,237.66533289799705,190.89628209223733,58.931574937934855,134.56148929343345,40.63386612337308,210.6251678466797,210.1156105041504,29.260000228881836,38.690756963723985
5,2020-07-09,AXP,92.51000213623047,93.20999908447266,89.58000183105469,86.72969818115234,4484500.0,3.0,-1.2608882053050081,101.25166839007979,85.23027130718584,46.543801164003426,-126.36685807657993,19.094553346046627,95.23637288411459,88.96101531982421,29.260000228881836,38.690756963723985
5,2020-07-09,BA,179.6699981689453,180.75,172.80999755859375,173.27999877929688,33514500.0,3.0,2.5892727407991174,200.32510694734412,167.38689561613245,49.32975791181753,-39.040014363873844,6.303521887803456,183.03433481852213,158.48650105794272,29.260000228881836,38.690756963723985
5,2020-07-09,CAT,127.54000091552734,128.35000610351562,125.12000274658203,116.92880249023438,2663500.0,3.0,1.2540136361682102,121.64595941039732,112.61339270141909,52.18835076054673,-4.657937100392945,8.586618219482895,117.77292556762696,111.02958577473959,29.260000228881836,38.690756963723985
5,2020-07-09,CRM,202.02000427246094,202.82000732421875,195.63999938964844,200.74000549316406,6062800.0,3.0,6.063070797903578,203.30553867332875,171.71746089942516,61.22185059455478,147.8145864245962,35.75239719706986,183.67433369954426,174.72683283487956,29.260000228881836,38.690756963723985
5,2020-07-09,CSCO,46.599998474121094,47.20000076293945,46.220001220703125,42.2905158996582,26027700.0,3.0,0.3058459428703628,42.56377699118098,39.70773523110906,54.96657335736001,57.301560600769136,15.203080997383655,41.55545539855957,40.05146547953288,29.260000228881836,38.690756963723985
5,2020-07-09,CVX,85.97000122070312,86.31999969482422,82.69000244140625,71.6789321899414,8833600.0,3.0,-1.5446021945141837,81.94945387565848,72.6245863465095,44.42419601701686,-155.81877886902328,29.105988270154477,79.4393809000651,78.1087422688802,29.260000228881836,38.690756963723985
5,2020-07-09,DIS,116.51000213623047,117.8499984741211,115.37999725341797,116.80999755859375,13582900.0,3.0,-0.25284487972170666,119.84938837383515,109.03161138202421,51.90942937419445,-1.9303382735154497,9.765716262590116,116.81399993896484,112.33533312479655,29.260000228881836,38.690756963723985
5,2020-07-09,GS,202.11000061035156,202.5,195.0,182.07176208496094,3160100.0,3.0,0.4898272555250287,195.7430896567961,175.91529504779373,50.42401713329203,-71.40649556012536,3.7872518662097314,188.52254689534504,177.4056251525879,29.260000228881836,38.690756963723985
5,2020-07-09,HD,249.66000366210938,250.50999450683594,246.35000610351562,229.58946228027344,2994700.0,3.0,1.7665123122870057,234.98852124141467,222.34226946903453,55.06619344206612,-5.572208963045282,9.310008864958549,229.92872060139973,218.2281354268392,29.260000228881836,38.690756963723985
5,2020-07-09,HON,144.74000549316406,145.52000427246094,141.3300018310547,132.6446075439453,3167200.0,3.0,-0.19708230445459662,141.0329313454008,130.18246324688437,48.42085176024649,-76.9678634190529,11.50697066219648,138.373432413737,132.49088236490886,29.260000228881836,38.690756963723985
5,2020-07-09,IBM,112.81070709228516,112.81070709228516,110.13384246826172,94.06842041015625,4982098.0,3.0,-1.284864330434857,101.88151748893628,93.27690841438402,45.60079673406686,-111.26682199921154,18.372345515310045,99.95104446411133,98.912841796875,29.260000228881836,38.690756963723985
5,2020-07-09,INTC,58.20000076293945,58.75,57.70000076293945,52.94911575317383,20683700.0,3.0,-0.5219525556751776,55.23192829266141,52.238825186342495,48.160300342075736,-92.92392833247644,19.15213217324034,54.80955556233724,54.41817932128906,29.260000228881836,38.690756963723985
5,2020-07-09,JNJ,142.75999450683594,144.42999267578125,140.5800018310547,130.7088165283203,5738600.0,3.0,-0.7232675863282054,133.47241306751167,126.69307536632623,49.099861277426506,-31.992184680402854,10.79081764921436,131.80409418741863,133.96418164571125,29.260000228881836,38.690756963723985
5,2020-07-09,JPM,93.5199966430664,94.12000274658203,90.77999877929688,83.05018615722656,25600800.0,3.0,-1.2602664158206807,92.2591241688247,81.27744504504248,46.36579206829246,-106.7672906527247,14.374088834593293,89.28318837483724,85.7949323018392,29.260000228881836,38.690756963723985
5,2020-07-09,KO,45.04999923706055,45.04999923706055,43.83000183105469,39.76325225830078,16087100.0,3.0,-0.3813634079713424,42.67858601797167,39.37263239633498,44.720394607429604,-104.35720433747166,21.534636336295463,41.710158284505205,41.32604293823242,29.260000228881836,38.690756963723985
5,2020-07-09,MCD,186.22000122070312,186.58999633789062,182.6199951171875,171.3602294921875,2333500.0,3.0,-0.45710260183253126,178.54293640479915,167.66827880516178,49.38557301763426,-71.22800017575155,8.604417973999476,175.22471618652344,171.5030657450358,29.260000228881836,38.690756963723985
5,2020-07-09,MMM,153.9199981689453,154.72000122070312,151.0399932861328,132.5184783935547,2190000.0,3.0,-0.06953416631122877,140.78193416486644,132.05559940446952,48.79983621677297,-115.97817461370175,7.189067920605792,138.05340983072918,132.7784386952718,29.260000228881836,38.690756963723985
5,2020-07-09,MRK,74.37023162841797,74.7614517211914,72.5572509765625,66.02824401855469,7966058.0,3.0,-0.05133881606009538,68.49567605326784,64.02576216389524,48.04196561533358,-47.292203878350605,6.780648012394094,67.32111905415853,67.45956808725992,29.260000228881836,38.690756963723985
5,2020-07-09,MSFT,216.3300018310547,216.3800048828125,211.47000122070312,208.08926391601562,33121700.0,3.0,6.492006631276297,209.6794778132367,178.51980197191955,64.4366657282616,162.03981032635195,51.71426287878737,189.69016977945964,181.5847407023112,29.260000228881836,38.690756963723985
5,2020-07-09,NKE,98.55000305175781,98.91000366210938,96.37000274658203,93.94645690917969,6282300.0,3.0,0.39990284790356156,98.9994857243168,90.9565949031246,51.55845991914493,-61.25215266209122,15.185480518329367,96.06499379475912,91.14091555277507,29.260000228881836,38.690756963723985
5,2020-07-09,PG,122.81999969482422,123.9800033569336,121.80999755859375,113.06684112548828,5341000.0,3.0,1.368981364415518,113.8982973444793,105.36348472949531,55.89547213774735,185.87681711622412,23.819238064835513,109.29979044596354,108.25129928588868,29.260000228881836,38.690756963723985
5,2020-07-09,TRV,113.37999725341797,113.37999725341797,109.08999633789062,102.13404846191406,1506400.0,3.0,0.6263793359848648,109.24264759061879,101.94856487276013,49.884963775636315,-74.6119885463461,11.217457069416687,106.28085047403971,98.59024912516276,29.260000228881836,38.690756963723985
5,2020-07-09,UNH,295.1000061035156,298.54998779296875,287.5,278.08984375,3061700.0,3.0,0.9570547441671238,289.5965957485937,268.97864839203135,50.66118872195688,-47.68386724446557,11.527582378269525,283.21991577148435,278.72764790852864,29.260000228881836,38.690756963723985
5,2020-07-09,V,195.0,195.49000549316406,189.9499969482422,187.94122314453125,8548200.0,3.0,1.0081770426041317,193.6009227570057,184.4405246917248,51.949754178492604,-65.89171730920967,2.3165379461503326,190.20547892252605,182.1924067179362,29.260000228881836,38.690756963723985
5,2020-07-09,VZ,54.650001525878906,54.650001525878906,53.75,45.09555435180664,17618400.0,3.0,-0.29862227424716536,47.49320471496141,44.044747708134295,46.85947864277016,-100.90731057781896,20.59328581468872,46.25034052530925,46.394253476460776,29.260000228881836,38.690756963723985
5,2020-07-09,WBA,40.20000076293945,40.25,38.04999923706055,33.508331298828125,28780400.0,3.0,-0.2834929417747958,37.87845451759309,34.165758205185234,43.961072981865534,-207.60730487492336,23.242326376491487,36.65187250773112,36.16731338500976,29.260000228881836,38.690756963723985
5,2020-07-09,WMT,125.61000061035156,128.17999267578125,124.94999694824219,121.45198822021484,14257200.0,3.0,0.587877856649385,119.82383027805307,109.22652830348991,57.26984027579872,201.22179084503355,38.456074272879086,115.21919072469076,117.31476860046386,29.260000228881836,38.690756963723985
6,2020-07-10,AAPL,95.33499908447266,95.9800033569336,94.70500183105469,94.04741668701172,90257200.0,4.0,3.347357015274312,94.93011713059033,82.54222555129442,66.95402099337028,131.35763103855612,48.177836286966816,86.18807220458984,79.7050121307373,27.290000915527344,21.754609642338973
6,2020-07-10,AMGN,250.64999389648438,251.57000732421875,247.07000732421875,225.05885314941406,1326100.0,4.0,6.1208456911860765,238.14706826525645,193.13831534070056,57.58366807405692,108.82334531978906,35.63460137389068,211.37554473876952,210.54835306803386,27.290000915527344,21.754609642338973
6,2020-07-10,AXP,90.31999969482422,93.30999755859375,89.81999969482422,89.27691650390625,4400900.0,4.0,-1.288505055293058,101.19824714989014,84.8121105161255,48.259482043161526,-103.74888729363573,18.67114889086255,95.0963368733724,89.1177178700765,27.290000915527344,21.754609642338973
6,2020-07-10,BA,171.6999969482422,179.3300018310547,169.75,178.44000244140625,40955600.0,4.0,2.185121755992583,199.64804702663332,168.90795578098385,50.43134272830573,-45.012854531744,2.482527610052692,183.98833465576172,159.0275011698405,27.290000915527344,21.754609642338973
6,2020-07-10,CAT,125.97000122070312,128.22999572753906,125.81999969482422,119.04917907714844,2691400.0,4.0,1.2645264049672988,121.58624426120407,113.27388604885452,53.57319247945985,10.732961199133163,8.586618219482903,117.99829483032227,111.30075162251791,27.290000915527344,21.754609642338973
6,2020-07-10,CRM,200.05999755859375,200.72999572753906,197.0800018310547,198.8800048828125,3783200.0,4.0,6.107903755192382,203.64338069692957,174.06261905892978,60.109956094092055,127.30909319815737,35.752397197069875,184.26700032552083,175.4476661682129,27.290000915527344,21.754609642338973
6,2020-07-10,CSCO,46.72999954223633,46.91999816894531,46.2400016784668,42.254295349121094,13775700.0,4.0,0.3411398821686191,42.490027191055304,40.08316273509216,54.866007309961354,44.943401536045904,15.203080997383664,41.59821116129557,40.1339412689209,27.290000915527344,21.754609642338973
6,2020-07-10,CVX,82.5,85.41999816894531,82.5,73.83606719970703,6218100.0,4.0,-1.5954050200937786,82.01749949831274,72.19788822751734,46.483194450217404,-134.5554079082063,29.71250836923663,79.27651418050131,78.16553675333658,27.290000915527344,21.754609642338973
6,2020-07-10,DIS,116.83000183105469,119.44000244140625,116.20999908447266,119.33999633789062,14207900.0,4.0,0.1505440777505953,120.53351694096025,109.01748250972335,53.64424430233954,29.86913972409631,15.294549930815245,116.90033315022787,112.6014996846517,27.290000915527344,21.754609642338973
6,2020-07-10,GS,196.8699951171875,206.32000732421875,196.8300018310547,190.14720153808594,4414800.0,4.0,0.8559905461149242,195.990967396247,176.72471863890925,53.06159616296918,-14.24305084628338,10.13237088976768,188.69490966796874,177.8395991007487,27.290000915527344,21.754609642338973
6,2020-07-10,HD,248.2899932861328,250.3300018310547,246.63999938964844,231.5801544189453,2745300.0,4.0,1.7964504872057887,234.69133969054968,223.62462252868858,55.98573547276794,9.507128685152527,9.310008864958556,230.12702077229818,219.04306360880534,27.290000915527344,21.754609642338973
6,2020-07-10,HON,141.6300048828125,143.1199951171875,140.89999389648438,133.65794372558594,2325000.0,4.0,-0.3274569103655267,141.03893485380223,130.08356880830712,49.029730783955934,-81.50527683005198,12.706525180405299,138.21361236572267,132.62532018025715,27.290000915527344,21.754609642338973
6,2020-07-10,IBM,110.42064666748047,113.35564422607422,110.21988677978516,96.21463775634766,4482842.0,4.0,-1.230783198860692,101.87487010105404,93.31119557277408,47.71184528442966,-88.32679103087843,15.534150333103728,99.78357340494792,98.92951723734538,27.290000915527344,21.754609642338973
6,2020-07-10,INTC,57.95000076293945,59.689998626708984,57.83000183105469,53.95516586303711,17742300.0,4.0,-0.4467657824194404,55.21769241017028,52.237652743638314,50.02421987389838,-59.31379604581229,7.9277410733148175,54.743995920817056,54.43314425150553,27.290000915527344,21.754609642338973
6,2020-07-10,JNJ,142.75,142.8699951171875,141.42999267578125,130.59873962402344,4282400.0,4.0,-0.6446220743560787,133.5235274692834,126.77956014668335,48.965528712834036,-36.35014193991772,10.790817649214365,131.6634386698405,133.89884605407715,27.290000915527344,21.754609642338973
6,2020-07-10,JPM,92.0,96.83999633789062,91.87000274658203,87.59029388427734,28954200.0,4.0,-0.989370727580436,92.25898604345471,81.27741379785388,49.778771732131084,-58.16992063992023,2.6436687144316315,89.20353775024414,85.89131762186686,27.290000915527344,21.754609642338973
6,2020-07-10,KO,43.880001068115234,45.25,43.86000061035156,40.88615417480469,15627800.0,4.0,-0.33972817787536513,42.679147961011736,39.37388167155662,47.87224036075954,-74.13023672007041,18.34229036010843,41.66439590454102,41.29538415273031,27.290000915527344,21.754609642338973
6,2020-07-10,MCD,183.77999877929688,185.44000244140625,183.00999450683594,171.8715057373047,2714100.0,4.0,-0.4698433731743705,178.41600317579247,167.55071893114115,49.74819392839362,-68.5904421562203,8.604417973999473,175.14414825439454,171.6303934733073,27.290000915527344,21.754609642338973
6,2020-07-10,MMM,151.69000244140625,153.25,150.99000549316406,133.7434539794922,1954500.0,4.0,-0.23312279460591867,140.74474462932483,132.13391290241344,49.754179095498884,-110.88075019707684,7.349975335378381,137.93761749267577,132.9113742828369,27.290000915527344,21.754609642338973
6,2020-07-10,MRK,73.23473358154297,73.8072509765625,72.90076446533203,66.06269836425781,5161400.0,4.0,-0.11065255043588706,68.49540285955698,64.02517552484244,48.101226029181404,-51.50758242172167,6.780648012394098,67.27271359761556,67.39222850799561,27.290000915527344,21.754609642338973
6,2020-07-10,MSFT,213.6199951171875,214.0800018310547,211.0800018310547,207.45814514160156,26177600.0,4.0,6.640073471915258,210.78942039767074,180.07020179471206,63.967537989853625,141.72855954895488,49.9763367726851,190.73456420898438,182.26871719360352,27.290000915527344,21.754609642338973
6,2020-07-10,NKE,97.0,98.05000305175781,95.72000122070312,94.91506958007812,3967000.0,4.0,0.3617742351210609,98.91597043013164,91.3132608320754,52.37033095266829,-63.74630849766432,17.901033926427882,96.05772857666015,91.35339190165202,27.290000915527344,21.754609642338973
6,2020-07-10,PG,122.56999969482422,124.5,122.47000122070312,114.36846923828125,6752600.0,4.0,1.527852914417906,114.59763341528331,105.3685088576659,57.35348681405436,194.67836093284012,26.737524112694256,109.54073130289713,108.30473480224609,27.290000915527344,21.754609642338973
6,2020-07-10,TRV,110.23999786376953,114.23999786376953,110.20999908447266,105.66104888916016,1073600.0,4.0,0.6427283816374967,109.11337331159619,102.38320337907764,52.477836617025815,-42.19264833384419,7.506885113868049,106.49632059733072,98.78127072652181,27.290000915527344,21.754609642338973
6,2020-07-10,UNH,294.239990234375,294.239990234375,287.1000061035156,278.15673828125,2391600.0,4.0,0.5762917991963832,289.03067146719496,270.37711967050035,50.68427474812615,-59.8343029523611,12.147538368531706,282.85581359863284,278.8988998413086,27.290000915527344,21.754609642338973
6,2020-07-10,V,191.64999389648438,192.82000732421875,189.44000244140625,188.27371215820312,7674200.0,4.0,0.8214189495107291,193.32361309103064,185.07668445535606,52.133623963833394,-89.5441145461665,3.830789603692054,190.14974568684895,182.63025232950847,27.290000915527344,21.754609642338973
6,2020-07-10,VZ,53.84000015258789,54.58000183105469,53.84000015258789,45.55536651611328,15652200.0,4.0,-0.2719359133975914,47.38615802042068,44.04034191854416,48.378685156621565,-84.80667115976681,20.593285814688723,46.233307139078775,46.36906394958496,27.290000915527344,21.754609642338973
6,2020-07-10,WBA,38.66999816894531,40.189998626708984,38.5,34.4617919921875,11759300.0,4.0,-0.3741824064652164,37.92813350307978,34.06196430575811,45.874713356159155,-164.7297056930373,23.242326376491484,36.6029115041097,36.126754697163896,27.290000915527344,21.754609642338973
6,2020-07-10,WMT,128.74000549316406,131.3699951171875,127.26000213623047,124.2375259399414,14745600.0,4.0,1.1804887975223721,121.87262247338025,108.18452703223498,59.982088920543816,263.21935259369303,48.00517397208503,115.44070332845052,117.35412610371908,27.290000915527344,21.754609642338973
7,2020-07-13,AAPL,97.26499938964844,99.95500183105469,95.25749969482422,93.61357116699219,191649200.0,0.0,3.3244393456146355,95.21284039302458,83.31621386722932,66.16420410220829,144.83325966778347,60.26574289116494,86.71074905395508,80.09717877705891,32.189998626708984,34.0371199537498
7,2020-07-13,AMGN,249.8300018310547,255.42999267578125,249.27999877929688,225.9625701904297,2528100.0,0.0,5.942893609481246,238.21768577293747,195.9722083310664,57.96330244686582,113.57642779612131,40.560339536518114,211.9882568359375,210.86001688639323,32.189998626708984,34.0371199537498
7,2020-07-13,AXP,94.23999786376953,95.76000213623047,92.77999877929688,89.59292602539062,4819700.0,0.0,-1.2702496334240578,100.74825772308445,84.52850848174954,48.47172889809304,-75.65407840961713,8.562766894183541,95.06184438069661,89.31845372517904,32.189998626708984,34.0371199537498
7,2020-07-13,BA,180.1999969482422,183.25,174.36000061035156,175.64999389648438,43364700.0,0.0,1.6210127898854978,199.20951462042586,167.96048812615618,49.82545105881542,-43.60440198289116,7.057330194854237,184.981667582194,159.71766764322916,32.189998626708984,34.0371199537498
7,2020-07-13,CAT,129.4199981689453,132.08999633789062,128.85000610351562,121.42999267578125,3708400.0,0.0,1.4482747997297025,122.06106546223712,113.48912374674724,55.08431639427012,72.67236070337555,20.51550436684772,118.32193527221679,111.58564147949218,32.189998626708984,34.0371199537498
7,2020-07-13,CRM,200.0,200.25999450683594,188.02999877929688,188.33999633789062,5555400.0,0.0,5.232625148285933,202.82638186803612,176.20261746057716,54.32610828262966,66.1735242093032,8.289527655364877,184.71866709391276,175.96899948120117,32.189998626708984,34.0371199537498
7,2020-07-13,CSCO,46.869998931884766,46.9900016784668,45.779998779296875,41.59322738647461,17965500.0,0.0,0.31216942867644804,42.49195406988468,40.19101597711239,53.03402356914453,13.924025729701318,8.561404420593954,41.55244178771973,40.205698776245114,32.189998626708984,34.0371199537498
7,2020-07-13,CVX,86.04000091552734,86.93000030517578,84.80999755859375,73.98333740234375,7074000.0,0.0,-1.6052784995245162,81.70047187453329,71.90936165207805,46.62285906364448,-101.23542822115974,20.923715985990345,79.09458821614584,78.2603598276774,32.189998626708984,34.0371199537498
7,2020-07-13,DIS,119.94000244140625,120.12999725341797,115.88999938964844,116.22000122070312,15620200.0,0.0,0.21598545584926399,120.5982731679434,109.02572661843354,51.28412981539307,11.472916949483297,17.635611004184394,116.86433308919271,112.83816642761231,32.189998626708984,34.0371199537498
7,2020-07-13,GS,209.0,212.97999572753906,207.0,193.21826171875,4449600.0,0.0,1.3781005967883004,196.79728452413966,176.57516878396584,54.02389886701298,61.968750392211604,19.968840122971432,189.07694244384766,178.3474324544271,32.189998626708984,34.0371199537498
7,2020-07-13,HD,251.9199981689453,257.8599853515625,249.08999633789062,231.12646484375,4437500.0,0.0,1.7632421910473113,234.62586447947479,224.35397866017365,55.716914352839666,80.06879621031669,25.95584047423008,230.20772654215494,219.82941436767578,32.189998626708984,34.0371199537498
7,2020-07-13,HON,143.5800018310547,145.8800048828125,142.25,134.63375854492188,2585700.0,0.0,-0.3480277765838764,141.00669611951582,130.02010594347246,49.62215600626402,-52.78186177252287,3.1161527046023094,138.13980102539062,132.8149856567383,32.189998626708984,34.0371199537498
7,2020-07-13,IBM,114.5124282836914,115.6692123413086,113.44168090820312,96.9056625366211,4864632.0,0.0,-1.119261438672666,101.71357334179825,93.2521775432115,48.37907388197328,-48.6792062731101,4.195990003297138,99.62910944620768,98.99728520711263,32.189998626708984,34.0371199537498
7,2020-07-13,INTC,59.84000015258789,60.619998931884766,58.38999938964844,53.09413146972656,19082900.0,0.0,-0.45145392269775186,55.21004310601321,52.1773249054614,48.48088777173443,-47.10117607202833,1.8506615867869387,54.61257502237956,54.40491828918457,32.189998626708984,34.0371199537498
7,2020-07-13,JNJ,143.61000061035156,146.63999938964844,143.27999877929688,133.2039337158203,6951900.0,0.0,-0.3678373488288287,133.9300460095775,126.65374228998303,52.16939269540018,43.56333378902833,10.230679796898883,131.55519485473633,133.84641202290854,32.189998626708984,34.0371199537498
7,2020-07-13,JPM,98.7300033569336,99.2699966430664,96.2300033569336,88.84586334228516,32079200.0,0.0,-0.6656962489462188,92.08321083300001,81.33889304883593,50.67670031007296,-15.126725159884638,6.513034261636371,89.24232991536458,86.06058985392252,32.189998626708984,34.0371199537498
7,2020-07-13,KO,45.529998779296875,45.68000030517578,44.959999084472656,40.976715087890625,16705300.0,0.0,-0.2960122047861873,42.658586468953274,39.362748751383634,48.11903192972702,-41.956590789384634,11.604867139269677,41.63391672770182,41.27386264801025,32.189998626708984,34.0371199537498
7,2020-07-13,MCD,185.60000610351562,188.9499969482422,184.7100067138672,171.90869140625,3221600.0,0.0,-0.4715047403990127,178.06318978462284,167.50843497123654,49.775267116195096,-36.66790215829926,4.57457206098383,175.10076446533202,171.7327911376953,32.189998626708984,34.0371199537498
7,2020-07-13,MMM,154.35000610351562,156.92999267578125,154.16000366210938,135.44969177246094,2217800.0,0.0,-0.22252371597198817,140.74454883924403,132.12798381456457,51.068369097849306,-49.256751352732984,5.537896880947123,137.88978322347006,133.07650133768718,32.189998626708984,34.0371199537498
7,2020-07-13,MRK,73.47328186035156,74.98091888427734,73.21565246582031,66.59649658203125,8114245.0,0.0,-0.11328023321064506,68.52878763964476,64.0821922034949,49.032887985819706,-23.813438080859232,2.9520231138706583,67.19426663716634,67.32054589589437,32.189998626708984,34.0371199537498
7,2020-07-13,MSFT,214.47999572753906,215.8000030517578,206.5,201.05003356933594,38135600.0,0.0,6.1692215154041605,210.5973024996513,182.1391248074776,59.42333914670077,107.47919271976667,31.12068590232179,191.50548044840494,182.76262359619142,32.189998626708984,34.0371199537498
7,2020-07-13,NKE,98.25,98.94000244140625,96.26000213623047,93.43309020996094,4845600.0,0.0,0.20955803050865995,98.91469197637758,91.31744455926696,51.017014341861376,-62.2532262418171,12.623207965742248,95.9892791748047,91.5208782196045,32.189998626708984,34.0371199537498
7,2020-07-13,PG,124.0,125.58999633789062,123.33999633789062,114.51617431640625,7681500.0,0.0,1.6466962385788122,115.14297208562704,105.60138063654094,57.51834552664043,194.47542416637657,32.528983248841584,109.7909034729004,108.35635274251302,32.189998626708984,34.0371199537498
7,2020-07-13,TRV,114.61000061035156,116.41999816894531,112.86000061035156,106.03229522705078,1239700.0,0.0,0.6778280155088936,109.14716988574898,102.4338687800225,52.744062012579626,-10.87282093623871,1.4064059021484059,106.74291305541992,99.01474482218424,32.189998626708984,34.0371199537498
7,2020-07-13,UNH,292.0899963378906,304.5199890136719,291.7699890136719,286.25604248046875,4263300.0,0.0,0.9175041653342078,289.3088545107269,271.60637986427304,53.414459241515324,24.46216727506942,5.956838474252249,282.7337921142578,278.9396484375,32.189998626708984,34.0371199537498
7,2020-07-13,V,193.61000061035156,195.19000244140625,188.6999969482422,184.82211303710938,8564100.0,0.0,0.39039636606528916,193.58314317233345,184.50035444729548,50.075796641185256,-100.5840731566253,3.593088514584903,189.94701741536457,183.0681645711263,32.189998626708984,34.0371199537498
7,2020-07-13,VZ,54.75,54.77000045776367,54.13999938964844,45.52192687988281,15285100.0,0.0,-0.25059636048371914,47.25584883085863,44.04924073823316,48.27485671367814,-69.63429248657552,16.940912077670653,46.169412231445314,46.33325843811035,32.189998626708984,34.0371199537498
7,2020-07-13,WBA,40.18000030517578,40.36000061035156,39.45000076293945,33.99795150756836,9757500.0,0.0,-0.4779727390388402,38.040827247790986,33.79293854505569,45.09965772738066,-139.75944689855737,21.629176453465522,36.506707255045576,36.081438064575195,32.189998626708984,34.0371199537498
7,2020-07-13,WMT,131.3300018310547,133.6300048828125,128.88999938964844,123.1347427368164,14112800.0,0.0,1.543360945278721,123.16087198177223,108.01620626529808,58.4623274107684,250.65542182237684,53.472443380114576,115.6137321472168,117.31878509521485,32.189998626708984,34.0371199537498
8,2020-07-14,AAPL,94.83999633789062,97.25499725341797,93.87750244140625,95.16273498535156,170989200.0,1.0,3.392178577452782,95.79719660303185,83.8407809970658,67.5770280842053,123.10457666856847,47.49766155623776,87.25311711629232,80.53101387023926,29.520000457763672,26.86766941493508
8,2020-07-14,AMGN,242.75999450683594,253.7899932861328,240.47999572753906,228.7188262939453,2368300.0,1.0,5.955619461309425,238.42911819286394,198.77101761035874,59.117758671312714,88.0739586836199,18.466324913499644,212.77688954671223,211.1567293802897,29.520000457763672,26.86766941493508
8,2020-07-14,AXP,93.19000244140625,95.22000122070312,92.29000091552734,90.81864166259766,4044400.0,1.0,-1.1436932875851085,99.7729416076501,84.676413708512,49.3061373427808,-72.71718669231923,10.19812508155852,95.01482569376627,89.44365514119467,29.520000457763672,26.86766941493508
8,2020-07-14,BA,177.0,181.3000030517578,173.41000366210938,179.9600067138672,39256200.0,1.0,1.5043926817593558,198.3407118887306,167.73129128509754,50.77063208471908,-50.471742090452274,5.771865574528748,185.93400115966796,160.15033442179362,29.520000457763672,26.86766941493508
8,2020-07-14,CAT,130.32000732421875,137.30999755859375,129.22999572753906,127.29827880859375,6540800.0,1.0,2.043858050668433,124.23915890147767,112.54513751575867,58.5263320977212,148.0093103297929,33.1299627954955,118.82971471150717,111.90463091532389,29.520000457763672,26.86766941493508
8,2020-07-14,CRM,185.99000549316406,189.9600067138672,183.3000030517578,189.55999755859375,5854700.0,1.0,4.5845565348593595,202.34659265118643,177.77740637225105,54.84635082065212,23.796179994925815,2.7070033984681143,185.1586669921875,176.4179995218913,29.520000457763672,26.86766941493508
8,2020-07-14,CSCO,45.4900016784668,46.5,45.40999984741211,41.89205551147461,19303500.0,1.0,0.30975243458797763,42.53855860174467,40.258916831604935,53.75608061390368,-2.98850263490387,3.4341915238245218,41.5621576944987,40.267761357625325,29.520000457763672,26.86766941493508
8,2020-07-14,CVX,85.38999938964844,88.5999984741211,85.04000091552734,76.53895568847656,7440500.0,1.0,-1.3908533736944122,81.46240556657888,71.89792844831369,49.011615198880676,-69.13859341669944,11.955713139725336,78.96637369791667,78.29560737609863,29.520000457763672,26.86766941493508
8,2020-07-14,DIS,115.2300033569336,119.08000183105469,114.54000091552734,118.66000366210938,12425100.0,1.0,0.4594398875105554,120.8482694471064,108.93373052237602,52.958497103464595,12.525302126151486,11.20745456009385,116.86066665649415,113.03866653442383,29.520000457763672,26.86766941493508
8,2020-07-14,GS,211.42999267578125,214.3000030517578,207.00999450683594,197.96360778808594,5202000.0,1.0,2.150002452883541,198.21554145184433,175.8691768709096,55.48276158085336,79.72118674515244,21.782706546125397,189.5110855102539,178.83553288777668,29.520000457763672,26.86766941493508
8,2020-07-14,HD,249.0,258.17999267578125,248.4600067138672,238.69117736816406,4614200.0,1.0,2.320583218043936,236.09501109625904,224.40610737297925,59.103982260140846,126.20947056534453,23.92162799334195,230.57709808349608,220.59503707885742,29.520000457763672,26.86766941493508
8,2020-07-14,HON,143.49000549316406,148.30999755859375,142.2899932861328,138.959228515625,2649800.0,1.0,-0.015126688048326287,141.21769003801106,129.9470377451921,52.171299833497855,-17.79703360391114,4.529485111503312,138.1998504638672,132.98375600179037,29.520000457763672,26.86766941493508
8,2020-07-14,IBM,113.4034423828125,115.57361602783203,112.73422241210938,98.04381561279297,4742982.0,1.0,-0.9283388861393149,101.62780902520674,93.25257961615068,49.47753869102527,-44.210930598622525,7.173721474005126,99.51285502115886,99.02532755533854,29.520000457763672,26.86766941493508
8,2020-07-14,INTC,57.869998931884766,59.25,57.349998474121094,53.45668029785156,24190900.0,1.0,-0.4210609189890562,55.11699172455401,52.16886566680341,49.16404290027424,-75.70404441845002,8.102330399943261,54.52556546529134,54.389193852742515,29.520000457763672,26.86766941493508
8,2020-07-14,JNJ,145.32000732421875,148.38999938964844,145.25999450683594,135.68983459472656,7447100.0,1.0,0.05151414269448651,134.94144024983828,126.2541964994293,54.96046645971398,103.24223175071843,17.955189130365145,131.57751592000326,133.79972877502442,29.520000457763672,26.86766941493508
8,2020-07-14,JPM,98.37000274658203,99.94999694824219,96.63999938964844,89.35537719726562,42731700.0,1.0,-0.36387387128343107,91.71540818713765,81.5190064857139,51.04414973631317,-6.567665158637019,8.942927101994902,89.25936024983724,86.12046546936035,29.520000457763672,26.86766941493508
8,2020-07-14,KO,44.90999984741211,45.939998626708984,44.66999816894531,41.53815841674805,17080100.0,1.0,-0.21360093804351266,42.60229522363104,39.38010071142755,49.64789052333804,-30.254947101918262,15.089904893189864,41.61287930806478,41.24734007517497,29.520000457763672,26.86766941493508
8,2020-07-14,MCD,185.08999633789062,190.83999633789062,184.72999572753906,177.3005828857422,4138600.0,1.0,-0.03731071076768444,178.2959991356207,167.38997193371526,53.53056117102234,5.730726117300065,10.804680765006001,175.20333404541014,171.82347081502277,29.520000457763672,26.86766941493508
8,2020-07-14,MMM,154.8000030517578,159.22999572753906,153.9199981689453,138.72218322753906,3198900.0,1.0,0.049369737675903025,140.84576517928406,132.09764149796206,53.48237309469182,-11.832024948059358,12.552032311946565,137.9761169433594,133.27364323933918,29.520000457763672,26.86766941493508
8,2020-07-14,MRK,73.9885482788086,75.0095443725586,73.8167953491211,67.37138366699219,8397100.0,1.0,-0.05223366184685574,68.3969246179703,64.57824856928555,50.370786634324425,-4.026519099471988,3.182096582470307,67.1746774037679,67.25522925059,29.520000457763672,26.86766941493508
8,2020-07-14,MSFT,206.1300048828125,208.85000610351562,202.02999877929688,202.2928009033203,37591800.0,1.0,5.829154026086172,210.38603038680537,184.23496875870245,59.99351796034784,72.98822232757527,15.916296936966779,192.33141581217447,183.25206858317057,29.520000457763672,26.86766941493508
8,2020-07-14,NKE,96.33000183105469,97.25,95.51000213623047,93.72367858886719,4850600.0,1.0,0.11109303398139048,98.9109614444805,91.2165646480488,51.27243039257582,-80.56753301896237,16.010088106705997,95.89952011108399,91.63507397969563,29.520000457763672,26.86766941493508
8,2020-07-14,PG,123.98999786376953,125.66000366210938,123.5,115.47623443603516,6272100.0,1.0,1.7976273284350555,115.87196384060218,105.64782986056969,58.59459190887392,180.76984039254862,32.89319595825446,110.03215154012044,108.37521616617839,29.520000457763672,26.86766941493508
8,2020-07-14,TRV,114.2699966430664,118.97000122070312,113.37000274658203,110.03264617919922,2289800.0,1.0,1.0167195081378253,109.80853559442328,102.11591966680719,55.52160962558044,37.51887930988991,10.667438950626615,107.05615971883138,99.2340633392334,29.520000457763672,26.86766941493508
8,2020-07-14,UNH,297.80999755859375,309.739990234375,296.7099914550781,294.6705322265625,4234900.0,1.0,1.8456212505683993,291.6492476903473,271.50741124519953,56.03059622013431,91.23445165277708,13.533581270400944,282.85801798502604,279.24537963867186,29.520000457763672,26.86766941493508
8,2020-07-14,V,189.5,193.47000122070312,187.17999267578125,189.03639221191406,8003900.0,1.0,0.3844334628822992,193.60179203826218,184.63521968048784,52.44661696818108,-84.79932187377959,1.2476664210767028,189.9137736002604,183.46047770182292,29.520000457763672,26.86766941493508
8,2020-07-14,VZ,54.43000030517578,55.650001525878906,54.27000045776367,46.34960174560547,15683600.0,1.0,-0.16499619315185043,47.245245324068904,44.05261730105316,50.96919888742007,-28.701776842551176,1.692108564558109,46.17719980875651,46.300224177042644,29.520000457763672,26.86766941493508
8,2020-07-14,WBA,39.43000030517578,40.20000076293945,38.91999816894531,34.45320510864258,5899500.0,1.0,-0.5175264418066803,38.07821423293795,33.637014038546425,46.02554008993231,-132.86803214538728,24.904949896221883,36.41537043253581,36.02573127746582,29.520000457763672,26.86766941493508
8,2020-07-14,WMT,129.27999877929688,132.5,129.02999877929688,125.50196075439453,8818600.0,1.0,1.9989122311592809,124.84427369346305,107.6571301151307,60.674888109118825,224.36724066567436,53.47244338011456,115.8688362121582,117.32621040344239,29.520000457763672,26.86766941493508
9,2020-07-15,AAPL,98.98999786376953,99.24749755859375,96.48999786376953,95.8171615600586,153198000.0,2.0,3.458798288385765,96.59996937094235,83.98956157388187,68.1580574129186,144.53702831070774,53.246533406109755,87.8051259358724,80.99967244466146,27.760000228881836,13.806170186580356
9,2020-07-15,AMGN,254.57000732421875,254.57000732421875,250.77000427246094,228.91769409179688,1650100.0,2.0,5.913583648623813,239.05065351267214,200.538878958031,59.20138873221141,102.636138308815,19.66282215844164,213.66824493408203,211.43237075805663,27.760000228881836,13.806170186580356
9,2020-07-15,AXP,96.66000366210938,97.77999877929688,96.38999938964844,93.23179626464844,5405600.0,2.0,-0.8390035522190828,98.29696685653533,85.40709427017364,50.924646759629496,-30.106284112875716,0.19061750706758931,94.97452596028646,89.66277669270833,27.760000228881836,13.806170186580356
9,2020-07-15,BA,185.5399932861328,189.52999877929688,181.25,187.94000244140625,48044800.0,2.0,2.0324604307888876,196.4217011992317,168.66730179149093,52.48502124157521,-5.363989502428942,15.201072655252586,187.0883346557617,160.88916778564453,27.760000228881836,13.806170186580356
9,2020-07-15,CAT,140.1699981689453,140.1699981689453,137.11000061035156,128.67466735839844,4915200.0,2.0,2.59698865237786,126.15091190205267,111.40063152446099,59.283407755545404,206.20305158423173,38.8168814218134,119.29595362345377,112.27291018168131,27.760000228881836,13.806170186580356
9,2020-07-15,CRM,191.02999877929688,192.10000610351562,186.75,188.08999633789062,7681800.0,2.0,3.9072997570490315,201.9225209102139,178.96247817425876,54.07855872416609,32.79130382968074,2.1009929539180523,185.62066701253255,176.8401662190755,27.760000228881836,13.806170186580356
9,2020-07-15,CSCO,46.5,46.83000183105469,45.9900016784668,42.01884460449219,15705000.0,2.0,0.3144430656187751,42.57415842041393,40.248970470577284,54.06604066047004,31.516585486412286,7.59502951190925,41.55842920939128,40.33103853861491,27.760000228881836,13.806170186580356
9,2020-07-15,CVX,90.18000030517578,90.19000244140625,88.20999908447266,77.00678253173828,5935200.0,2.0,-1.1696867790807772,80.68534587769443,72.22970462889737,49.44009970623455,-35.18219871689064,4.098397398763745,78.79888687133788,78.38987909952799,27.760000228881836,13.806170186580356
9,2020-07-15,DIS,121.62999725341797,122.08999633789062,119.69999694824219,120.9000015258789,15314200.0,2.0,0.8236340451810804,121.36816365773659,108.6598362201931,54.445434801057154,76.90353656975039,21.439198275165257,116.93233337402344,113.34933319091797,27.760000228881836,13.806170186580356
9,2020-07-15,GS,224.3699951171875,225.24000549316406,214.69000244140625,200.63690185546875,12516700.0,2.0,2.943521639497135,199.76746075948017,174.9934462229417,56.291028809574016,145.55154460085737,34.862027595061505,189.90452677408854,179.4155309041341,27.760000228881836,13.806170186580356
9,2020-07-15,HD,260.1400146484375,261.2900085449219,255.14999389648438,238.700439453125,4343700.0,2.0,2.731539878815454,237.566629125857,223.66133107922116,59.10794380489576,179.61769943124995,29.896271860613773,230.78049011230468,221.41251068115236,27.760000228881836,13.806170186580356
9,2020-07-15,HON,151.1999969482422,152.69000244140625,150.8699951171875,142.5528106689453,2984600.0,2.0,0.5325331592235614,141.8770385884993,129.55228117468428,54.164602721033454,62.70428439821251,16.463741550979144,138.3118169148763,133.25309143066406,27.760000228881836,13.806170186580356
9,2020-07-15,IBM,117.01720428466797,118.50860595703125,116.77820587158203,99.99494934082031,4679176.0,2.0,-0.6125303337860544,101.22328454320017,93.48231772120413,51.31478370247061,10.039685607536313,5.809390309354625,99.43155822753906,99.08201141357422,27.760000228881836,13.806170186580356
9,2020-07-15,INTC,59.029998779296875,59.34000015258789,58.41999816894531,53.50199508666992,19986300.0,2.0,-0.3888354666165128,54.96132268437219,52.200364785110224,49.251054008593115,-53.84774935028516,7.1338524390929345,54.432211303710936,54.39194939931234,27.760000228881836,13.806170186580356
9,2020-07-15,JNJ,149.72999572753906,150.2100067138672,148.22999572753906,136.0017547607422,8512800.0,2.0,0.4043613456761648,135.68255454778347,125.86166313410132,55.29904940641146,147.7413962768625,25.118537415621034,131.57782109578451,133.76355832417806,27.760000228881836,13.806170186580356
9,2020-07-15,JPM,100.88999938964844,101.29000091552734,98.6500015258789,90.73834228515625,22508400.0,2.0,-0.01293463537646744,91.407516884448,81.70451848542504,52.04723438920101,18.133085941705033,13.669650912689612,89.31257756551106,86.25550181070963,27.760000228881836,13.806170186580356
9,2020-07-15,KO,46.29999923706055,47.189998626708984,46.20000076293945,42.01810836791992,23738000.0,2.0,-0.10831290174944286,42.53198989886227,39.41690040570315,50.926734288770746,30.09425017706998,2.602996943751986,41.61053237915039,41.2517006556193,27.760000228881836,13.806170186580356
9,2020-07-15,MCD,193.89999389648438,194.0,189.8800048828125,178.27674865722656,3735400.0,2.0,0.3811657638570125,178.60404455553592,167.21672570813595,54.17230254649618,57.24879259039717,20.12502324234169,175.3328643798828,171.9989112854004,27.760000228881836,13.806170186580356
9,2020-07-15,MMM,159.97999572753906,161.3800048828125,159.25,139.41348266601562,3472300.0,2.0,0.31697545015398987,140.78631298662745,132.1273482072202,53.978530768527015,44.51586502260738,18.5923184964221,138.02540944417316,133.52259508768717,27.760000228881836,13.806170186580356
9,2020-07-15,MRK,75.61068725585938,76.3072509765625,75.22901153564453,68.39594268798828,7709717.0,2.0,0.07792130784066842,68.68069388631217,64.50713951822884,52.09096097443635,46.857941229495545,13.158926002401008,67.15279502868653,67.21211388905843,27.760000228881836,13.806170186580356
9,2020-07-15,MSFT,209.55999755859375,211.3300018310547,205.02999877929688,201.99183654785156,32179400.0,2.0,5.472281725174753,210.46406257089137,185.56186974112035,59.7830619097515,82.33056439317677,21.326729057401202,193.0800018310547,183.7936233520508,27.760000228881836,13.806170186580356
9,2020-07-15,NKE,98.41000366210938,99.04000091552734,97.30999755859375,95.44782257080078,5343700.0,2.0,0.17022062746633537,98.86979263077173,91.2093035911521,52.783603838514644,-21.299056342996444,5.570092423642961,95.82848815917968,91.81037356058756,27.760000228881836,13.806170186580356
9,2020-07-15,PG,125.9800033569336,126.9000015258789,124.26000213623047,114.93157196044922,8145000.0,2.0,1.8519435423391144,116.42218556732514,105.68565134673734,57.7361510242517,170.79885503284325,39.115948629565395,110.23031921386719,108.44751281738282,27.760000228881836,13.806170186580356
9,2020-07-15,TRV,121.37999725341797,121.55999755859375,118.0,110.58026885986328,1487400.0,2.0,1.3143312389042023,110.40072893051116,101.80124403091462,55.888774257686464,90.4277083177234,18.934807520497078,107.33080444335937,99.51306482950847,27.760000228881836,13.806170186580356
9,2020-07-15,UNH,301.1199951171875,310.69000244140625,298.6600036621094,290.42034912109375,5116900.0,2.0,2.212699844539941,292.8728188209201,271.4611594505643,54.43332983305162,86.73042871116137,14.86793438046639,282.828525797526,279.61373341878254,27.760000228881836,13.806170186580356
9,2020-07-15,V,195.22999572753906,197.77000427246094,194.5,192.18484497070312,7681100.0,2.0,0.626539289147928,193.9762167310799,184.61964203356854,54.13011377718314,55.79885910715597,11.288124185982028,189.919965616862,183.9918177286784,27.760000228881836,13.806170186580356
9,2020-07-15,VZ,55.61000061035156,55.720001220703125,55.02000045776367,46.03190231323242,13903600.0,2.0,-0.12139378095120179,47.06380089398262,44.13140593890313,49.93632440535534,-16.810662252856655,0.5769302615669815,46.157311248779294,46.26644198099772,27.760000228881836,13.806170186580356
9,2020-07-15,WBA,40.439998626708984,40.970001220703125,39.93000030517578,34.94281005859375,6139200.0,2.0,-0.5035612677192063,38.04503206964171,33.54392743353212,47.01959797722808,-88.5317923726474,17.291151364714203,36.33319562276204,36.00154126485189,27.760000228881836,13.806170186580356
9,2020-07-15,WMT,132.27000427246094,134.1300048828125,130.8000030517578,125.49246978759766,10577100.0,2.0,2.332288891051604,126.27514997034828,107.40037035435876,60.66148635839848,213.7872611712748,57.182948886030815,116.1242576599121,117.36928799947103,27.760000228881836,13.806170186580356
10,2020-07-16,AAPL,96.5625,97.40499877929688,95.90499877929688,94.63815307617188,110577600.0,3.0,3.3775247550643996,96.99553948936904,84.43965338172472,65.95526307228536,116.02914192622923,48.15508861514754,88.30329030354818,81.48355662027994,28.0,16.73005680102681
10,2020-07-16,AMGN,252.05999755859375,255.2899932861328,249.9199981689453,230.62570190429688,1530900.0,3.0,5.9495096761650075,239.47335866887778,202.75770517389566,59.92967023065146,96.25460626356332,17.651619130378787,214.69847005208334,211.8239980061849,28.0,16.73005680102681
10,2020-07-16,AXP,96.5,97.79000091552734,95.66999816894531,92.23590850830078,2666000.0,3.0,-0.6701692665871946,96.98642202709337,86.03099969531874,50.23985779731294,-35.11721370486007,2.843279687535612,94.69988911946615,89.90486106872558,28.0,16.73005680102681
10,2020-07-16,BA,184.32000732421875,184.58999633789062,177.33999633789062,178.6999969482422,35050000.0,3.0,1.6859323266617707,194.99169394989985,168.71330940703376,50.383348894976976,-53.10740407856736,9.629677432920339,187.27300109863282,161.595334370931,28.0,16.73005680102681
10,2020-07-16,CAT,138.3000030517578,140.99000549316406,137.60000610351562,128.86070251464844,3621500.0,3.0,3.0155981829635436,127.90394035783561,110.60829490217415,59.38706709084021,185.75336300175604,40.371119017867855,119.65152435302734,112.71791508992513,28.0,16.73005680102681
10,2020-07-16,CRM,186.4199981689453,186.86000061035156,181.92999267578125,185.50999450683594,7350000.0,3.0,3.126345728001837,201.58056630285702,179.7154328426508,52.73812254665807,-10.019303976862894,8.241133762299048,185.9713333129883,177.42266616821288,28.0,16.73005680102681
10,2020-07-16,CSCO,45.70000076293945,45.83000183105469,45.20000076293945,41.45738220214844,17709400.0,3.0,0.2697456411326513,42.5725534768763,40.24793602507682,52.45538320460275,-43.34949023345401,3.0905591834296167,41.534487915039065,40.414758173624676,28.0,16.73005680102681
10,2020-07-16,CVX,88.44000244140625,89.4800033569336,87.3499984741211,76.54761505126953,4795700.0,3.0,-1.0197070891037185,80.33130392115642,72.30825830418537,49.02182406082493,-44.555208868686805,7.838154163273801,78.54419021606445,78.50396118164062,28.0,16.73005680102681
10,2020-07-16,DIS,117.72000122070312,119.98999786376953,117.5999984741211,119.43000030517578,10210100.0,3.0,0.982320150591292,121.65927078156776,108.54672897429163,53.30164674143678,43.512151165183624,11.828751138639213,116.84066670735677,113.66416651407877,28.0,16.73005680102681
10,2020-07-16,GS,213.50999450683594,220.4600067138672,213.5,198.57412719726562,5769600.0,3.0,3.367128475198143,201.0695404465311,174.47578578637905,55.48686367064294,109.01953027133638,32.289837691270016,190.03094533284505,180.06211649576824,28.0,16.73005680102681
10,2020-07-16,HD,256.760009765625,260.5,256.0,238.95968627929688,2511200.0,3.0,3.0430664694984273,238.819961013829,223.07743125912023,59.222319569088086,164.56216961894754,29.896271860613783,230.99900461832684,222.31775639851887,28.0,16.73005680102681
10,2020-07-16,HON,151.00999450683594,153.50999450683594,150.25,143.63185119628906,3697600.0,3.0,1.0416199402164352,142.89608009791198,128.97798453831848,54.750380755354335,69.3834116299577,18.50251541048898,138.30337168375652,133.5978478749593,28.0,16.73005680102681
10,2020-07-16,IBM,117.28489685058594,119.0057373046875,116.78776550292969,100.81603240966797,4530121.0,3.0,-0.29262207407089136,101.19571838305308,93.49850082471059,52.073503775735986,21.96658160587608,7.831028604732334,99.29497960408528,99.20118103027343,28.0,16.73005680102681
10,2020-07-16,INTC,58.540000915527344,59.36000061035156,58.400001525878906,53.601688385009766,12425900.0,3.0,-0.35120368991443485,54.7702785974214,52.26905093138719,49.447974774558695,-49.77666800246987,6.906333001844275,54.34792022705078,54.4387259165446,28.0,16.73005680102681
10,2020-07-16,JNJ,148.67999267578125,149.33999633789062,146.67999267578125,136.90988159179688,9304700.0,3.0,0.7486436439860995,136.6176142572142,125.40635958922134,56.28872081369722,132.53850018778587,15.905710813617194,131.59616724650064,133.77273826599122,28.0,16.73005680102681
10,2020-07-16,JPM,98.77999877929688,101.22000122070312,98.55000305175781,90.99309539794922,16886900.0,3.0,0.2824873463161879,91.68971947800688,81.55788412917084,52.23373737521539,20.821819432547873,13.200894325178256,89.21389872233073,86.4347307840983,28.0,16.73005680102681
10,2020-07-16,KO,46.2599983215332,46.689998626708984,45.939998626708984,41.791717529296875,13306100.0,3.0,-0.04264760799895129,42.457785351991504,39.45216643023505,50.30331167537897,14.845593320368152,0.7882207858058018,41.57072537740071,41.26948827107747,28.0,16.73005680102681
10,2020-07-16,MCD,191.1199951171875,192.75999450683594,190.14999389648438,177.48651123046875,2111100.0,3.0,0.6416492952448323,178.63020976119805,167.20264241165353,53.55295654059752,47.388713077078556,20.125023242341694,175.2594228108724,172.22382380167645,28.0,16.73005680102681
10,2020-07-16,MMM,159.25,160.91000366210938,158.0399932861328,140.4372100830078,1801500.0,3.0,0.6046906547313426,141.02328616612672,132.0023760653186,54.718417342324024,40.63956004453112,13.860876877539289,138.00470225016275,133.81806704203288,28.0,16.73005680102681
10,2020-07-16,MRK,76.1259536743164,76.15457916259766,75.14312744140625,68.36150360107422,5850774.0,3.0,0.176259304989145,68.91013059743514,64.54546632639298,52.02825452175993,48.42238758474271,12.339950291985648,67.0950277964274,67.23305772145589,28.0,16.73005680102681
10,2020-07-16,MSFT,205.39999389648438,205.6999969482422,202.30999755859375,197.99160766601562,29940700.0,3.0,4.8112121572467,210.11986347232926,186.8459247967137,57.03219119885041,41.932717457915224,12.81589216778183,193.68068288167316,184.3853411356608,28.0,16.73005680102681
10,2020-07-16,NKE,97.5,98.2300033569336,97.04000091552734,94.20799255371094,3594700.0,3.0,0.11570200985943302,98.75869893765167,91.13151712680144,51.593335070156364,-43.64230842621437,6.920691713342434,95.60731964111328,92.00848910013835,28.0,16.73005680102681
10,2020-07-16,PG,125.08000183105469,125.5199966430664,123.91000366210938,115.17161560058594,3959300.0,3.0,1.8925429912795408,116.93353129704552,105.80481556574746,58.01657601840478,138.1492964836959,35.32962465749673,110.42202580769857,108.53787129720052,28.0,16.73005680102681
10,2020-07-16,TRV,119.02999877929688,122.69000244140625,118.80999755859375,111.8425521850586,1367400.0,3.0,1.6332196551737468,111.3734657457384,101.35569914073622,56.740292645074724,104.47126850194665,22.288977028951145,107.5408810933431,99.81310437520345,28.0,16.73005680102681
10,2020-07-16,UNH,305.010009765625,310.8500061035156,303.1600036621094,293.3620910644531,3844500.0,3.0,2.709749953879168,294.5578657874889,271.2856400718861,55.34480386236203,112.97841104093027,15.103806143628717,282.9275227864583,280.1571253458659,28.0,16.73005680102681
10,2020-07-16,V,195.3300018310547,195.7100067138672,192.52000427246094,189.2025909423828,5064000.0,3.0,0.5711826859385098,193.97345435489873,184.6165389312341,52.31530710536428,-8.604567700432169,4.895450385292684,189.81012725830078,184.53348719278972,28.0,16.73005680102681
10,2020-07-16,VZ,54.869998931884766,55.83000183105469,54.7599983215332,46.63385009765625,13477400.0,3.0,-0.0378303153020596,47.02032863642834,44.15473926518299,51.84887027409853,-5.2211429502608695,4.725315164555109,46.145637385050456,46.26074295043945,28.0,16.73005680102681
10,2020-07-16,WBA,40.5099983215332,41.689998626708984,40.380001068115234,35.518314361572266,4382700.0,3.0,-0.4409721268977549,38.00522767096462,33.515013494196516,48.18010018578598,-55.63948121301365,10.55511802278915,36.268486404418944,35.99118970235189,28.0,16.73005680102681
10,2020-07-16,WMT,132.0500030517578,132.72999572753906,131.24000549316406,125.68260192871094,5892200.0,3.0,2.582069876400169,127.51562227818638,107.41197095301479,60.84073481580253,179.40413589362393,57.182948886030815,116.40091145833334,117.42563095092774,28.0,16.73005680102681
11,2020-07-17,AAPL,96.98750305175781,97.14749908447266,95.83999633789062,94.44695281982422,92186800.0,4.0,3.260106157168778,97.24151419089418,85.01678735329529,65.59958862867975,107.48084172644816,47.57272443740297,88.81795908610026,81.93275973002116,25.68000030517578,20.911511748118965
11,2020-07-17,AMGN,256.70001220703125,259.95001220703125,254.75999450683594,233.57177734375,2044800.0,4.0,6.144870733640374,240.48208000790993,204.29201362001976,61.1665766444547,110.60031911573797,25.03545313873783,215.83051249186198,212.28656845092775,25.68000030517578,20.911511748118965
11,2020-07-17,AXP,96.3499984741211,96.52999877929688,95.01000213623047,91.14423370361328,2861600.0,4.0,-0.6173396053795841,95.92418509986786,86.46902016136261,49.485268213884346,-45.72691468741835,5.309261497630496,94.3526387532552,90.11254514058432,25.68000030517578,20.911511748118965
11,2020-07-17,BA,178.41000366210938,181.10000610351562,175.5500030517578,175.66000366210938,26170500.0,4.0,1.1527164578488964,193.46549154814505,168.5765128463862,49.7059235641092,-71.13629440119482,7.095046321214568,186.98500111897786,162.27350107828775,25.68000030517578,20.911511748118965
11,2020-07-17,CAT,137.8699951171875,138.42999267578125,136.52999877929688,128.27041625976562,2458200.0,4.0,3.262114459437896,129.26792254240695,110.20549512116729,58.89490784595967,141.31838913179388,35.56744074541641,119.92944819132487,113.14083697001139,25.68000030517578,20.911511748118965
11,2020-07-17,CRM,187.13999938964844,188.39999389648438,183.36000061035156,187.77999877929688,4324300.0,4.0,2.659942248597048,201.5797912354689,179.72820742175767,53.78085492068892,2.6615202337999433,4.6217334010532065,186.51599985758463,177.98333282470702,25.68000030517578,20.911511748118965
11,2020-07-17,CSCO,46.040000915527344,46.93000030517578,45.880001068115234,42.335792541503906,20389700.0,4.0,0.30172488672734943,42.69526141084511,40.24097973905723,54.642287515427064,47.53395670588894,10.185811744429829,41.542223103841145,40.494998359680174,25.68000030517578,20.911511748118965
11,2020-07-17,CVX,88.41000366210938,89.11000061035156,86.91000366210938,75.53401947021484,5964000.0,4.0,-0.9714376679339836,79.81681281566289,72.41124809742304,48.09268838118632,-53.02255985715043,9.762647140394801,78.28169581095378,78.56130688985189,25.68000030517578,20.911511748118965
11,2020-07-17,DIS,118.9000015258789,119.55999755859375,117.05999755859375,118.6500015258789,9843500.0,4.0,1.03323021487941,121.7037690393176,108.53023059447146,52.694008899060854,37.27215680559604,9.447904793992382,116.6726666768392,113.95849990844727,25.68000030517578,20.911511748118965
11,2020-07-17,GS,214.89999389648438,215.1699981689453,211.25,195.5585479736328,3614300.0,4.0,3.42008331182285,201.86773473858986,174.37783258318748,54.31343805993934,72.06217959593472,27.379501244876657,189.9258005777995,180.62519454956055,25.68000030517578,20.911511748118965
11,2020-07-17,HD,260.0299987792969,260.6499938964844,257.7200012207031,241.08932495117188,3091300.0,4.0,3.422346895060599,240.54718430049675,222.38445479862432,60.169060903842606,164.65055441368176,30.198374640879226,231.35177815755208,223.20388488769532,25.68000030517578,20.911511748118965
11,2020-07-17,HON,153.5,155.3800048828125,152.4600067138672,145.433349609375,4886500.0,4.0,1.572316067220953,144.31116818751732,128.1981106821116,55.727583535234196,98.67537713201642,23.079049895017945,138.27491099039713,133.95664024353027,25.68000030517578,20.911511748118965
11,2020-07-17,IBM,118.91969299316406,120.10516357421875,117.78202819824219,101.71029663085938,4167892.0,4.0,0.032690341630839725,101.39805256844846,93.37339747427615,52.90049860718818,44.94583190679654,12.281887069480875,99.19254531860352,99.30116132100423,25.68000030517578,20.911511748118965
11,2020-07-17,INTC,59.41999816894531,60.459999084472656,59.279998779296875,54.38115310668945,16322800.0,4.0,-0.2555382609692529,54.7556251383269,52.276453795388925,50.98625731913631,2.909833724289307,4.95993980071541,54.258191172281904,54.44231472015381,25.68000030517578,20.911511748118965
11,2020-07-17,JNJ,150.0,150.5800018310547,148.69000244140625,137.00161743164062,7441100.0,4.0,1.0171668946268824,137.49746018488096,125.07140044133976,56.38961820646076,155.02381176556304,20.88734625685183,131.6762799580892,133.73318977355956,25.68000030517578,20.911511748118965
11,2020-07-17,JPM,100.0,100.08000183105469,98.13999938964844,89.30988311767578,16137700.0,4.0,0.3764507415656482,91.71484750389278,81.54866262794316,50.881130682217446,6.732348767052404,11.191193966433712,88.99393615722656,86.58155161539713,25.68000030517578,20.911511748118965
11,2020-07-17,KO,46.470001220703125,46.90999984741211,46.130001068115234,42.398441314697266,13899800.0,4.0,0.05768519030472419,42.41684651233178,39.4777102961399,51.93457815277596,37.92552637690622,2.137440652195854,41.550544611612956,41.29290084838867,25.68000030517578,20.911511748118965
11,2020-07-17,MCD,191.33999633789062,191.89999389648438,190.1300048828125,178.00711059570312,1972600.0,4.0,0.879948885493377,178.99692482845117,167.02092642887303,53.912054297992604,47.162970237981504,20.034360977831696,175.2048833211263,172.32042999267577,25.68000030517578,20.911511748118965
11,2020-07-17,MMM,160.86000061035156,161.55999755859375,159.50999450683594,139.8509521484375,2551700.0,4.0,0.7764504737395157,141.12707531592562,131.9528380141525,54.20218039922211,52.967139689456225,15.790112219027572,137.925368754069,134.07517636617024,25.68000030517578,20.911511748118965
11,2020-07-17,MRK,76.0687026977539,76.57442474365234,75.67748260498047,68.76615142822266,8191378.0,4.0,0.28357569004906225,69.18202204215201,64.58782887947883,52.72004685155356,72.06896229423182,15.534446518260717,67.06526959737143,67.2405299504598,25.68000030517578,20.911511748118965
11,2020-07-17,MSFT,204.47000122070312,205.0399932861328,201.38999938964844,196.98184204101562,31635300.0,4.0,4.157900427021048,209.86598018274452,187.73673893346643,56.3550428760611,29.656661763341365,10.025340554517543,194.32667439778646,184.86824747721354,25.68000030517578,20.911511748118965
11,2020-07-17,NKE,96.94999694824219,97.2300033569336,96.04000091552734,93.25875091552734,7405700.0,4.0,-0.004053527891215936,98.72064736871114,90.95938040228496,50.68804157130481,-75.42220441210931,11.909005848723796,95.4458834330241,92.13329416910807,25.68000030517578,20.911511748118965
11,2020-07-17,PG,125.08999633789062,126.06999969482422,124.83000183105469,115.9747543334961,4868600.0,4.0,1.9668522819205094,117.55579372128526,105.76875156680069,58.95909101416457,142.1826825805781,38.157065846585404,110.71681722005208,108.64589500427246,25.68000030517578,20.911511748118965
11,2020-07-17,TRV,120.83000183105469,120.83000183105469,118.58999633789062,110.59882354736328,1301500.0,4.0,1.7652339970482842,111.83744788899112,101.18037208781551,55.64541315159001,73.75660717973895,21.244923850434684,107.60101318359375,100.09226163228352,25.68000030517578,20.911511748118965
11,2020-07-17,UNH,309.0899963378906,310.9700012207031,306.25,292.7698974609375,3016500.0,4.0,3.0210558209855094,295.7988297197568,271.6014968183291,55.11521495176347,113.04886161553877,15.29195638563651,283.23724365234375,280.64579111735026,25.68000030517578,20.911511748118965
11,2020-07-17,V,194.8300018310547,195.57000732421875,193.1199951171875,190.7572784423828,6395000.0,4.0,0.6453235787409142,194.07540591305929,184.62996670656963,53.162163905961094,11.145783242134698,4.895450385292679,189.85738627115884,185.0024762471517,25.68000030517578,20.911511748118965
11,2020-07-17,VZ,56.0,56.599998474121094,55.88999938964844,47.06858825683594,13506300.0,4.0,0.06275071823569789,47.02956213695079,44.14899850147695,53.18505302925991,47.982688818247894,7.493764503001453,46.13770751953125,46.246167945861814,25.68000030517578,20.911511748118965
11,2020-07-17,WBA,41.59000015258789,41.88999938964844,41.310001373291016,35.57844543457031,3740700.0,4.0,-0.38211294662016115,37.977977721429674,33.49416087415138,48.3024980712971,-32.106787863038655,8.701421569710687,36.18888842264811,35.97108198801676,25.68000030517578,20.911511748118965
11,2020-07-17,WMT,133.3699951171875,133.3699951171875,131.47000122070312,125.24527740478516,6063200.0,4.0,2.7134556450478584,128.41766016862957,107.81714589216145,60.18817518054325,156.6507180580268,58.662023537072315,116.70608622233073,117.43713874816895,25.68000030517578,20.911511748118965
12,2020-07-20,AAPL,96.4175033569336,98.5,96.0625,96.43732452392578,90318000.0,0.0,3.2897354126242533,97.65918948737401,85.67052853020412,67.4876682188343,121.26938684393811,51.78781125030515,89.32396723429362,82.41949526468913,24.459999084472656,25.074207479129253
12,2020-07-20,AMGN,260.0799865722656,262.82000732421875,258.32000732421875,235.82200622558594,1497400.0,0.0,6.4074098121662075,242.14877340467848,204.6360685142668,62.091190004452585,116.54771863825115,29.21405568308944,216.89327138264974,212.73876953125,24.459999084472656,25.074207479129253
12,2020-07-20,AXP,94.80000305175781,95.36000061035156,93.58000183105469,90.01427459716797,3560100.0,0.0,-0.6590528239746192,94.99938739031475,86.77290417462666,48.70201527500075,-60.20161482387243,10.566706615316031,93.86635843912761,90.302667872111,24.459999084472656,25.074207479129253
12,2020-07-20,BA,175.1300048828125,176.57000732421875,171.6199951171875,174.4199981689453,25294300.0,0.0,0.6229005502604821,192.83250685955107,167.9494969246286,49.42550949631811,-92.71791160163848,1.5829937143039323,185.95133463541666,162.88483428955078,24.459999084472656,25.074207479129253
12,2020-07-20,CAT,135.75999450683594,136.9499969482422,134.25999450683594,126.14347076416016,2478000.0,0.0,3.2484080329870153,130.04543362708446,110.18856219200735,57.13010679799872,109.18708213928329,25.80418095982487,119.94551391601563,113.49312451680501,24.459999084472656,25.074207479129253
12,2020-07-20,CRM,187.89999389648438,195.30999755859375,187.27000427246094,195.08999633789062,5729000.0,0.0,2.8473473933546245,202.0122488599728,180.10974973621862,56.94529122108345,62.20772719578378,9.83888060877947,187.2229995727539,178.70616607666017,24.459999084472656,25.074207479129253
12,2020-07-20,CSCO,46.66999816894531,47.099998474121094,46.2599983215332,42.535030364990234,15966500.0,0.0,0.3392350065257759,42.821021857073845,40.29671724815077,55.12658824836936,79.46506866091094,12.056831815335272,41.52754783630371,40.58065554300944,24.459999084472656,25.074207479129253
12,2020-07-20,CVX,86.83000183105469,87.48999786376953,84.80000305175781,73.8707046508789,14974800.0,0.0,-1.0552353130849639,79.53293378034635,72.23078234514193,46.59352741339128,-86.49905812090911,18.488044235930534,77.83294474283854,78.55734850565592,24.459999084472656,25.074207479129253
12,2020-07-20,DIS,118.05000305175781,118.48999786376953,116.81999969482422,117.79000091552734,8947900.0,0.0,0.9927382767878754,121.97041524323377,108.60758463469593,52.01764108431433,30.31342897421667,8.351953598242808,116.43833338419596,114.23833325703939,24.459999084472656,25.074207479129253
12,2020-07-20,GS,210.72999572753906,213.1699981689453,210.25,195.83607482910156,2268700.0,0.0,3.4447357299927432,202.7306848249788,174.44730284591967,54.40523704436097,68.67649626529266,25.172138959866963,189.73432210286458,181.20714747111003,24.459999084472656,25.074207479129253
12,2020-07-20,HD,259.0400085449219,261.20001220703125,258.0199890136719,240.8948974609375,2451100.0,0.0,3.664992934156885,241.9674540545688,222.2160237286343,60.03741546657205,154.85906547110295,31.357876828392357,231.51443176269532,224.11515197753906,24.459999084472656,25.074207479129253
12,2020-07-20,HON,154.1199951171875,154.8800048828125,152.52000427246094,143.92274475097656,4876200.0,0.0,1.8496814080249635,145.387956148183,127.87382516285216,54.70282911022225,102.22716313518492,23.07904989501795,138.02532857259115,134.26464233398437,24.459999084472656,25.074207479129253
12,2020-07-20,IBM,120.52581024169922,121.4818344116211,119.63671112060547,102.73464965820312,10384374.0,0.0,0.3689069733034529,102.1287195374957,92.95978754258243,53.84425506572569,83.44043692231598,17.60755556953232,99.03835271199544,99.39093920389811,24.459999084472656,25.074207479129253
12,2020-07-20,INTC,60.08000183105469,61.380001068115234,59.34000015258789,55.423458099365234,16868700.0,0.0,-0.09452776011818287,55.077084988957964,52.09366581975786,52.96609769416342,54.774129851556864,13.539931139236511,54.16181577046712,54.47919775644938,24.459999084472656,25.074207479129253
12,2020-07-20,JNJ,150.22999572753906,150.32000732421875,148.42999267578125,137.23098754882812,6191500.0,0.0,1.2342540445669385,138.30640295139528,124.79175302394651,56.64844673455587,147.54022060855775,19.3032287895668,131.74660873413086,133.65920219421386,24.459999084472656,25.074207479129253
12,2020-07-20,JPM,97.43000030517578,98.38999938964844,97.26000213623047,88.52741241455078,14458100.0,0.0,0.3833594339868256,91.76212027960894,81.54086968010786,50.25530298708299,-5.4263492579660735,6.839382249702283,88.60402145385743,86.71458015441894,24.459999084472656,25.074207479129253
12,2020-07-20,KO,46.720001220703125,46.83000183105469,45.849998474121094,41.76454544067383,16633200.0,0.0,0.08506893474812927,42.43132569537889,39.47228644146193,50.155218455733674,25.373010880166646,1.7429776797664542,41.47423464457194,41.314872360229494,24.459999084472656,25.074207479129253
12,2020-07-20,MCD,190.89999389648438,192.77000427246094,190.3699951171875,178.1279754638672,2157100.0,0.0,1.0662645780431603,179.65482164693228,166.83249829935679,53.99747359773275,61.790154629620524,22.747079588736607,175.03289998372395,172.48738835652668,24.459999084472656,25.074207479129253
12,2020-07-20,MMM,158.85000610351562,158.8699951171875,156.3699951171875,136.82345581054688,1790100.0,0.0,0.6606620146835382,140.9697991642517,131.95436465410768,51.60144843771283,-4.713010141280515,3.786558139314807,137.6033686319987,134.27143046061198,24.459999084472656,25.074207479129253
12,2020-07-20,MRK,76.21183013916016,76.52671813964844,75.44847106933594,68.37012481689453,5434194.0,0.0,0.3328319806874873,69.34075217711184,64.55910820496824,51.96139686736523,69.42493595381357,13.130570242223252,67.00209541320801,67.22858893076578,24.459999084472656,25.074207479129253
12,2020-07-20,MSFT,205.0,212.3000030517578,203.00999450683594,205.44833374023438,36884800.0,0.0,4.2740526778984815,210.12308795793388,189.07680828230048,60.430109891670334,79.56797073817675,25.55817539613227,195.11636352539062,185.52615000406902,24.459999084472656,25.074207479129253
12,2020-07-20,NKE,95.5,96.3499984741211,95.11000061035156,92.64849853515625,5822300.0,0.0,-0.14651399917397612,98.72884410200078,90.93859059038203,50.10336105934439,-103.14730251628913,16.364911198750878,95.21793467203776,92.2707955678304,24.459999084472656,25.074207479129253
12,2020-07-20,PG,125.47000122070312,125.83999633789062,124.79000091552734,115.6147232055664,4242100.0,0.0,1.973937108748288,118.03005157671974,105.87792266644432,58.35160545278361,122.91994793613704,37.68905475536019,110.92944819132487,108.73574790954589,24.459999084472656,25.074207479129253
12,2020-07-20,TRV,118.88999938964844,120.4000015258789,118.18000030517578,110.23683166503906,1174100.0,0.0,1.8196705649178568,112.15068692211248,101.07225314136407,55.323984449266845,71.54285363621558,19.217274942542705,107.45361633300782,100.38597653706869,24.459999084472656,25.074207479129253
12,2020-07-20,UNH,306.7900085449219,308.6000061035156,302.3800048828125,289.83770751953125,2375500.0,0.0,2.9966215526405904,296.3844415233594,272.1830267383594,53.968472668133714,84.45757082979914,7.108250275332466,283.01270955403646,280.95387217203773,24.459999084472656,25.074207479129253
12,2020-07-20,V,194.74000549316406,199.47999572753906,193.6699981689453,194.0621795654297,6985300.0,0.0,0.9596958939859803,194.77317742937,184.54526586896984,54.92263200775019,90.5546192362703,15.808376488227779,189.82022959391276,185.52996342976888,24.459999084472656,25.074207479129253
12,2020-07-20,VZ,56.279998779296875,56.279998779296875,55.65999984741211,46.70909118652344,10572900.0,0.0,0.11216058541858587,47.08266602981637,44.12378996383597,51.95180377217755,32.64595498533311,3.632885025445229,46.103463872273764,46.231113052368165,24.459999084472656,25.074207479129253
12,2020-07-20,WBA,41.189998626708984,41.189998626708984,40.220001220703125,34.75383377075195,4063100.0,0.0,-0.3974246281702847,37.61145922596472,33.54543660228235,46.736443876396265,-76.50298616354267,16.82608728122549,36.048876698811846,35.93454132080078,24.459999084472656,25.074207479129253
12,2020-07-20,WMT,131.9600067138672,132.74000549316406,131.13999938964844,124.98860168457031,6114200.0,0.0,2.764995085594606,129.20916516710824,108.13035585950308,59.79875174090745,131.9016431240952,55.69749622970976,117.02013524373372,117.49264259338379,24.459999084472656,25.074207479129253
13,2020-07-21,AAPL,99.17250061035156,99.25,96.74250030517578,95.10633850097656,103433200.0,1.0,3.1692838313056484,97.93866827177249,86.10508249116697,65.0190176123112,113.84313702493932,53.98098936272252,89.76959457397462,82.85169766743978,24.84000015258789,40.271223828257995
13,2020-07-21,AMGN,258.6199951171875,260.0299987792969,257.2799987792969,233.07470703125,1821600.0,1.0,6.320926136680583,242.8385571392949,206.08987456236525,60.27851659448131,96.15910460874419,26.483023435590074,217.86204325358074,213.088481648763,24.84000015258789,40.271223828257995
13,2020-07-21,AXP,95.25,97.45999908447266,94.7300033569336,92.24546813964844,4227100.0,1.0,-0.5062365978443921,94.50376988150865,87.01371821663588,50.30860529776884,-27.260028117156807,1.7023958530294054,93.32925440470378,90.51869646708171,24.84000015258789,40.271223828257995
13,2020-07-21,BA,178.42999267578125,182.64999389648438,176.75,178.6300048828125,40740500.0,1.0,0.5365450266149878,191.7498806919329,168.04312315328195,50.408127224268,-48.02061647306833,9.302871041551345,184.2223347981771,163.71233444213868,24.84000015258789,40.271223828257995
13,2020-07-21,CAT,134.77000427246094,137.17999267578125,134.42999267578125,127.30531311035156,3221100.0,1.0,3.2933330651448927,130.94153626058443,110.32453048135892,57.84393252223568,120.63613885758245,26.37843135723693,119.91970774332682,113.84726142883301,24.84000015258789,40.271223828257995
13,2020-07-21,CRM,196.0,196.5,189.47999572753906,190.8000030517578,5376800.0,1.0,2.61950469598483,201.96672189725896,180.0702776144598,54.67276890570885,54.69617525379564,12.076082227141995,187.6979995727539,179.31983286539713,24.84000015258789,40.271223828257995
13,2020-07-21,CSCO,47.279998779296875,47.33000183105469,46.849998474121094,42.5803108215332,16044700.0,1.0,0.3683694672142934,42.91092950638391,40.40721128646277,55.23895206779766,116.04646427557527,14.628989252695119,41.505397160847984,40.6535898844401,24.84000015258789,40.271223828257995
13,2020-07-21,CVX,86.47000122070312,91.7300033569336,86.36000061035156,79.17256164550781,15115000.0,1.0,-0.685923106003969,79.49032785184853,72.25606191865928,51.57144322873899,3.066518167674832,1.8898897997854405,77.49075037638346,78.63876635233561,24.84000015258789,40.271223828257995
13,2020-07-21,DIS,118.05000305175781,120.38999938964844,117.66000366210938,118.62000274658203,8946300.0,1.0,1.0159115394294957,122.26627040398625,108.58172993170712,52.62476400222778,67.73945921260085,15.511593070188814,116.14966684977213,114.52883326212564,24.84000015258789,40.271223828257995
13,2020-07-21,GS,212.25,213.80999755859375,210.38999938964844,196.122802734375,3393500.0,1.0,3.4476669363300516,203.52060883114208,174.45289428165088,54.502942971126764,79.64108812765666,26.048861543622735,189.46329091389973,181.76400248209634,24.84000015258789,40.271223828257995
13,2020-07-21,HD,261.6199951171875,263.8699951171875,260.7200012207031,242.9781951904297,2439900.0,1.0,3.979522921167245,243.68223529506326,221.72900432896017,60.983644362978154,178.81015715767816,36.80519155929137,231.68881378173828,224.90988591512044,24.84000015258789,40.271223828257995
13,2020-07-21,HON,153.8800048828125,157.02000427246094,153.8800048828125,145.20816040039062,2394000.0,1.0,2.1484517250409,146.6412220372876,127.54194904425538,55.424373426359416,142.92734120272536,28.34115325305297,137.7701161702474,134.58102734883627,24.84000015258789,40.271223828257995
13,2020-07-21,IBM,125.3919677734375,126.35755157470703,120.26768493652344,102.48261260986328,16063004.0,1.0,0.6080149746232166,102.82789837706824,92.66627734314662,53.571035588913155,136.36501970687232,33.006461179096966,98.77576370239258,99.43145866394043,24.84000015258789,40.271223828257995
13,2020-07-21,INTC,61.52000045776367,61.93000030517578,60.439998626708984,55.01559829711914,19803700.0,1.0,0.00016148293488527088,55.19117228152482,52.034865697601155,52.11396781505385,96.32448860181476,18.255927245286937,54.07208697001139,54.505978457132976,24.84000015258789,40.271223828257995
13,2020-07-21,JNJ,149.60000610351562,151.6699981689453,149.5,137.359375,5575900.0,1.0,1.4005127302879146,139.07990627346732,124.60074787081982,56.79691921646933,158.03985088133885,24.77436186892993,131.83742396036783,133.59722379048665,24.84000015258789,40.271223828257995
13,2020-07-21,JPM,97.70999908447266,100.05000305175781,97.63999938964844,90.44718170166016,17798100.0,1.0,0.5375474474310948,92.19836147832714,81.43159610223927,51.761211630519725,33.96269966441975,13.653881504952004,88.21142145792643,86.85978126525879,24.84000015258789,40.271223828257995
13,2020-07-21,KO,47.52000045776367,47.9900016784668,46.93000030517578,42.7425537109375,25681500.0,1.0,0.1835717425838297,42.691069392922124,39.34475481056909,52.73957609031013,110.21876775587874,12.909871546756255,41.40779037475586,41.34775956471761,24.84000015258789,40.271223828257995
13,2020-07-21,MCD,192.3300018310547,194.89999389648438,192.0,179.40158081054688,3505400.0,1.0,1.301685395268379,180.4706903306325,166.52978726946517,54.90848030883031,105.26786713158901,29.046384315631045,174.73324686686198,172.64509811401368,24.84000015258789,40.271223828257995
13,2020-07-21,MMM,157.0,159.6300048828125,156.99000549316406,138.07469177246094,2757200.0,1.0,0.662229344126473,141.06810453395457,131.95318147678762,52.574354559492015,26.85904982292769,6.29978825922231,137.33882700602214,134.44998372395833,24.84000015258789,40.271223828257995
13,2020-07-21,MRK,76.0687026977539,76.45037841796875,75.1812973022461,67.92239379882812,8967526.0,1.0,0.33191370005204135,69.43371386467568,64.65039334357628,51.101365598700205,65.72032611299724,10.269322387688542,66.90577430725098,67.20135580698648,24.84000015258789,40.271223828257995
13,2020-07-21,MSFT,213.66000366210938,213.94000244140625,208.02999877929688,202.68118286132812,37990400.0,1.0,4.095606619979236,210.3458127012575,189.6483019838011,58.58080454372279,87.20166330562,28.53724365024472,195.7762705485026,186.0874237060547,24.84000015258789,40.271223828257995
13,2020-07-21,NKE,96.91999816894531,99.0,96.0999984741211,95.27346801757812,5855600.0,1.0,-0.04705937837128715,98.61096810556572,90.94507513784248,52.53940073741552,-14.059852855060944,0.8296228806928412,95.02647094726562,92.4356206258138,24.84000015258789,40.271223828257995
13,2020-07-21,PG,125.48999786376953,126.63999938964844,124.91999816894531,115.4577865600586,5162300.0,1.0,1.9444737266070575,118.3576477714546,106.22606881179735,58.08174922860521,117.28481227195977,41.89697225471183,111.11469268798828,108.83252449035645,24.84000015258789,40.271223828257995
13,2020-07-21,TRV,119.44999694824219,121.69999694824219,119.2300033569336,111.76829528808594,1330200.0,1.0,1.963751349390165,112.7878757614285,100.8239620071262,56.42556969918819,114.39800190487335,23.550674321019695,107.24540049235026,100.69953002929688,24.84000015258789,40.271223828257995
13,2020-07-21,UNH,305.0299987792969,307.0,303.1099853515625,291.4136047363281,2340200.0,1.0,3.0690409602328828,297.1615346960522,272.5940896935963,54.49487005603141,91.68110772149576,7.108250275332466,282.91583557128905,281.1937510172526,24.84000015258789,40.271223828257995
13,2020-07-21,V,200.0,200.1699981689453,195.67999267578125,192.11639404296875,7218700.0,1.0,1.039842926714016,194.9490767899328,184.5179871138758,53.69346049482776,102.07873479658066,17.59218074827412,189.71853942871093,186.00972798665364,24.84000015258789,40.271223828257995
13,2020-07-21,VZ,55.84000015258789,56.5,55.79999923706055,46.68401336669922,12619700.0,1.0,0.1475933266679874,47.18383436235877,44.08934678998498,51.86501701327183,46.7996928950089,7.0466213033771945,46.058738962809244,46.21095530192057,24.84000015258789,40.271223828257995
13,2020-07-21,WBA,40.5,41.5099983215332,40.25,34.71089172363281,6680200.0,1.0,-0.4083174806857812,37.38430274327498,33.529505316417406,46.65495627965248,-67.4509935689835,13.652096660896373,35.85961761474609,35.89388758341472,24.84000015258789,40.271223828257995
13,2020-07-21,WMT,131.55999755859375,133.99000549316406,131.4499969482422,125.80618286132812,7237500.0,1.0,2.8390852245039895,130.07745145028485,108.27456499868975,60.63793750945506,128.0999047321958,58.81347824577381,117.37157694498698,117.54741694132487,24.84000015258789,40.271223828257995
14,2020-07-22,AAPL,96.69249725341797,97.9749984741211,96.60250091552734,95.37352752685547,89001600.0,2.0,3.0601099638890474,98.30275300055597,86.29398772210028,65.28274122102117,98.69303468498347,52.59586617875893,90.13809127807617,83.2875384012858,24.31999969482422,26.588380260446915
14,2020-07-22,AMGN,259.7900085449219,260.0,255.8000030517578,232.23428344726562,1598100.0,2.0,6.114092587800684,243.28455063823353,207.56244795795786,59.72672659747551,85.52568973355736,22.54305253209081,218.82840677897136,213.33218002319336,24.31999969482422,26.588380260446915
14,2020-07-22,AXP,95.80999755859375,97.41000366210938,95.37999725341797,92.44657135009766,4360300.0,2.0,-0.3646972859646809,93.98496121251989,87.29974185144496,50.45329065935132,-16.960926871417414,1.7023958530294074,92.9008544921875,90.70804913838704,24.31999969482422,26.588380260446915
14,2020-07-22,BA,176.42999267578125,182.9499969482422,175.38999938964844,179.7899932861328,29790300.0,2.0,0.555307779275978,190.73468227773603,168.24932040781087,50.68125083684069,-42.2094321765257,7.290528935542374,182.99066772460938,164.56416778564454,24.31999969482422,26.588380260446915
14,2020-07-22,CAT,135.25,137.8699951171875,135.19000244140625,128.3453369140625,2156800.0,2.0,3.3739647406057145,131.91957690501596,110.43978283619498,58.48407093567554,129.54599300597928,28.161522511070448,120.03799896240234,114.20075187683105,24.31999969482422,26.588380260446915
14,2020-07-22,CRM,190.77999877929688,191.8699951171875,188.8699951171875,191.30999755859375,2833000.0,2.0,2.4518268772690988,202.04065808796037,180.22134142375836,54.894137228775215,32.094721732841016,10.57266432543951,188.25633290608724,179.88116607666015,24.31999969482422,26.588380260446915
14,2020-07-22,CSCO,47.02000045776367,47.11000061035156,46.529998779296875,42.471641540527344,27218300.0,2.0,0.37832889442888273,42.98187301356734,40.49794914524614,54.89767226565521,100.49529002437525,9.850648142121656,41.48201993306478,40.716626485188804,24.31999969482422,26.588380260446915
14,2020-07-22,CVX,89.94999694824219,91.25,88.9000015258789,78.86934661865234,10317500.0,2.0,-0.4129472409916275,79.40832538635404,72.30341167419284,51.288616399674694,32.56835066398147,1.8898897997854431,77.187828318278,78.67671051025391,24.31999969482422,26.588380260446915
14,2020-07-22,DIS,118.19000244140625,119.30000305175781,117.93000030517578,119.02999877929688,7063300.0,2.0,1.0551961262806344,122.56064876364285,108.53135181619113,52.929112581549255,73.70606239289604,15.511593070188795,115.98766682942708,114.74499994913737,24.31999969482422,26.588380260446915
14,2020-07-22,GS,210.5,211.0,205.35000610351562,190.55421447753906,4978400.0,2.0,2.9664559471735004,203.59296610104033,174.49339254153782,52.25327778894667,33.78652272509057,14.732675520349925,189.09019927978517,182.12784678141276,24.31999969482422,26.588380260446915
14,2020-07-22,HD,262.5899963378906,265.5899963378906,262.0,245.52444458007812,2750000.0,2.0,4.383718470037138,245.75890367166173,221.02824690206873,62.11774429418935,188.91025778012735,40.07972569715497,231.94837799072266,225.66145884195964,24.31999969482422,26.588380260446915
14,2020-07-22,HON,154.11000061035156,155.61000061035156,153.91000366210938,145.0674285888672,1798600.0,2.0,2.346820783606603,147.71844522444087,127.37954824479743,55.324561631579556,142.58022253741922,28.341153253052966,137.6609629313151,134.82738456726074,24.31999969482422,26.588380260446915
14,2020-07-22,IBM,120.36328887939453,123.77629089355469,120.26768493652344,104.60447692871094,8572388.0,2.0,0.9576868874214313,104.04152629577155,92.20545704163081,55.53601128631684,144.00645128330694,33.006461179096966,98.6890474955241,99.49129816691081,24.31999969482422,26.588380260446915
14,2020-07-22,INTC,61.310001373291016,61.77000045776367,60.619998931884766,55.332820892333984,18959900.0,2.0,0.09965187773223505,55.39637441951164,51.93208131474129,52.72590592089537,118.99240374585577,18.255927245286944,54.01196530659993,54.53489170074463,24.31999969482422,26.588380260446915
14,2020-07-22,JNJ,149.92999267578125,150.41000366210938,147.85000610351562,137.60702514648438,5910200.0,2.0,1.5345676925491034,139.83818340203638,124.49835300543431,57.09016878443736,129.46220985750816,14.621200611406394,131.96126073201498,133.54802742004395,24.31999969482422,26.588380260446915
14,2020-07-22,JPM,99.6500015258789,100.12999725341797,97.52999877929688,89.79208374023438,14271200.0,2.0,0.5999655983927425,92.40556899848696,81.37952087578063,51.213918113035476,41.5253950756836,13.068025156638551,87.8843869527181,86.93534507751465,24.31999969482422,26.588380260446915
14,2020-07-22,KO,47.93000030517578,48.52000045776367,47.029998779296875,43.901668548583984,29831200.0,2.0,0.3511193227507263,43.258394707621775,39.03460875612335,55.564276338542086,161.58467474768594,18.633161048892074,41.40541025797526,41.37977358500163,24.31999969482422,26.588380260446915
14,2020-07-22,MCD,193.2100067138672,199.64999389648438,193.0500030517578,184.64474487304688,3484400.0,2.0,1.8895559847437369,182.62683499030388,165.48920962639536,58.41561173317204,188.3425178936975,40.593900232735066,174.70535837809246,172.86141204833984,24.31999969482422,26.588380260446915
14,2020-07-22,MMM,157.42999267578125,159.92999267578125,157.02000427246094,138.87094116210938,1899600.0,2.0,0.7194290054668215,141.17459873014005,131.92281185335602,53.19376065071761,48.94811628874758,7.3212562206774,137.1057856241862,134.54578119913737,24.31999969482422,26.588380260446915
14,2020-07-22,MRK,75.68701934814453,76.10687255859375,74.44656372070312,67.82768249511719,12362103.0,2.0,0.3198564394285057,69.50961045920488,64.71741743386153,50.916947444114065,56.70857250716584,2.6382673165189234,66.82451871236165,67.13624095916748,24.31999969482422,26.588380260446915
14,2020-07-22,MSFT,209.1999969482422,212.3000030517578,208.38999938964844,205.59396362304688,49605700.0,2.0,4.141483454510251,210.93583990882794,190.01366570640644,59.91653465651046,87.75769624532893,28.53724365024472,196.48666534423828,186.70531209309897,24.31999969482422,26.588380260446915
14,2020-07-22,NKE,98.16000366210938,98.98999786376953,97.91000366210938,95.80622863769531,4097000.0,2.0,0.0738966204820315,98.03080852121478,91.23368122487896,53.02095843752175,30.702105805298103,0.8296228806928257,94.90636240641275,92.59322141011556,24.31999969482422,26.588380260446915
14,2020-07-22,PG,125.5,126.4000015258789,124.20999908447266,116.44554901123047,5929200.0,2.0,1.978026500503205,118.76674959655615,106.59333341125635,59.30707054757295,107.59445579286142,33.35344965402683,111.35471038818359,108.96622657775879,24.31999969482422,26.588380260446915
14,2020-07-22,TRV,119.41000366210938,122.55999755859375,119.02999877929688,113.45753479003906,1317500.0,2.0,2.1890103704357813,113.7605408923049,100.41283099490212,57.61799979304528,145.48498022748814,26.344727640709614,107.14701639811197,101.00942929585774,24.31999969482422,26.588380260446915
14,2020-07-22,UNH,304.8599853515625,306.9100036621094,301.80999755859375,292.94183349609375,1935800.0,2.0,3.212714973111474,298.1073058605841,272.51842961304874,55.01098749998551,95.95023659398736,4.267352470106664,282.878461710612,281.41646270751954,24.31999969482422,26.588380260446915
14,2020-07-22,V,196.47999572753906,199.0,196.25,194.4435272216797,6823400.0,2.0,1.276426377703416,195.13990286845666,184.41418190937537,54.94110598193916,125.1322316398553,17.592180748274128,189.71136881510418,186.45604248046874,24.31999969482422,26.588380260446915
14,2020-07-22,VZ,55.84000015258789,55.95000076293945,55.369998931884766,46.608768463134766,11223500.0,2.0,0.16766960369677975,47.29856433956335,44.09334278018763,51.59747508198071,26.825659293692627,0.33024432811973725,46.01784426371257,46.19119688669841,24.31999969482422,26.588380260446915
14,2020-07-22,WBA,40.400001525878906,40.720001220703125,40.0,34.95140075683594,4288500.0,2.0,-0.39301267039898136,37.20145204141827,33.53025419637469,47.1884589420525,-82.33305003715455,15.567799125292467,35.72819544474284,35.84747486114502,24.31999969482422,26.588380260446915
14,2020-07-22,WMT,132.57000732421875,133.02999877929688,131.19000244140625,126.11992645263672,5388200.0,2.0,2.889806785355006,130.87230672423408,108.58157129700615,60.96144145482258,111.71048677931995,56.36817405958645,117.7299914042155,117.62540448506674,24.31999969482422,26.588380260446915
15,2020-07-23,AAPL,96.99749755859375,97.07749938964844,92.01000213623047,91.03245544433594,197004400.0,3.0,2.593405486095122,98.17049212452672,86.70372281077603,57.940916588399645,34.38894269344834,16.004236890650436,90.2895751953125,83.66972897847494,26.079999923706055,37.84229207608446
15,2020-07-23,AMGN,259.5400085449219,260.0,251.60000610351562,227.9507293701172,2532000.0,3.0,5.540659224685783,242.67698823799745,209.95302427420958,56.97669429444318,65.3487548791595,11.963006945973117,219.58510996500652,213.5756975809733,26.079999923706055,37.84229207608446
15,2020-07-23,AXP,95.51000213623047,97.77999877929688,95.51000213623047,92.57105255126953,4239800.0,3.0,-0.2397184439601574,94.16976162100659,87.27019351815358,50.54549625531477,-6.444072957970516,0.08691319603191688,92.61323954264323,90.84974695841471,26.079999923706055,37.84229207608446
15,2020-07-23,BA,178.0,182.5,175.4199981689453,176.4499969482422,29587200.0,3.0,0.2972411935316188,190.73577962742243,168.22422250880803,49.86326635802696,-51.619843659732496,7.290528935542389,182.09200083414714,165.31666768391926,26.079999923706055,37.84229207608446
15,2020-07-23,CAT,136.89999389648438,137.52000427246094,135.7100067138672,127.98931121826172,1613700.0,3.0,3.3702870548703174,132.4170190191768,111.38970171446579,58.171258808653654,121.15768272667667,28.161522511070437,120.19867299397787,114.54427846272786,26.079999923706055,37.84229207608446
15,2020-07-23,CRM,191.47999572753906,194.57000732421875,187.50999450683594,188.5399932861328,3639500.0,3.0,2.0715453180531256,201.94738705539586,180.6136114797604,53.42803687182925,22.999695236365543,15.90983550411924,188.47099914550782,180.44916585286458,26.079999923706055,37.84229207608446
15,2020-07-23,CSCO,46.97999954223633,47.70000076293945,46.68000030517578,42.93347930908203,23750200.0,3.0,0.41866218339135486,43.003166632381316,40.74921259430325,56.0903711976223,147.94326561205884,16.69482062755296,41.49290606180827,40.795896212259926,26.079999923706055,37.84229207608446
15,2020-07-23,CVX,90.5,91.37999725341797,90.0199966430664,78.84334564208984,6586300.0,3.0,-0.1964454617932887,79.79765706233037,72.20602793522822,51.26367715647719,61.82516355548472,2.4774949837184295,76.99810460408528,78.71137517293295,26.079999923706055,37.84229207608446
15,2020-07-23,DIS,118.86000061035156,119.3499984741211,117.01000213623047,118.12000274658203,7255800.0,3.0,1.0013573455482003,122.75292959930061,108.94407128570916,52.15973702051745,65.333631995419,10.725554324656883,115.85233357747396,114.94350001017253,26.079999923706055,37.84229207608446
15,2020-07-23,GS,205.10000610351562,206.02000427246094,202.0500030517578,187.79762268066406,4088600.0,3.0,2.3357339639277654,203.57625426848458,174.97261200348808,51.17164969071785,-7.7619624247246,7.949546874939825,188.76644032796224,182.39258321126303,26.079999923706055,37.84229207608446
15,2020-07-23,HD,267.79998779296875,267.79998779296875,261.79998779296875,244.26513671875,2680100.0,3.0,4.54998138155247,247.19660056767367,221.22755867304897,61.2074885747056,175.5760806787651,44.060882358439066,232.237260945638,226.39403686523437,26.079999923706055,37.84229207608446
15,2020-07-23,HON,154.36000061035156,155.49000549316406,152.8699951171875,144.24172973632812,2625600.0,3.0,2.409626026056884,148.17256071476325,128.36850221248287,54.72638356765506,132.67425343655447,23.64396143937989,137.64876505533854,135.01527188618977,26.079999923706055,37.84229207608446
15,2020-07-23,IBM,123.42256164550781,123.6806869506836,121.55831909179688,103.51509857177734,4414225.0,3.0,1.133830575386341,104.71257267966594,92.42135905251179,54.31513010253836,152.78894826094822,33.00646117909696,98.6202163696289,99.5283021291097,26.079999923706055,37.84229207608446
15,2020-07-23,INTC,61.2599983215332,61.7400016784668,59.97999954223633,54.74369430541992,43518600.0,3.0,0.12946870572297087,55.52035732017955,51.92683048499624,51.46245916156804,106.8471415780019,10.259109365993163,53.90713068644206,54.56480134328206,26.079999923706055,37.84229207608446
15,2020-07-23,JNJ,150.2100067138672,150.85000610351562,149.27999877929688,137.24014282226562,6566300.0,3.0,1.5928415921887051,140.37473287036303,124.8598595673811,56.50240736986673,136.75105997158417,16.556747057036368,132.01660588582357,133.53674812316893,26.079999923706055,37.84229207608446
15,2020-07-23,JPM,98.5,99.3499984741211,97.97000122070312,90.05594635009766,12870200.0,3.0,0.6630803624868946,92.76301231599595,81.49824256681654,51.42791010577571,52.578948220649536,13.068025156638575,87.70070571899414,87.0052448272705,26.079999923706055,37.84229207608446
15,2020-07-23,KO,48.470001220703125,48.56999969482422,48.029998779296875,43.720558166503906,15935000.0,3.0,0.4639398827411938,43.68450447112303,38.93721755951662,55.03261504465743,187.26804950777023,19.16884394211768,41.408360163370766,41.40936724344889,26.079999923706055,37.84229207608446
15,2020-07-23,MCD,198.4600067138672,199.27000427246094,196.00999450683594,183.6500244140625,2702200.0,3.0,2.2492540340747382,184.14115785913643,165.2075878684026,57.537322265736286,197.84543150229496,40.59390023273507,174.75958760579428,173.06053212483724,26.079999923706055,37.84229207608446
15,2020-07-23,MMM,159.0,159.64999389648438,158.36000061035156,139.3784637451172,2695100.0,3.0,0.7965310657828866,141.36468345306028,132.3513535342444,53.59340296093883,77.66840677955136,7.321256220677396,136.97132873535156,134.59285481770834,26.079999923706055,37.84229207608446
15,2020-07-23,MRK,75.52481079101562,75.57251739501953,73.95992279052734,67.2077865600586,11558916.0,3.0,0.25731439210422025,69.45060821757095,64.96497253194077,49.702470232315946,35.73677309191308,2.155834517481572,66.73655153910319,67.10065670013428,26.079999923706055,37.84229207608446
15,2020-07-23,MSFT,207.19000244140625,210.9199981689453,202.14999389648438,196.65171813964844,67457000.0,3.0,3.4168889307006793,210.57639367549652,190.8294473889566,54.35007282209848,27.996772883281178,9.487218835492607,196.6711420694987,187.24258524576823,26.079999923706055,37.84229207608446
15,2020-07-23,NKE,98.3499984741211,100.18000030517578,97.72000122070312,95.2153549194336,4530500.0,3.0,0.12068536433217503,97.78174562339757,91.31032972450282,52.410829030309735,48.49556671244403,5.634918431174267,94.78302536010742,92.75015335083008,26.079999923706055,37.84229207608446
15,2020-07-23,PG,126.12000274658203,127.18000030517578,125.5999984741211,117.19895935058594,6664800.0,3.0,2.041873783470109,119.05213123835765,107.28058970890797,60.224483744849046,118.7077943312059,37.75464478478362,111.59245529174805,109.12110176086426,26.079999923706055,37.84229207608446
15,2020-07-23,TRV,121.68000030517578,122.30000305175781,117.5,110.08834838867188,2127200.0,3.0,2.0717823649301295,114.06093690762759,100.64612409701107,54.538625593101564,107.73360648671273,18.133817668210998,107.07369232177734,101.24166221618653,26.079999923706055,37.84229207608446
15,2020-07-23,UNH,308.20001220703125,308.5,301.2699890136719,289.36968994140625,2367700.0,3.0,3.0037106258690756,298.1307129752528,273.81211844564564,53.54256462752166,88.06255618506908,7.475897318692952,282.8316975911458,281.66871744791666,26.079999923706055,37.84229207608446
15,2020-07-23,V,198.44000244140625,200.9499969482422,196.42999267578125,193.04527282714844,6106700.0,3.0,1.3356959516760014,195.47517839341256,184.6675309571734,54.036162239408846,140.9773281979608,22.86952033164063,189.6119593302409,186.88734970092773,26.079999923706055,37.84229207608446
15,2020-07-23,VZ,55.810001373291016,56.09000015258789,55.400001525878906,46.69236755371094,16718700.0,3.0,0.18815698917901358,47.373368068480126,44.22912598059214,51.88275147729233,42.29712438376924,2.0197062052509804,45.974500020345054,46.17255630493164,26.079999923706055,37.84229207608446
15,2020-07-23,WBA,40.900001525878906,40.97999954223633,40.029998779296875,34.65076446533203,4704000.0,3.0,-0.4005253275261609,37.19346268843087,33.46694952775566,46.58599486019158,-77.45550204267913,12.786000493299573,35.61538454691569,35.79293727874756,26.079999923706055,37.84229207608446
15,2020-07-23,WMT,133.0,133.14999389648438,131.30999755859375,125.15019989013672,5598800.0,3.0,2.819256524222837,131.36304080901547,109.16893016876774,59.40048982133688,99.0245954384,56.69712066307982,118.06210250854492,117.69196243286133,26.079999923706055,37.84229207608446
16,2020-07-24,AAPL,90.98750305175781,92.97000122070312,89.1449966430664,90.80693817138672,185438800.0,4.0,2.1802093693421654,98.11906544257309,86.89290660332534,57.59283571670112,-15.88007005977546,0.011302124592304173,90.57195281982422,84.01088129679361,25.84000015258789,151.12015513521249
16,2020-07-24,AMGN,251.25999450683594,251.8300018310547,245.5,224.10093688964844,2187900.0,4.0,4.7211407027243695,241.96204256663185,211.83104062428612,54.63775861020349,27.821954245764594,1.2709251703560018,220.4611022949219,213.78467381795247,25.84000015258789,151.12015513521249
16,2020-07-24,AXP,95.30000305175781,97.1500015258789,93.30000305175781,91.28787231445312,4790300.0,4.0,-0.24143066989684314,93.86853462842979,87.37242682786905,49.561942876621494,-36.40402431019885,9.287163829878152,92.52307739257813,90.84406750996908,25.84000015258789,151.12015513521249
16,2020-07-24,BA,175.67999267578125,181.10000610351562,173.60000610351562,173.75999450683594,28548000.0,4.0,-0.12292218029514856,190.78677825022186,168.06122284841098,49.20164832929561,-76.07631687842012,4.352665692617431,182.217333984375,165.89600092569987,25.84000015258789,151.12015513521249
16,2020-07-24,CAT,137.1999969482422,138.69000244140625,136.85000610351562,128.90753173828125,2036300.0,4.0,3.4022462080436213,133.11948976001568,111.97996626415423,58.759771664437714,124.31992991370358,31.381633213655537,120.72754414876302,114.831808980306,25.84000015258789,151.12015513521249
16,2020-07-24,CRM,186.05999755859375,188.94000244140625,184.3800048828125,188.49000549316406,3908400.0,4.0,1.7460089412448099,201.94638929964043,180.62961015104315,53.40141140372949,-21.499080812653908,7.927776457990294,189.018999226888,180.9168327331543,25.84000015258789,151.12015513521249
16,2020-07-24,CSCO,47.4900016784668,47.63999938964844,46.11000061035156,42.01884460449219,16983600.0,4.0,0.37252894693151717,42.90854783332132,40.98269514763571,53.20774572453361,83.41574852073938,8.210556812953243,41.58561693827311,40.84719333648682,25.84000015258789,151.12015513521249
16,2020-07-24,CVX,91.4800033569336,92.73999786376953,89.9800033569336,78.08100128173828,6620500.0,4.0,-0.08539666111845179,79.91022280293895,72.17316342752981,50.5186048454837,68.43167676830602,8.599438804452756,77.02005157470703,78.66631215413412,25.84000015258789,151.12015513521249
16,2020-07-24,DIS,115.69999694824219,118.20999908447266,115.52999877929688,117.61000061035156,8233300.0,4.0,0.9070805538158453,122.76946473594322,109.55253614906655,51.723833643380296,34.44790247663215,3.360995212816318,116.01800028483073,115.03283335367838,25.84000015258789,151.12015513521249
16,2020-07-24,GS,203.0,204.92999267578125,201.32000732421875,186.3638458251953,3191500.0,4.0,1.7005851513880827,203.32938027958303,174.6986974181709,50.60799141708178,-24.63526972525704,6.461200667769402,188.99276224772134,182.58715362548827,25.84000015258789,151.12015513521249
16,2020-07-24,HD,265.0400085449219,266.8900146484375,262.989990234375,245.6540069580078,2984500.0,4.0,4.73918577425826,248.63383253475993,221.63566819766194,61.84538162142492,161.7059540600135,44.06088235843907,233.03477986653647,227.08564046223958,25.84000015258789,151.12015513521249
16,2020-07-24,HON,154.0,154.25,149.0399932861328,140.20713806152344,4368300.0,4.0,2.109524518008641,148.28920084612218,128.9058400474325,51.8904187391641,70.47098129066714,8.07300295100498,137.8361078898112,135.083136622111,25.84000015258789,151.12015513521249
16,2020-07-24,IBM,120.91778564453125,122.03633117675781,119.98088073730469,102.26311492919922,3693531.0,4.0,1.1590404041516535,105.13817187854252,92.54532421520747,52.931698430207454,103.45698999105944,23.8583244064235,98.83104553222657,99.5120839436849,25.84000015258789,151.12015513521249
16,2020-07-24,INTC,52.150001525878906,52.18000030517578,49.5,45.852378845214844,182269900.0,4.0,-0.5579246846222716,57.317937046724396,49.411419719022675,37.4511502171188,-551.8002915369437,49.50800058879957,53.63190167744954,54.400708262125654,25.84000015258789,151.12015513521249
16,2020-07-24,JNJ,150.5,150.60000610351562,147.02999877929688,135.87330627441406,5405900.0,4.0,1.5113103462978188,140.58925548517593,125.42046817815417,54.34604979620058,97.10041026838378,3.705468442266926,132.2382911682129,133.5201493581136,25.84000015258789,151.12015513521249
16,2020-07-24,JPM,99.5999984741211,99.80000305175781,97.94000244140625,89.4190673828125,12744200.0,4.0,0.6541676205836495,92.8925849387324,81.48379979637502,50.87076012558152,49.81229949194493,15.113502673216095,87.76160837809245,87.02593460083008,25.84000015258789,151.12015513521249
16,2020-07-24,KO,48.400001525878906,48.79999923706055,48.06999969482422,43.910736083984375,16196800.0,4.0,0.5622158831852531,44.09232787873351,38.85177498076356,55.49519444277532,176.83260378051347,21.703561827107265,41.509783299763996,41.43644714355469,25.84000015258789,151.12015513521249
16,2020-07-24,MCD,196.88999938964844,198.91000366210938,195.72999572753906,184.7377166748047,2199900.0,4.0,2.5922036942756677,185.60570180127976,165.22674906541945,58.24742350540336,177.85867705437016,39.06937206782311,175.10696360270182,173.24869028727213,25.84000015258789,151.12015513521249
16,2020-07-24,MMM,160.0500030517578,161.60000610351562,158.72000122070312,139.8596954345703,2524700.0,4.0,0.8862502385135826,141.7214190825525,132.4469921723303,53.978834657601816,101.25741310411084,14.263665722336658,137.18891143798828,134.6674430847168,25.84000015258789,151.12015513521249
16,2020-07-24,MRK,74.28434753417969,74.41793823242188,72.86259460449219,66.3812484741211,9068763.0,4.0,0.13944719270580208,69.42728674242504,65.03392312695972,48.119349284954176,-23.786741987983795,12.05709215935685,66.7468832651774,67.05713380177816,25.84000015258789,151.12015513521249
16,2020-07-24,MSFT,200.4199981689453,202.86000061035156,197.50999450683594,195.44776916503906,39827000.0,4.0,2.7142062496194796,210.50816111511242,190.9908897882079,53.65579399014615,-26.749387687142836,2.051581026621163,197.15757700602214,187.63682657877604,25.84000015258789,151.12015513521249
16,2020-07-24,NKE,98.13999938964844,99.36000061035156,97.69999694824219,95.3412857055664,5638400.0,4.0,0.1660136410079076,97.17295950805283,91.63143654907608,52.53126121777694,31.804351546674926,5.513357052242827,94.8882827758789,92.92093976338704,25.84000015258789,151.12015513521249
16,2020-07-24,PG,126.98999786376953,127.7699966430664,125.31999969482422,117.01315307617188,6014200.0,4.0,2.0538052136650435,119.32820596299712,107.8228713075107,59.8800700721027,111.43035241770129,40.909846682452375,111.91539815266927,109.2699567159017,25.84000015258789,151.12015513521249
16,2020-07-24,TRV,119.41000366210938,120.47000122070312,117.55000305175781,109.78204345703125,1542800.0,4.0,1.9318924245890656,114.29921907522441,100.74754606149435,54.26586400018339,81.99167599975243,18.133817668210998,107.31284688313802,101.44251340230306,25.84000015258789,151.12015513521249
16,2020-07-24,UNH,303.3299865722656,304.2799987792969,299.2300109863281,287.28759765625,2415700.0,4.0,2.639637628776484,298.2750188350453,274.104305505775,52.694437795820804,53.01371594220085,2.7527180992922466,283.4135752360026,281.8975245157878,25.84000015258789,151.12015513521249
16,2020-07-24,V,195.6699981689453,197.47999572753906,194.02999877929688,190.81594848632812,7160300.0,4.0,1.1890727821397604,195.53879262424155,184.71831797146157,52.607011185377566,47.39328208324377,13.321794006417282,189.81631724039713,187.11002400716146,25.84000015258789,151.12015513521249
16,2020-07-24,VZ,56.349998474121094,57.56999969482422,56.13999938964844,47.528404235839844,17981700.0,4.0,0.26875650527732375,47.62065602668547,44.24709299675203,54.648042806692736,131.46711584486988,22.525805457666117,46.003117116292316,46.16385383605957,25.84000015258789,151.12015513521249
16,2020-07-24,WBA,40.369998931884766,41.290000915527344,40.29999923706055,34.796783447265625,3987800.0,4.0,-0.39019868338294117,37.10435893586923,33.42463085600089,46.92645371982368,-54.63450372578213,9.428800191714856,35.60851262410482,35.73078289031982,25.84000015258789,151.12015513521249
16,2020-07-24,WMT,130.9499969482422,132.39999389648438,130.50999450683594,124.76994323730469,4345800.0,4.0,2.70151995958598,131.64787100857885,109.98025780611842,58.78984688998172,83.59361841030157,48.70714215198712,118.41544672648112,117.82159576416015,25.84000015258789,151.12015513521249
17,2020-07-27,AAPL,93.70999908447266,94.90499877929688,93.4800033569336,92.9590835571289,121214000.0,0.0,2.0033156406138346,97.71814870025513,87.92157450531128,59.96708885735482,36.08177222851337,9.062688103928238,90.90237375895182,84.3631716410319,24.739999771118164,28.148624007210994
17,2020-07-27,AMGN,247.3000030517578,255.10000610351562,247.02999877929688,229.22494506835938,2155700.0,0.0,4.434018402592216,240.76846554769332,214.90522982584184,57.06455188355781,44.072090470578836,5.153266277904907,221.53801829020182,214.02623977661133,24.739999771118164,28.148624007210994
17,2020-07-27,AXP,94.63999938964844,95.9800033569336,93.63999938964844,91.7283706665039,3501800.0,0.0,-0.20488134110931355,93.9505544606154,87.55776386824203,49.908091755172464,-36.99721842155179,9.287163829878155,92.34972839355468,90.92310384114583,24.739999771118164,28.148624007210994
17,2020-07-27,BA,173.19000244140625,174.13999938964844,169.0,170.2100067138672,30243800.0,0.0,-0.7338990956351381,190.76219215678114,168.10581016255477,48.32624716482145,-127.80066288297034,2.835690166380853,181.5740010579427,166.38250096638998,24.739999771118164,28.148624007210994
17,2020-07-27,CAT,137.14999389648438,140.33999633789062,137.05999755859375,131.07188415527344,2506900.0,0.0,3.561168287719596,133.79696822744285,113.02741531747905,60.12767972505306,129.43893277729737,35.72490738698908,121.27896016438802,115.21245180765787,24.739999771118164,28.148624007210994
17,2020-07-27,CRM,189.89999389648438,191.55999755859375,188.64999389648438,190.9600067138672,3015700.0,0.0,1.668098669998102,201.63295296153044,181.72204734364536,54.5589431753758,15.829776181582217,13.271891532282234,189.54733276367188,181.40033289591472,24.739999771118164,28.148624007210994
17,2020-07-27,CSCO,46.65999984741211,47.2599983215332,46.150001525878906,42.734249114990234,15576000.0,0.0,0.38920863490805147,43.012335952706586,40.99137498479342,55.07587442731738,93.5161426105254,8.210556812953246,41.660244369506835,40.92478981018066,24.739999771118164,28.148624007210994
17,2020-07-27,CVX,89.76000213623047,91.08999633789062,88.80000305175781,78.86934661865234,7599700.0,0.0,0.06546851342186244,80.26617703019073,72.21398196639129,51.276167708737454,47.53077404544374,2.624385636716212,76.9810671488444,78.67167040506999,24.739999771118164,28.148624007210994
17,2020-07-27,DIS,117.19999694824219,117.41999816894531,115.68000030517578,116.30999755859375,9413000.0,0.0,0.7191759230725694,122.23402216473053,110.80897862872649,50.60857754981301,15.479279933772919,3.3609952128163214,116.04533360799154,115.16883328755696,24.739999771118164,28.148624007210994
17,2020-07-27,GS,200.10000610351562,204.17999267578125,199.58999633789062,187.79762268066406,2601200.0,0.0,1.2979569117846097,202.38942636658993,176.91795278380067,51.1644664220493,-30.634619852543267,2.868206213526131,189.03099670410157,182.90689341227213,24.739999771118164,28.148624007210994
17,2020-07-27,HD,265.0899963378906,268.67999267578125,265.0899963378906,247.60775756835938,2412500.0,0.0,4.989269768522917,249.7165682863325,222.9982724119097,62.73705912631318,163.62664089059666,47.30143275590002,233.80544993082682,227.84018046061198,24.739999771118164,28.148624007210994
17,2020-07-27,HON,148.8000030517578,150.9600067138672,147.9199981689453,141.455078125,3378300.0,0.0,1.9499128627153084,147.98659378579478,130.3859907478966,52.67513183309333,47.89057275861649,3.979718580492101,138.03158467610677,135.23792991638183,24.739999771118164,28.148624007210994
17,2020-07-27,IBM,119.36902618408203,120.76481628417969,119.22562408447266,102.60456848144531,3905136.0,0.0,1.1928217168489255,105.48345650954722,92.93333578781606,53.2675225862781,82.59720151975738,19.64654204850407,98.94757080078125,99.54340553283691,24.739999771118164,28.148624007210994
17,2020-07-27,INTC,51.029998779296875,51.13999938964844,49.470001220703125,44.92790222167969,107526500.0,0.0,-1.163870066575086,58.45883547379036,47.55178464339714,36.38560723574256,-419.3065698188758,49.59161027920384,53.33703498840332,54.248545455932614,24.739999771118164,28.148624007210994
17,2020-07-27,JNJ,147.3699951171875,148.9199981689453,146.86000061035156,135.0110321044922,5675200.0,0.0,1.3614242757479644,140.39540187787313,126.47384861040813,53.025393585989185,71.38340118463701,2.790121528126663,132.39209467569987,133.4922156016032,24.739999771118164,28.148624007210994
17,2020-07-27,JPM,97.51000213623047,97.62999725341797,96.16999816894531,88.16348266601562,11959100.0,0.0,0.539569197290092,92.85901797623548,81.99080425887193,49.771089159330565,3.688589564684862,4.750353693611252,87.70076370239258,87.05723495483399,24.739999771118164,28.148624007210994
17,2020-07-27,KO,48.18000030517578,48.5099983215332,48.18000030517578,43.901668548583984,17346500.0,0.0,0.6320823948609302,44.348471703461286,39.040261969634415,55.46705106886613,152.40032554932006,21.70356182710727,41.59671694437663,41.48177267710368,24.739999771118164,28.148624007210994
17,2020-07-27,MCD,199.0399932861328,202.52000427246094,198.7100067138672,187.08969116210938,4541700.0,0.0,3.0189775615767473,187.08005597518434,165.75204393936644,59.75297796465859,202.5902847645684,46.99130115758043,175.4812978108724,173.48005040486655,24.739999771118164,28.148624007210994
17,2020-07-27,MMM,159.52999877929688,163.3800048828125,159.3300018310547,142.83470153808594,3198500.0,0.0,1.1837657440558473,142.52975166687685,132.5766585504083,56.299999811583696,147.937739986149,20.103542490621876,137.43303680419922,134.85428466796876,24.739999771118164,28.148624007210994
17,2020-07-27,MRK,72.9103012084961,75.51526641845703,72.81488800048828,67.95683288574219,10958307.0,0.0,0.17119959988528421,69.26724278669819,65.5159717823936,51.185457022728116,27.43698681904685,1.1187656367752363,66.82236162821452,67.06022904713949,24.739999771118164,28.148624007210994
17,2020-07-27,MSFT,201.47000122070312,203.97000122070312,200.86000061035156,197.9236297607422,30160900.0,0.0,2.3302448091177155,209.7609341139315,192.4682513719083,54.881894334470196,-6.622200663912988,0.6265785439774094,197.67896525065103,188.04360860188802,24.739999771118164,28.148624007210994
17,2020-07-27,NKE,96.95999908447266,98.4000015258789,96.88999938964844,94.15955352783203,4273400.0,0.0,0.10536612119373956,96.74798486453086,92.39930441159218,51.2716907254665,-27.737125172535368,0.5071399875522089,94.91346664428711,93.08636283874512,24.739999771118164,28.148624007210994
17,2020-07-27,PG,125.70999908447266,126.63999938964844,125.54000091552734,117.34758758544922,6464600.0,0.0,2.0664265490174927,119.01326775232661,109.23516440709722,60.30277895064845,100.92770527176462,40.90984668245239,112.26918207804361,109.41223080952962,24.739999771118164,28.148624007210994
17,2020-07-27,TRV,117.58999633789062,117.83999633789062,115.83999633789062,108.25057983398438,1249400.0,0.0,1.678108137587742,114.22483646926267,101.34447963181154,52.897535353154694,27.42533286245955,9.080352738722624,107.41494369506836,101.69144554138184,24.739999771118164,28.148624007210994
17,2020-07-27,UNH,298.42999267578125,302.1300048828125,297.3699951171875,285.19586181640625,2060500.0,0.0,2.1574517933599395,297.4111373059666,276.08756874872097,51.841013047731934,26.248207054750274,1.467712531154556,283.88071695963544,282.01507059733075,24.739999771118164,28.148624007210994
17,2020-07-27,V,195.16000366210938,197.80999755859375,194.1999969482422,192.536865234375,5604700.0,0.0,1.197927500642038,195.45280511645848,185.551337644772,53.587269680131925,67.27126137627545,14.300615305957454,189.9678756713867,187.41132634480795,24.739999771118164,28.148624007210994
17,2020-07-27,VZ,57.0,57.33000183105469,56.5099983215332,47.54512023925781,12306700.0,0.0,0.3301749924614583,47.671536083317534,44.55573556890414,54.701888451077444,129.69101948093385,22.525805457666106,46.030086771647134,46.164661725362144,24.739999771118164,28.148624007210994
17,2020-07-27,WBA,40.61000061035156,40.95000076293945,39.22999954223633,34.22128677368164,7974700.0,0.0,-0.42356986568332644,37.104319366511454,33.310428634587176,45.73783688780411,-96.26158628149898,18.39154339788789,35.56384646097819,35.68833904266357,24.739999771118164,28.148624007210994
17,2020-07-27,WMT,130.86000061035156,131.97999572753906,130.86000061035156,124.74141693115234,4681900.0,0.0,2.5762140573473857,131.64635213863693,111.20723138797439,58.742982251248876,77.18580678232422,48.70714215198712,118.84231211344401,117.98309364318848,24.739999771118164,28.148624007210994
18,2020-07-28,AAPL,94.36750030517578,94.55000305175781,93.24749755859375,91.43201446533203,103625600.0,1.0,1.7200764026279103,97.5082824365734,88.40671161249888,57.59996833458028,16.391817861865178,7.809151948936248,91.14765752156576,84.70928192138672,25.440000534057617,33.189332430814
18,2020-07-28,AMGN,254.4600067138672,258.3999938964844,253.77000427246094,230.68893432617188,2266600.0,1.0,4.275320377156419,238.47219703762397,219.3441847983135,57.732883839490256,66.02564670456981,11.228133080432533,222.6071024576823,214.41547978719075,25.440000534057617,33.189332430814
18,2020-07-28,AXP,95.76000213623047,96.29000091552734,94.18000030517578,90.41645812988281,3567400.0,1.0,-0.27856498852921163,93.95583865074649,87.58378689856993,48.87468242274526,-37.836461681035736,7.69760394257973,92.06051864624024,91.02682673136393,25.440000534057617,33.189332430814
18,2020-07-28,BA,168.5,173.74000549316406,168.22999572753906,170.83999633789062,25349100.0,1.0,-1.1539656080661302,187.75236032232354,168.75064108148504,48.494480105554686,-121.60734529912091,4.018761129320849,180.90400085449218,167.00700098673502,25.440000534057617,33.189332430814
18,2020-07-28,CAT,138.94000244140625,139.99000549316406,137.9199981689453,129.3291473388672,2029900.0,1.0,3.506075033875277,134.22148704957934,113.8875713305476,58.511085264127374,112.04914376732397,35.72490738698909,121.75802485148112,115.64929898579915,25.440000534057617,33.189332430814
18,2020-07-28,CRM,191.0,192.97000122070312,189.0500030517578,189.5,3114200.0,1.0,1.471580415692955,201.20765395783727,182.76434616423305,53.742624058677244,11.532198042870496,16.07426353375158,189.91033274332682,181.9524996439616,25.440000534057617,33.189332430814
18,2020-07-28,CSCO,46.97999954223633,47.08000183105469,46.209999084472656,41.91017150878906,13975300.0,1.0,0.3321029559345092,43.0040062969691,41.044140904568984,52.57467062161613,50.66929208644813,8.210556812953245,41.6990166982015,41.010515276590986,25.440000534057617,33.189332430814
18,2020-07-28,CVX,90.47000122070312,91.16999816894531,88.7699966430664,77.1973648071289,6787300.0,1.0,0.04954417787268994,80.34822696222855,72.2566825531523,49.60975664774265,28.82572145944255,3.0111243263368137,76.9198476155599,78.68558985392252,25.440000534057617,33.189332430814
18,2020-07-28,DIS,115.45999908447266,116.83999633789062,114.68000030517578,116.18000030517578,6821100.0,1.0,0.5533913069973835,121.96627064625903,111.54273051340894,50.49594770450041,-0.5629089236816408,1.6876146805111576,116.01533355712891,115.34683329264323,25.440000534057617,33.189332430814
18,2020-07-28,GS,201.91000366210938,203.60000610351562,201.08999633789062,186.5026092529297,2139600.0,1.0,0.8644099900904223,201.84727693098824,178.2139932106133,50.63146856673352,-31.975713075183002,2.8682062135261215,188.88638509114583,183.3018798828125,25.440000534057617,33.189332430814
18,2020-07-28,HD,268.55999755859375,269.07000732421875,264.6700134277344,245.62623596191406,2227000.0,1.0,4.97027664706485,250.59102656167718,223.89785893636972,61.23558615721128,139.58767981468768,45.191866972744,234.54371032714843,228.58102416992188,25.440000534057617,33.189332430814
18,2020-07-28,HON,150.5,152.0800018310547,149.4199981689453,142.62789916992188,3904200.0,1.0,1.896198140781621,148.223368820237,130.9720855865013,53.41388121740745,65.41215453726241,7.7160431973335175,138.1998489379883,135.48445510864258,25.440000534057617,33.189332430814
18,2020-07-28,IBM,120.28680419921875,120.783935546875,118.69024658203125,101.19000244140625,4370397.0,1.0,1.0928522724137508,105.67107679372396,93.12943437570965,51.687074603398266,63.03148292073275,16.641010791248988,99.02398961385092,99.60048650105794,25.440000534057617,33.189332430814
18,2020-07-28,INTC,49.47999954223633,50.22999954223633,49.13999938964844,44.628807067871094,62362600.0,1.0,-1.6492095653709953,59.2142354872047,45.97794857956776,36.04240017364211,-331.4828326783156,50.554414604122634,53.00893567403158,54.1291005452474,25.440000534057617,33.189332430814
18,2020-07-28,JNJ,147.39999389648438,147.99000549316406,146.75,134.6899871826172,4842200.0,1.0,1.2028669415123545,140.19049026950387,127.39335219875784,52.53368998662322,56.71135348889796,2.1663772062932045,132.56271591186524,133.4855027516683,25.440000534057617,33.189332430814
18,2020-07-28,JPM,96.5,97.88999938964844,96.5,88.54562377929688,11754300.0,1.0,0.4741193624666806,92.83799504294203,82.48653651223376,50.110638955553654,15.04221107732385,6.078050373706601,87.61120885213217,87.13259874979654,25.440000534057617,33.189332430814
18,2020-07-28,KO,48.34000015258789,49.279998779296875,48.099998474121094,43.6300048828125,13872700.0,1.0,0.657946721042606,44.55403332584493,39.18062434322246,54.60873264537488,143.96013883341288,30.090068885382614,41.65346539815267,41.5269079208374,25.440000534057617,33.189332430814
18,2020-07-28,MCD,198.60000610351562,199.88999938964844,195.5,182.43222045898438,6051000.0,1.0,2.947404124465635,187.5698924262628,166.5116444389716,55.64277954812955,128.28489369814918,30.823749729792098,175.69046783447266,173.7092035929362,25.440000534057617,33.189332430814
18,2020-07-28,MMM,155.47000122070312,157.47999572753906,153.8000030517578,135.9134521484375,7738800.0,1.0,0.8512492715137796,142.53282084535056,132.5525902264268,50.20573083984769,-46.67562324392401,2.0528729902885035,137.363037109375,134.97371317545574,25.440000534057617,33.189332430814
18,2020-07-28,MRK,75.56298065185547,76.53626251220703,75.3530502319336,68.61117553710938,8494564.0,1.0,0.2463241235693232,69.27964021687335,65.81094053263838,52.394185644783555,108.63533244242842,7.829797721400437,66.98508580525716,67.09800472259522,25.440000534057617,33.189332430814
18,2020-07-28,MSFT,203.61000061035156,204.6999969482422,201.74000549316406,196.1468505859375,23251400.0,1.0,1.861127452226043,209.33935016349457,193.23742595955233,53.824728926621155,-14.736249314861293,2.4267272436142178,198.10229085286457,188.49565302530925,25.440000534057617,33.189332430814
18,2020-07-28,NKE,96.94999694824219,97.47000122070312,96.16000366210938,93.24906158447266,3822600.0,1.0,-0.015982331363915137,96.70925971600131,92.47677467730922,50.31020891260842,-79.29220994915343,3.886136873219568,94.86277592976889,93.26302057902018,25.440000534057617,33.189332430814
18,2020-07-28,PG,126.37000274658203,128.4600067138672,126.29000091552734,118.79676818847656,7644400.0,1.0,2.1683701897885044,119.21837749956742,110.04800357343063,62.09311275578564,122.01265633139843,49.867439255278256,112.63834686279297,109.59481302897136,25.440000534057617,33.189332430814
18,2020-07-28,TRV,116.38999938964844,117.2300033569336,114.9000015258789,106.76554870605469,1350300.0,1.0,1.3416865334346397,114.18934715342067,101.57766487050512,51.59255825825434,-2.265317486345133,4.379805672611916,107.42051264444987,101.99491831461589,25.440000534057617,33.189332430814
18,2020-07-28,UNH,297.8900146484375,301.3999938964844,297.2099914550781,286.4661560058594,2257400.0,1.0,1.856418532367627,296.8088843047638,277.6611687958221,52.32608040280862,22.906492747446478,1.83846304889477,284.35437927246096,282.2799555460612,25.440000534057617,33.189332430814
18,2020-07-28,V,197.69000244140625,199.3699951171875,196.7100067138672,192.3706512451172,6897300.0,1.0,1.1779541270988432,195.51400264256972,186.01423679834824,53.476754349858176,103.60649619081441,18.92699257814438,190.13018900553385,187.7611068725586,25.440000534057617,33.189332430814
18,2020-07-28,VZ,57.04999923706055,57.70000076293945,56.970001220703125,48.05510330200195,13454700.0,1.0,0.4152146214148118,47.977739285982864,44.53356137319682,56.33797028966575,153.10991035687567,26.896483984524423,46.08452784220378,46.182512346903486,25.440000534057617,33.189332430814
18,2020-07-28,WBA,39.93000030517578,41.0099983215332,39.84000015258789,34.94281005859375,5540500.0,1.0,-0.387330958823874,36.958107578337284,33.315769756257446,47.46373104124214,-60.056934217832975,17.693444860704247,35.54065411885579,35.68099447886149,25.440000534057617,33.189332430814
18,2020-07-28,WMT,131.5,132.3800048828125,130.9199981689453,125.26431274414062,4804700.0,1.0,2.4903938391669698,131.6077241852622,112.45325222464992,59.3573352765208,75.81481928450742,50.15917193289822,119.27583236694336,118.13169403076172,25.440000534057617,33.189332430814
19,2020-07-29,AAPL,93.75,95.2300033569336,93.7125015258789,93.18461608886719,90329200.0,2.0,1.6183719849707643,97.38085742337108,88.91064190524219,59.498117729853526,34.92883863106698,11.006983692921555,91.37709045410156,85.0679386138916,24.100000381469727,28.931659916839397
19,2020-07-29,AMGN,250.39999389648438,252.85000610351562,245.74000549316406,224.8871612548828,3286700.0,2.0,3.6394432133400016,235.90860415999825,223.081691250158,54.26966846817489,17.47088928591138,4.656347171411724,223.26921691894532,214.70907084147134,24.100000381469727,28.931659916839397
19,2020-07-29,AXP,94.70999908447266,96.75,94.44000244140625,92.59021759033203,2791700.0,2.0,-0.15971449905279655,94.15002003195318,87.57346629617183,50.627031069037436,-2.6348724405195836,5.268923854286115,91.79070129394532,91.19760131835938,24.100000381469727,28.931659916839397
19,2020-07-29,BA,172.89999389648438,173.00999450683594,162.25,166.00999450683594,51709600.0,2.0,-1.8552262341510186,188.03134606727764,166.74265448203874,47.273808670748316,-165.14395673141868,12.830101910651909,179.8453338623047,167.58283411661785,24.100000381469727,28.931659916839397
19,2020-07-29,CAT,138.5800018310547,141.0800018310547,137.8000030517578,131.67160034179688,2338300.0,2.0,3.6098178804260925,134.99605735139434,114.51567131681854,60.0062236513848,114.6028495208367,38.655932442211316,122.11367162068684,116.17416725158691,24.100000381469727,28.931659916839397
19,2020-07-29,CRM,190.14999389648438,194.55999755859375,189.75,193.61000061035156,3747800.0,2.0,1.6287062717987908,201.27859345270014,183.3214065472999,55.67398309439067,43.42569566813769,19.22060661980811,190.3479995727539,182.48816630045573,24.100000381469727,28.931659916839397
19,2020-07-29,CSCO,46.400001525878906,46.880001068115234,46.369998931884766,42.2995719909668,11618200.0,2.0,0.31464067661688233,43.029489815518666,41.058007895662975,53.60461574323695,65.00840717104668,8.210556812953245,41.71692543029785,41.09629141489665,24.100000381469727,28.931659916839397
19,2020-07-29,CVX,89.4800033569336,90.08000183105469,88.58000183105469,78.02902221679688,6386900.0,2.0,0.10284628181341304,80.43520822153566,72.24247122182372,50.438550928343304,30.42314923936737,1.982870923478115,76.80549443562826,78.68491121927897,24.100000381469727,28.931659916839397
19,2020-07-29,DIS,116.22000122070312,116.70999908447266,115.11000061035156,115.61000061035156,9496500.0,2.0,0.37172656026305617,121.59316941933893,112.32583158774115,49.9913009334275,-0.43328813188227344,1.6876146805111594,115.92100016276042,115.55399996439616,24.100000381469727,28.931659916839397
19,2020-07-29,GS,201.6999969482422,203.88999938964844,199.6199951171875,187.39065551757812,2635000.0,2.0,0.5857269473094959,201.65651429624336,178.86357084779962,50.9936233145663,-30.811293664752696,0.3957133156354622,188.6702397664388,183.7280601501465,24.100000381469727,28.931659916839397
19,2020-07-29,HD,264.79998779296875,267.1099853515625,264.1700134277344,245.0522003173828,2874100.0,2.0,4.852962649810991,251.43681632854495,224.36223610065426,60.79951557922024,116.00792747645117,42.59298625101155,234.99771626790366,229.26213785807292,24.100000381469727,28.931659916839397
19,2020-07-29,HON,151.57000732421875,155.42999267578125,151.1699981689453,145.03929138183594,3311500.0,2.0,2.0248666331995935,148.81031139196358,131.32248584924736,54.91093802344617,102.23344318602119,17.927139744549052,138.3709289550781,135.8029935201009,24.100000381469727,28.931659916839397
19,2020-07-29,IBM,119.08221435546875,120.44933319091797,118.61376953125,101.88101959228516,2963109.0,2.0,1.0571983519444643,105.92258266270038,93.24782825648909,52.40075963059323,65.36899779467036,16.195308975961293,99.02859649658203,99.6716246287028,24.100000381469727,28.931659916839397
19,2020-07-29,INTC,49.4900016784668,49.5,47.900001525878906,43.56836700439453,60500800.0,2.0,-2.095260407777637,59.757426684963995,44.36888709677428,34.83717142731041,-280.9567432640775,54.07754403128852,52.6364247639974,53.98417059580485,24.100000381469727,28.931659916839397
19,2020-07-29,JNJ,146.38999938964844,147.47000122070312,146.07000732421875,134.4239501953125,4489100.0,2.0,1.043710900699324,140.05359829373225,128.07238132052555,52.11938681566349,43.40546261398036,1.7724015573720429,132.62631607055664,133.47465883890789,24.100000381469727,28.931659916839397
19,2020-07-29,JPM,97.06999969482422,99.70999908447266,97.0,90.6928482055664,12743500.0,2.0,0.5887264904132365,93.11377445839835,82.80467646933602,51.99687548309454,63.97953189328481,14.949053708477003,87.56889928181967,87.26041933695475,24.100000381469727,28.931659916839397
19,2020-07-29,KO,48.13999938964844,48.5,47.81999969482422,43.48512268066406,13758100.0,2.0,0.6591552713435576,44.71233642846914,39.32477981298594,54.14646847541627,113.61686631647898,24.89015483035823,41.691197331746416,41.57650858561198,24.100000381469727,28.931659916839397
19,2020-07-29,MCD,196.3000030517578,198.4600067138672,195.7100067138672,182.40431213378906,3342900.0,2.0,2.8555131136141085,188.03535276976422,167.1375811901967,55.61906396494712,112.14822269933899,30.823749729792095,175.87298634847005,173.95005111694337,24.100000381469727,28.931659916839397
19,2020-07-29,MMM,156.5,157.52999877929688,154.9199981689453,136.71844482421875,3322700.0,2.0,0.645245761219627,142.53512995721252,132.5730289172992,50.84591296856659,-22.595462249795947,1.8712250894253855,137.26328735351564,135.10944595336915,24.100000381469727,28.931659916839397
19,2020-07-29,MRK,75.62023162841797,76.08778381347656,75.13359069824219,68.3184585571289,6398040.0,2.0,0.27902461382397803,69.33680830303595,65.92769059833122,51.80060415876017,82.54697798442244,5.680917539591656,67.05338973999024,67.14243323008219,24.100000381469727,28.931659916839397
19,2020-07-29,MSFT,202.5,204.64999389648438,202.00999450683594,198.12754821777344,19632600.0,2.0,1.6303803033294173,209.31785293506533,193.31232589794246,54.82816467842431,-9.896707847298424,2.42672724361423,198.4417922973633,188.91180445353191,24.100000381469727,28.931659916839397
19,2020-07-29,NKE,96.43000030517578,97.55000305175781,96.30000305175781,93.92707824707031,6872400.0,2.0,-0.05678697117919285,96.6690652461912,92.4123556522463,51.01781105733,-57.83481569595624,3.356870485831162,94.79594116210937,93.44759712219238,24.100000381469727,28.931659916839397
19,2020-07-29,PG,127.55999755859375,129.24000549316406,127.36000061035156,119.19624328613281,6702000.0,2.0,2.2553967515755318,119.63269232579059,110.51526299647504,62.57443149295157,128.6268241805127,53.12296270042395,112.97651697794596,109.8002082824707,24.100000381469727,28.931659916839397
19,2020-07-29,TRV,114.88999938964844,117.25,114.30999755859375,108.45478057861328,1033600.0,2.0,1.1975720182090015,114.25009523694541,101.77679990465614,52.95817422986461,8.58318894119109,1.446665489592934,107.44216893513997,102.31332969665527,24.100000381469727,28.931659916839397
19,2020-07-29,UNH,301.4599914550781,309.75,300.0,292.9131774902344,2672700.0,2.0,2.113702807752645,297.31874470475583,278.2716605686816,54.72052163625771,93.83884602602295,15.829405576920244,284.8299133300781,282.604264831543,24.100000381469727,28.931659916839397
19,2020-07-29,V,193.08999633789062,198.88999938964844,193.0500030517578,194.1697540283203,9471300.0,2.0,1.292399664696859,195.92362645708383,186.13359857953728,54.526847011003234,71.58106183162471,4.745555468180311,190.31596832275392,188.1314364115397,24.100000381469727,28.931659916839397
19,2020-07-29,VZ,57.369998931884766,57.689998626708984,57.15999984741211,48.030025482177734,9341800.0,2.0,0.4751088109345645,48.24065240765109,44.51579214190945,56.23464985988286,150.40016092349165,26.896483984524426,46.116913350423175,46.2080748240153,24.100000381469727,28.931659916839397
19,2020-07-29,WBA,40.83000183105469,41.2599983215332,40.11000061035156,35.35511779785156,4971300.0,2.0,-0.32163397899235946,36.808305125401525,33.35991844637582,48.43330456748508,-35.35119728993464,14.681415394566615,35.51230812072754,35.669338607788085,24.100000381469727,28.931659916839397
19,2020-07-29,WMT,131.55999755859375,131.86000061035156,129.85000610351562,124.24703216552734,4741100.0,2.0,2.313624632450569,131.35945576014612,113.73873454747105,57.6302278496984,60.94247484499663,38.914649962280876,119.62568995157878,118.25103467305502,24.100000381469727,28.931659916839397
20,2020-07-30,AAPL,94.1875,96.29750061035156,93.76750183105469,94.3121566772461,158130000.0,3.0,1.610192308842585,97.24050567918357,89.55716735548441,60.669938173565725,49.6157460760478,15.90222025731975,91.6481112162272,85.42746086120606,24.760000228881836,28.418174832418327
20,2020-07-30,AMGN,246.39999389648438,247.82000732421875,245.1999969482422,222.4381103515625,1967400.0,3.0,2.904407833864667,236.20893599927717,221.96983292162128,52.88436825719781,-8.414809210206714,5.6252120185660095,223.8768076578776,214.88030980428059,24.760000228881836,28.418174832418327
20,2020-07-30,AXP,94.68000030517578,94.77999877929688,92.5,90.63672637939453,3856300.0,3.0,-0.22061196715543474,94.1593172556703,87.62162604266955,49.06364045221594,-63.25151027655364,14.011029043421527,91.50851542154948,91.33009808858236,24.760000228881836,28.418174832418327
20,2020-07-30,BA,162.8800048828125,164.5500030517578,160.63999938964844,161.9499969482422,29140000.0,3.0,-2.707379222405592,189.042580362303,163.89441914941574,46.26123773827818,-212.1316874532998,15.073909647151073,178.82566731770834,168.19200070699057,24.760000228881836,28.418174832418327
20,2020-07-30,CAT,139.0800018310547,139.10000610351562,135.97000122070312,128.1111297607422,3063500.0,3.0,3.3659342194866184,134.99915932336617,115.60011206945609,56.78835454293084,76.30913173242888,28.166733620032105,122.40891647338867,116.62124913533529,24.760000228881836,28.418174832418327
20,2020-07-30,CRM,190.08999633789062,191.9199981689453,187.3699951171875,191.6999969482422,3587400.0,3.0,1.580884855282676,201.27132172477144,183.3096780310879,54.578466593983954,-3.710558103640702,12.473661610344314,190.6913330078125,182.96233291625975,24.760000228881836,28.418174832418327
20,2020-07-30,CSCO,46.130001068115234,46.459999084472656,45.380001068115234,42.055076599121094,15385100.0,3.0,0.2778698490086313,43.012996425850126,41.1415148351362,52.85899144623676,-6.8666117495586505,7.106106549843751,41.73596878051758,41.17634544372559,24.760000228881836,28.418174832418327
20,2020-07-30,CVX,88.43000030517578,88.5,85.69999694824219,74.73701477050781,10112800.0,3.0,-0.11917512855596613,80.43568183992288,72.12504508878807,47.25585245349379,-69.77866765965811,12.215796273617642,76.65331166585287,78.60873260498047,24.760000228881836,28.418174832418327
20,2020-07-30,DIS,114.91000366210938,116.29000091552734,113.37000274658203,115.66000366210938,9713500.0,3.0,0.22914927780217909,121.3895089273117,112.79449223235626,50.03661447163122,-18.06540733593925,10.39017181664626,115.85466690063477,115.79733339945476,24.760000228881836,28.418174832418327
20,2020-07-30,GS,199.5,199.99000549316406,196.3000030517578,184.5692901611328,3057900.0,3.0,0.1356443987782825,201.52248107304175,179.1789028991262,49.79312824534397,-74.11421906920347,7.482740250704924,188.46488494873046,184.07243906656902,24.760000228881836,28.418174832418327
20,2020-07-30,HD,263.3399963378906,267.3500061035156,261.54998779296875,246.57992553710938,2347800.0,3.0,4.827615374336034,252.23898733329074,225.24151956368192,61.55329057300181,102.92401029755358,29.598930994760565,235.47486826578776,229.9108807881673,24.760000228881836,28.418174832418327
20,2020-07-30,HON,152.92999267578125,153.07000732421875,149.02999877929688,139.9537811279297,2749100.0,3.0,1.696918148221755,148.74537465067158,131.86125071553937,51.3134225534575,46.96563403840883,9.642762451325478,138.39657491048177,136.0418961842855,24.760000228881836,28.418174832418327
20,2020-07-30,IBM,118.26959991455078,118.45124053955078,116.29063415527344,99.91365051269531,4171553.0,3.0,0.8602754010460529,105.91672153876725,93.608144183889,50.21599047787133,19.445290148577556,3.3692935209414583,98.99472274780274,99.69794031778972,24.760000228881836,28.418174832418327
20,2020-07-30,INTC,47.83000183105469,48.5,47.59000015258789,43.4958610534668,39735200.0,3.0,-2.4266367800189386,60.135434825253974,43.01020573871087,34.75496922213834,-232.67118584642068,54.93564930220484,52.25877787272135,53.826616350809736,24.760000228881836,28.418174832418327
20,2020-07-30,JNJ,147.44000244140625,147.5,146.13999938964844,134.6991424560547,5922500.0,3.0,0.9290745145865174,139.81016892218085,128.90839949822933,52.520076180639975,43.36986292105123,1.5877054302325802,132.71254348754883,133.44972597757976,24.760000228881836,28.418174832418327
20,2020-07-30,JPM,97.54000091552734,97.73999786376953,96.05000305175781,88.27265930175781,14834800.0,3.0,0.4787457636810899,92.9832019124724,83.35923506872876,49.8014181452976,13.674354332626944,9.19438230247638,87.52340749104818,87.35000584920247,24.760000228881836,28.418174832418327
20,2020-07-30,KO,47.66999816894531,48.22999954223633,47.20000076293945,43.186283111572266,17276500.0,3.0,0.6287513463088459,44.80202386027142,39.494989613239326,53.1858073622235,86.61378583078576,14.095266629913095,41.72470334370931,41.6172399520874,24.760000228881836,28.418174832418327
20,2020-07-30,MCD,195.0,196.39999389648438,192.9199981689453,181.6605987548828,2705700.0,3.0,2.6916497089189306,188.2962173710663,167.87607419387513,54.97315585451465,80.08466038095125,17.940041592421696,176.01614990234376,174.2189821879069,24.760000228881836,28.418174832418327
20,2020-07-30,MMM,154.30999755859375,154.72000122070312,151.36000061035156,133.10472106933594,3113000.0,3.0,0.1882195118962784,142.73678882386224,132.08174907896978,47.98119717771199,-121.22020037731555,13.578215509770247,137.05620473225912,135.1989574432373,24.760000228881836,28.418174832418327
20,2020-07-30,MRK,75.1240463256836,75.64885711669922,74.07442474365234,68.00849914550781,7152600.0,3.0,0.27673878145743913,69.37268719469007,65.96671786512438,51.16563043966508,40.39123715298821,4.171470130277212,67.13087743123373,67.16532395680746,24.760000228881836,28.418174832418327
20,2020-07-30,MSFT,201.0,204.4600067138672,199.57000732421875,197.97218322753906,25079600.0,3.0,1.418621879151516,209.33876739865,193.21373809451407,54.7316536544275,-28.56125970548783,4.201415441626997,198.75443013509116,189.29438298543295,24.760000228881836,28.418174832418327
20,2020-07-30,NKE,96.47000122070312,97.2300033569336,95.80000305175781,93.78179168701172,4018400.0,3.0,-0.09969908441600239,96.66660398874116,92.35863633718658,50.857271022408554,-73.27963570765633,6.538029818003633,94.7187744140625,93.60640233357748,24.760000228881836,28.418174832418327
20,2020-07-30,PG,130.66000366210938,132.02999877929688,129.64999389648438,122.08531951904297,10400700.0,3.0,2.5283450478906673,120.72565610673178,110.55493395064127,65.82128655859361,170.420485355349,62.44724947081228,113.41714375813802,110.05006205240885,24.760000228881836,28.418174832418327
20,2020-07-30,TRV,114.5,116.69999694824219,113.2699966430664,107.60087585449219,1133700.0,3.0,1.0028964853449622,114.18114891750831,102.16410331027488,52.188276888666955,-14.057322908616943,3.6547325165025084,107.47651036580403,102.6184315999349,24.760000228881836,28.418174832418327
20,2020-07-30,UNH,301.67999267578125,306.4599914550781,298.8900146484375,291.5282287597656,2205300.0,3.0,2.1807107850937655,297.6725213738789,278.6342138556133,54.11650225016394,64.76194203435553,13.042587836521054,285.27196044921874,282.81831512451174,24.760000228881836,28.418174832418327
20,2020-07-30,V,195.1999969482422,196.55999755859375,192.1199951171875,189.75015258789062,10499400.0,3.0,1.0147759719579597,195.92054075418864,186.1640616017684,51.5688646756367,-12.437907668148444,1.459306035866893,190.33226521809897,188.39084904988607,24.760000228881836,28.418174832418327
20,2020-07-30,VZ,57.209999084472656,57.459999084472656,57.13999938964844,47.90462112426758,12635800.0,3.0,0.5066163461274726,48.40799021046038,44.619088418079656,55.70616279811334,135.31606414866036,26.455830195382628,46.15255940755208,46.22782694498698,24.760000228881836,28.418174832418327
20,2020-07-30,WBA,40.54999923706055,40.849998474121094,39.9900016784668,34.908447265625,4505600.0,3.0,-0.3021284790855461,36.79969401659456,33.3479141682199,47.451864297083404,-54.83628980043199,15.787239148542426,35.469073104858396,35.65632521311442,24.760000228881836,28.418174832418327
20,2020-07-30,WMT,129.4199981689453,130.4199981689453,128.72000122070312,123.70513916015625,4596100.0,3.0,2.105536214994146,130.8368322128341,115.25293829497838,56.72076887324744,44.718688184783446,28.08646118641015,119.97713216145833,118.34509493509928,24.760000228881836,28.418174832418327
21,2020-07-31,AAPL,102.88500213623047,106.41500091552734,100.82499694824219,104.18555450439453,374336800.0,4.0,2.373055439866917,99.91472187791425,88.37646464552324,68.83725314217577,253.1100973034072,45.99765103018782,92.24710083007812,85.93903160095215,24.459999084472656,145.27602285657306
21,2020-07-31,AMGN,245.6300048828125,246.10000610351562,239.38999938964844,221.10963439941406,2830100.0,4.0,2.1894514596443457,236.13438978800122,220.81804704061204,52.137547343618145,-39.9997953545204,15.500801238007131,224.3090794881185,215.0259661356608,24.459999084472656,145.27602285657306
21,2020-07-31,AXP,94.30999755859375,94.44999694824219,92.2300033569336,89.36309051513672,4088200.0,4.0,-0.36741014396119454,94.17386460548191,87.51036009544582,48.062605081695544,-84.35834648823905,15.175595191749244,91.24107182820639,91.48490028381347,24.459999084472656,145.27602285657306
21,2020-07-31,BA,161.5500030517578,163.39999389648438,156.25999450683594,158.0,30263100.0,4.0,-3.65926659970242,190.17623365800728,160.47976609785212,45.28500464865555,-228.1818364995368,20.988461849202107,177.68266754150392,168.79433403015136,24.459999084472656,145.27602285657306
21,2020-07-31,CAT,132.42999267578125,135.14999389648438,130.2100067138672,124.50379943847656,6780900.0,4.0,2.848734810199602,134.80101316819398,116.37068940748962,53.766420573480964,18.498578355759808,2.1631894023283635,122.60375671386718,117.0274289449056,24.459999084472656,145.27602285657306
21,2020-07-31,CRM,193.0,194.99000549316406,190.6699981689453,194.85000610351562,3734000.0,4.0,1.7766849333014818,201.45998582656702,183.35301466171424,56.05379557761421,53.67333013217371,18.809259494581365,190.93099975585938,183.48199971516928,24.459999084472656,145.27602285657306
21,2020-07-31,CSCO,46.38999938964844,47.11000061035156,45.86000061035156,42.65275192260742,17701100.0,4.0,0.29357199165624337,43.04184385240193,41.245786991714276,54.460837614094956,64.45331878992856,2.572643391386166,41.78511797587077,41.27100289662679,24.459999084472656,145.27602285657306
21,2020-07-31,CVX,83.25,84.0999984741211,81.51000213623047,72.71851348876953,19119800.0,4.0,-0.45278545113724533,80.53811209465097,71.64403588508536,45.43725548204329,-195.77194116885883,27.84008678787143,76.42229436238607,78.53932469685873,24.459999084472656,145.27602285657306
21,2020-07-31,DIS,115.22000122070312,117.05000305175781,114.12000274658203,116.94000244140625,9601000.0,4.0,0.2169402066693067,120.95704011159162,113.70296126169939,51.207387716748855,10.67427616134745,6.008797559707298,115.80700022379557,116.06500015258788,24.459999084472656,145.27602285657306
21,2020-07-31,GS,199.83999633789062,199.83999633789062,196.50999450683594,183.11705017089844,2399700.0,4.0,-0.3343783880244757,201.47486895119758,179.27832013571648,49.17666680424094,-75.88854522320011,7.482740250704927,188.28358205159506,184.41375681559245,24.459999084472656,145.27602285657306
21,2020-07-31,HD,265.0,267.1700134277344,260.6099853515625,245.82069396972656,3640600.0,4.0,4.692175356844103,252.73325681005403,226.32037325586393,60.950756435614736,89.26037659637169,25.22253927097354,235.97732950846355,230.57289505004883,24.459999084472656,145.27602285657306
21,2020-07-31,HON,148.9199981689453,149.47999572753906,147.0,140.1508331298828,4061200.0,4.0,1.436359601477875,148.71250610765063,132.3022659260408,51.44094411312955,16.59161181384242,2.351760023423866,138.4322291056315,136.31249097188314,24.459999084472656,145.27602285657306
21,2020-07-31,IBM,117.3135757446289,117.58126068115234,115.76481628417969,99.94615936279297,5519847.0,4.0,0.6987806281158271,105.93940978429917,93.84885696985121,50.25144629144306,9.976930648583489,0.6804059599725397,98.96166178385417,99.71690940856934,24.459999084472656,145.27602285657306
21,2020-07-31,INTC,48.130001068115234,48.31999969482422,46.970001220703125,43.26021194458008,46536000.0,4.0,-2.6774063819993117,60.32350672236573,41.78889256962646,34.48141647127895,-195.7573388048988,56.66677075018393,51.88566296895345,53.65365403493245,24.459999084472656,145.27602285657306
21,2020-07-31,JNJ,146.66000366210938,147.4499969482422,143.9600067138672,133.7084503173828,8259600.0,4.0,0.7496423660902565,139.50241811139026,129.65554545062147,50.932732930228646,19.58431158714216,13.747214547813288,132.78440017700194,133.42984224955242,24.459999084472656,145.27602285657306
21,2020-07-31,JPM,96.4800033569336,96.93000030517578,95.25,87.92692565917969,14535000.0,4.0,0.3595428437430428,92.81143442692749,83.89311879572875,49.49259940147906,-4.278837318585418,4.485640588083174,87.48261108398438,87.45981051127116,24.459999084472656,145.27602285657306
21,2020-07-31,KO,47.439998626708984,47.77000045776367,46.72999954223633,42.778778076171875,14849200.0,4.0,0.5652578256222682,44.82415340389905,39.68657238040271,51.88719829566976,60.00570826656372,6.6268543814302,41.73224957784017,41.66090145111084,24.459999084472656,145.27602285657306
21,2020-07-31,MCD,194.14999389648438,194.67999267578125,191.63999938964844,180.61009216308594,3194700.0,4.0,2.4487915331435204,188.2173726977266,168.95520725832807,54.055866527757665,56.526146797109654,12.506301622491145,176.16458231608073,174.50534311930338,24.459999084472656,145.27602285657306
21,2020-07-31,MMM,151.67999267578125,151.75,148.8000030517578,131.66098022460938,3266400.0,4.0,-0.28716464839956757,143.037150496169,131.20651558049113,46.88936130575996,-176.33199517881118,20.83793051854475,136.8012893676758,135.28216718037922,24.459999084472656,145.27602285657306
21,2020-07-31,MRK,77.18511199951172,77.93893432617188,75.52481079101562,69.08472442626953,12291154.0,4.0,0.3576468977956182,69.54909073022472,65.91601852270497,53.22510015678166,139.73829786262192,14.295594588900185,67.24624786376953,67.21882216135661,24.459999084472656,145.27602285657306
21,2020-07-31,MSFT,204.39999389648438,205.10000610351562,199.00999450683594,199.04991149902344,51044000.0,4.0,1.3225202764051573,209.32829065753867,193.102851005059,55.29632508040581,-27.761321603471963,2.3444720967228476,199.03567606608073,189.66619923909505,24.459999084472656,145.27602285657306
21,2020-07-31,NKE,96.88999938964844,97.6500015258789,96.30000305175781,94.54700469970703,5509900.0,4.0,-0.07114088056127343,96.5915586947657,92.3542535305761,51.68562893479869,-35.92142498239402,3.47951964354105,94.69165344238282,93.75799229939778,24.459999084472656,145.27602285657306
21,2020-07-31,PG,130.66000366210938,131.2100067138672,129.27000427246094,121.806640625,8487000.0,4.0,2.691149584249345,121.56529812669834,110.73697543287199,65.2563681464867,147.47675676409102,57.87529479573096,113.80693944295247,110.3400437672933,24.459999084472656,145.27602285657306
21,2020-07-31,TRV,115.2300033569336,115.77999877929688,112.58000183105469,106.19937133789062,1377600.0,4.0,0.7271429698354552,114.0824630729353,102.44470672686938,50.93111461792383,-40.53440529449617,6.972445671799302,107.42608032226562,102.95487976074219,24.459999084472656,145.27602285657306
21,2020-07-31,UNH,303.44000244140625,303.739990234375,298.04998779296875,289.18817138671875,3913500.0,4.0,2.021687264247987,297.77004548924214,278.9683944521641,53.09215531854853,35.22708453817535,10.884348483987651,285.6715098063151,283.06104583740233,24.459999084472656,145.27602285657306
21,2020-07-31,V,194.4199981689453,194.69000244140625,189.44000244140625,186.17144775390625,14180800.0,4.0,0.5002194057397276,196.1227951192576,185.44651335242207,49.32736274282884,-96.6201993045464,7.482015867468621,190.21786397298177,188.58508529663087,24.459999084472656,145.27602285657306
21,2020-07-31,VZ,56.849998474121094,57.5,56.650001525878906,48.05510330200195,16202900.0,4.0,0.5375326075807507,48.57440627142913,44.728433389215404,56.216940774452,123.22661607564203,15.914317207721353,46.18660748799642,46.262074851989745,24.459999084472656,145.27602285657306
21,2020-07-31,WBA,40.25,40.88999938964844,40.08000183105469,34.96858215332031,11717200.0,4.0,-0.27860624761493114,36.68177747745529,33.35674180965409,47.599746400809906,-47.15755198282504,15.254937197515641,35.43271013895671,35.655921618143715,24.459999084472656,145.27602285657306
21,2020-07-31,WMT,129.64999389648438,130.08999633789062,127.62000274658203,123.02062225341797,7210500.0,4.0,1.8639039271048006,129.84351234561072,117.21501960629357,55.57471789877188,32.64150948877854,18.476626683851027,120.33871459960938,118.45030530293782,24.459999084472656,145.27602285657306
22,2020-08-03,AAPL,108.19999694824219,111.63749694824219,107.89250183105469,106.81078338623047,308151200.0,0.0,3.1531168300766694,102.86071394797543,86.94776078346987,70.5210528789509,323.2701527180745,54.90268033390866,92.95002161661783,86.48168500264485,24.280000686645508,42.780610422376306
22,2020-08-03,AMGN,244.85000610351562,249.02000427246094,244.52999877929688,223.5406494140625,1853900.0,0.0,1.7982765640916227,235.88961006276477,220.2594362629188,53.38373606166168,-12.169490602217468,9.353157649355289,224.56995035807293,215.26091130574545,24.280000686645508,42.780610422376306
22,2020-08-03,AXP,93.30999755859375,94.4000015258789,92.44000244140625,89.57376861572266,2869000.0,0.0,-0.4614297201131592,93.9801392231127,87.41297601126229,48.24330317771622,-76.66077491094782,15.175595191749238,91.01941706339518,91.59983978271484,24.280000686645508,42.780610422376306
22,2020-08-03,BA,156.50999450683594,163.5800018310547,153.41000366210938,162.27000427246094,38520500.0,0.0,-4.022719143089603,188.7469964512131,159.34500336568144,46.546447714651315,-196.84785819184685,24.6390245745717,176.8576675415039,169.35466753641765,24.280000686645508,42.780610422376306
22,2020-08-03,CAT,132.3000030517578,133.0,131.10000610351562,123.47314453125,2851100.0,0.0,2.328839897957238,134.68694816246332,116.79509147987066,52.933871269189694,7.059687004425781,2.163189402328363,122.76827189127604,117.4223211924235,24.280000686645508,42.780610422376306
22,2020-08-03,CRM,197.8000030517578,204.7899932861328,196.57000732421875,203.19000244140625,6557500.0,0.0,2.5751412842499235,202.6893768250195,182.67062378533205,59.64394928458112,182.91662888762178,34.891197140946986,191.4723332722982,184.03683319091797,24.280000686645508,42.780610422376306
22,2020-08-03,CSCO,47.13999938964844,47.36000061035156,46.68000030517578,42.707088470458984,14141100.0,0.0,0.3068632298366225,43.10797717766951,41.246666834781664,54.60590549560149,106.96119358020736,6.062699749756023,41.851352564493816,41.363271395365395,24.280000686645508,42.780610422376306
22,2020-08-03,CVX,83.9800033569336,85.13999938964844,83.80000305175781,73.47219848632812,11220100.0,0.0,-0.6488780920878412,80.51323997798148,71.34317252812203,46.23645072653528,-129.93383527982445,22.075142639225852,76.25422922770183,78.445623143514,24.280000686645508,42.780610422376306
22,2020-08-03,DIS,116.16999816894531,117.12000274658203,115.3499984741211,116.3499984741211,10229200.0,0.0,0.15783659848639786,120.82427581329667,114.02772537688888,50.6415439941848,17.678513235549502,5.5961558911200004,115.87366689046225,116.2446667989095,24.280000686645508,42.780610422376306
22,2020-08-03,GS,198.49000549316406,199.8800048828125,196.52999877929688,184.4398193359375,2294600.0,0.0,-0.593299231892189,201.39154558575186,178.62440137469738,49.762712679826684,-65.66315044009042,7.377533748612505,188.21451365152996,184.69438629150392,24.280000686645508,42.780610422376306
22,2020-08-03,HD,266.7300109863281,268.5799865722656,265.6700134277344,246.45957946777344,2363500.0,0.0,4.583554524102368,253.21750122177323,227.37592224014085,61.28069265403746,102.78957466478988,29.063417895813604,236.5800984700521,231.16072514851888,24.280000686645508,42.780610422376306
22,2020-08-03,HON,150.1300048828125,150.25,147.30999755859375,139.3626708984375,2105400.0,0.0,1.1529761791389603,148.717315572235,132.42037058499153,50.88942578985928,17.18870127822475,4.915523450427304,138.53106079101562,136.57383143107097,24.280000686645508,42.780610422376306
22,2020-08-03,IBM,118.06883239746094,118.93881225585938,116.77820587158203,101.05992889404297,3688301.0,0.0,0.6531377842603376,106.03735208878972,94.0858572923138,51.476256684028655,37.64066821376039,7.332998088910207,99.0115234375,99.75864168802897,24.280000686645508,42.780610422376306
22,2020-08-03,INTC,48.27000045776367,48.630001068115234,47.7400016784668,43.776832580566406,31767100.0,0.0,-2.8021546361559757,60.250736236530045,40.84292335514476,35.630453000666336,-156.4355093813635,53.51480807860296,51.54366607666016,53.48945325215657,24.280000686645508,42.780610422376306
22,2020-08-03,JNJ,146.38999938964844,147.7899932861328,146.14999389648438,135.16700744628906,4078700.0,0.0,0.7168708256587593,139.43564709348973,130.12318774537746,53.091971678992486,44.508992009310894,11.451408752169892,132.89203262329102,133.44170722961425,24.280000686645508,42.780610422376306
22,2020-08-03,JPM,97.0199966430664,97.56999969482422,95.8499984741211,87.43560791015625,12962800.0,0.0,0.2228594496388041,92.79280611596968,84.0118295041475,49.04549888956766,5.5553994243648575,7.882656569542925,87.45937754313151,87.54730987548828,24.280000686645508,42.780610422376306
22,2020-08-03,KO,47.13999938964844,47.36000061035156,46.22999954223633,41.92755126953125,14137500.0,0.0,0.4411663724107697,44.80529054797744,39.80233121715927,49.2867488518967,28.010970181145424,0.7603575743241148,41.740701548258464,41.692619514465335,24.280000686645508,42.780610422376306
22,2020-08-03,MCD,194.3300018310547,195.60000610351562,193.58999633789062,180.72166442871094,3143500.0,0.0,2.2395119290600007,188.40197621443008,169.31909006974962,54.13994232507186,65.69986729464306,15.497568001200454,176.40752817789715,174.72968978881835,24.280000686645508,42.780610422376306
22,2020-08-03,MMM,151.08999633789062,151.4199981689453,149.30999755859375,131.6084747314453,2264900.0,0.0,-0.6605325666228339,143.1574286878409,130.41336293813563,46.849253610103325,-159.29520547402447,20.83793051854475,136.5755401611328,135.37114473978679,24.280000686645508,42.780610422376306
22,2020-08-03,MRK,78.38740539550781,79.96183013916016,78.11068725585938,71.06497192382812,10601463.0,0.0,0.5749291608538982,70.19235146994221,65.527607789091,56.70085166248177,247.2854143619535,26.58475994451073,67.37941258748373,67.32696361541748,24.280000686645508,42.780610422376306
22,2020-08-03,MSFT,211.52000427246094,217.63999938964844,210.44000244140625,210.24468994140625,78983000.0,0.0,2.125186300695333,210.45819029607512,192.53996796808505,60.58012011443268,146.8978677382621,25.473114456701317,199.72794698079426,190.20749003092448,24.280000686645508,42.780610422376306
22,2020-08-03,NKE,98.02999877929688,99.29000091552734,97.81999969482422,95.24441528320312,5472700.0,0.0,0.007678395564610696,96.24773254095338,92.54116363824583,52.44144625180452,41.73027702252658,7.593538808250274,94.77398630777995,93.91927337646484,24.280000686645508,42.780610422376306
22,2020-08-03,PG,130.47000122070312,131.9199981689453,130.47000122070312,121.96456146240234,7769400.0,0.0,2.800632298234845,122.31767729449392,110.95283433270335,65.43029779447052,148.76171365835802,60.11721480586834,114.21307703653972,110.64696604410807,24.280000686645508,42.780610422376306
22,2020-08-03,TRV,114.36000061035156,115.54000091552734,112.7300033569336,106.18081665039062,1266600.0,0.0,0.501330092643272,114.08597950760225,102.42541194137237,50.91431727050503,-39.17872985307164,6.972445671799302,107.35925318400065,103.2524486541748,24.280000686645508,42.780610422376306
22,2020-08-03,UNH,303.5899963378906,304.9100036621094,299.20001220703125,289.9809265136719,2628500.0,0.0,1.9372967407867918,297.828940095242,278.9859067065158,53.40127538157564,46.44175061216478,13.347548844736586,286.0653310139974,283.37674407958986,24.280000686645508,42.780610422376306
22,2020-08-03,V,191.8000030517578,193.33999633789062,190.2100067138672,186.45498657226562,11405200.0,0.0,0.11399477206765596,195.96478665211814,184.91322238108498,49.507245903222085,-94.29692494490637,7.482015867468626,190.16864776611328,188.71994552612304,24.280000686645508,42.780610422376306
22,2020-08-03,VZ,57.869998931884766,57.869998931884766,57.119998931884766,47.85445022583008,13493400.0,0.0,0.5396225088243938,48.69698921852506,44.82434180564486,55.336730636349714,131.2810014883062,21.215523722978315,46.23408457438151,46.29380518595378,24.280000686645508,42.780610422376306
22,2020-08-03,WBA,40.58000183105469,41.18000030517578,39.95000076293945,35.286399841308594,4909800.0,0.0,-0.23164917095239446,36.29278267524778,33.56707145072879,48.39377332609673,-31.60851438506905,11.289909000768322,35.34538141886393,35.66845906575521,24.280000686645508,42.780610422376306
22,2020-08-03,WMT,129.91000366210938,130.1199951171875,128.27000427246094,122.92557525634766,4990500.0,0.0,1.645767714010887,127.98677308953573,120.06143858038614,55.41389127249289,32.27550951647791,18.654545208707425,120.63818537394205,118.56771659851074,24.280000686645508,42.780610422376306
23,2020-08-04,AAPL,109.13249969482422,110.79000091552734,108.38749694824219,107.52408599853516,173071600.0,1.0,3.7852447164923717,105.27453216582904,86.15099426239362,70.96206480591516,279.6374149134297,54.902680333908634,93.60195744832357,87.00677172342937,23.760000228881836,35.37062603126905
23,2020-08-04,AMGN,245.97000122070312,246.1699981689453,241.33999633789062,220.13365173339844,1912100.0,1.0,1.1995240353395786,236.2135744972913,219.07152987282592,51.44189673519657,-47.59220323219203,14.657840736534117,224.85311177571614,215.41678161621093,23.760000228881836,35.37062603126905
23,2020-08-04,AXP,93.48999786376953,93.80000305175781,92.48999786376953,89.2386245727539,2415100.0,1.0,-0.5565684601828309,93.97160044182066,87.43875188361879,47.96866153905324,-85.9340337591305,15.175595191749242,90.83425445556641,91.6651840209961,23.760000228881836,35.37062603126905
23,2020-08-04,BA,164.6300048828125,167.39999389648438,163.00999450683594,165.07000732421875,30853500.0,1.0,-4.038270389271645,188.39391896383262,158.31708109720256,47.3695462957168,-123.4986330110859,16.90032964838705,176.0760009765625,169.88183428446453,23.760000228881836,35.37062603126905
23,2020-08-04,CAT,131.3699951171875,132.44000244140625,130.6699981689453,123.22953796386719,2301800.0,1.0,1.8755423357201977,134.32028012530117,117.65512423260897,52.73421163603054,-0.9329208299322534,0.4250638766885165,122.97643636067708,117.73844350179037,23.760000228881836,35.37062603126905
23,2020-08-04,CRM,203.0,203.38999938964844,198.89999389648438,201.41000366210938,4480300.0,1.0,3.0293719553425262,203.5655970172326,182.29740347104868,58.587201069265134,156.6747735266441,34.891197140946986,191.79766693115235,184.46200002034504,23.760000228881836,35.37062603126905
23,2020-08-04,CSCO,47.0099983215332,47.66999816894531,46.90999984741211,43.1689338684082,12839500.0,1.0,0.35062194414670245,43.20938670590268,41.32999508425845,55.84275271481129,143.17449001889096,10.320887283327123,41.937773895263675,41.43897787729899,23.760000228881836,35.37062603126905
23,2020-08-04,CVX,84.4800033569336,86.72000122070312,84.27999877929688,74.9276123046875,9077900.0,1.0,-0.6790159182388322,80.51327984563731,71.35872637994864,47.764858847597495,-78.1714927275375,13.74508062078349,76.106955464681,78.33590863545736,23.760000228881836,35.37062603126905
23,2020-08-04,DIS,115.95999908447266,118.3499984741211,115.76000213623047,117.29000091552734,17293900.0,1.0,0.18471759482579841,120.50340106627287,114.7146004901236,51.524389028858856,40.9137537015194,1.5984076265705793,115.91933364868164,116.38016675313314,23.760000228881836,35.37062603126905
23,2020-08-04,GS,199.35000610351562,201.72000122070312,198.47999572753906,186.5211181640625,1944700.0,1.0,-0.6233666619450275,201.31637488769482,178.91047600341844,50.68824703647062,-37.944874558888976,2.4476817158561324,188.15962931315104,184.962668355306,23.760000228881836,35.37062603126905
23,2020-08-04,HD,266.6300048828125,267.8900146484375,263.8399963378906,248.02438354492188,2224000.0,1.0,4.571046168147291,253.4520054140517,229.04139210792096,62.09222504061286,92.73629152441542,20.477738314337437,237.15755869547527,231.69824091593424,23.760000228881836,35.37062603126905
23,2020-08-04,HON,147.25999450683594,148.16000366210938,146.2100067138672,138.23672485351562,3078300.0,1.0,0.8279937429065853,148.62558894728375,132.73352970506,50.0956888641564,-7.631564901646423,0.871249554497952,138.6058095296224,136.75244827270507,23.760000228881836,35.37062603126905
23,2020-08-04,IBM,118.37476348876953,120.3250503540039,118.37476348876953,102.30375671386719,3625541.0,1.0,0.7091572878437518,106.06138801938474,94.73333091372072,52.818250858132316,66.15279028106804,13.646646021588085,99.1407844543457,99.79725723266601,23.760000228881836,35.37062603126905
23,2020-08-04,INTC,48.599998474121094,49.13999938964844,48.5,44.52910614013672,29045800.0,1.0,-2.807948059747112,60.12804844582667,40.133580277317854,37.2871875115228,-125.80913833382644,48.26887214141105,51.21254539489746,53.330237515767415,23.760000228881836,35.37062603126905
23,2020-08-04,JNJ,146.99000549316406,147.22000122070312,145.82000732421875,135.0477294921875,4162200.0,1.0,0.6735105987751808,139.29043365901336,130.66927093083038,52.89505438566267,35.27828687426161,13.267599540196922,133.0091438293457,133.4347309112549,23.760000228881836,35.37062603126905
23,2020-08-04,JPM,95.91000366210938,95.94999694824219,95.02999877929688,86.9352035522461,13366200.0,1.0,0.07331331516954265,92.49284365293391,84.60567166689032,48.58308393689585,-25.177420851834288,2.871677690770574,87.45130081176758,87.60409304300944,23.760000228881836,35.37062603126905
23,2020-08-04,KO,46.290000915527344,46.86000061035156,46.220001220703125,42.28071975708008,11717200.0,1.0,0.3670891716374385,44.78894368297461,39.95270136707422,50.354639475075324,23.629832004965763,0.9071072871252247,41.76937777201335,41.70763880411784,23.760000228881836,35.37062603126905
23,2020-08-04,MCD,194.9499969482422,199.6999969482422,194.33999633789062,185.33267211914062,3699900.0,1.0,2.417854597130713,188.99344117306617,169.98635466433615,57.46749360402646,100.41028079153006,27.332621490162644,176.77628377278646,175.02919336954753,23.760000228881836,35.37062603126905
23,2020-08-04,MMM,149.89999389648438,151.24000549316406,149.66000366210938,132.30848693847656,1935500.0,1.0,-0.8896884226001021,143.28715005814902,129.9677663236869,47.468970643049886,-136.00480420551187,20.837930518544752,136.41570739746095,135.43178952534993,23.760000228881836,35.37062603126905
23,2020-08-04,MRK,78.76908111572266,78.76908111572266,77.35687255859375,70.31592559814453,7218729.0,1.0,0.6788596696244582,70.563870325431,65.41007758106315,55.098750034942626,173.91603994642855,19.745140762950598,67.52061258951822,67.41123193105062,23.760000228881836,35.37062603126905
23,2020-08-04,MSFT,214.1699981689453,214.77000427246094,210.30999755859375,207.08917236328125,49280100.0,1.0,2.478114845679727,211.04376447896053,192.4437416245551,58.56177545920995,106.08636071916891,25.09630171089419,200.13961944580078,190.67876052856445,23.760000228881836,35.37062603126905
23,2020-08-04,NKE,97.79000091552734,97.94999694824219,96.55000305175781,94.27580261230469,7539300.0,1.0,-0.007924360654186557,96.2531339609636,92.56094684958327,51.288665345565335,-30.465838585710397,1.1615711354223441,94.7036003112793,94.03381423950195,23.760000228881836,35.37062603126905
23,2020-08-04,PG,130.77000427246094,133.92999267578125,130.6999969482422,124.2869873046875,7773700.0,1.0,3.0397580553204904,123.54703743903707,110.86948935539652,67.87678569595178,165.7983866160978,65.6496885583492,114.73263117472331,110.9344378153483,23.760000228881836,35.37062603126905
23,2020-08-04,TRV,113.45999908447266,114.06999969482422,112.30000305175781,104.97421264648438,1451600.0,1.0,0.22244469746436835,114.03980573486471,102.52913194824076,49.80921717884394,-63.3966867085056,9.199080634878525,107.26241633097331,103.50624338785808,23.760000228881836,35.37062603126905
23,2020-08-04,UNH,301.9100036621094,308.8599853515625,300.07000732421875,290.83099365234375,3594900.0,1.0,1.916912977162383,297.9468911482826,279.61771456460804,53.73944143751974,69.23222437361527,21.207149787129282,286.44196268717445,283.6749099731445,23.760000228881836,35.37062603126905
23,2020-08-04,V,191.1300048828125,192.94000244140625,190.0800018310547,188.0194549560547,8204000.0,1.0,-0.06510106440532581,195.9728703372073,184.71838179902315,50.510039678995525,-78.24734609051305,7.931767859908604,190.08162333170574,188.8423230489095,23.760000228881836,35.37062603126905
23,2020-08-04,VZ,57.20000076293945,58.13999938964844,57.18000030517578,48.41459274291992,11601000.0,1.0,0.5797940851355605,48.88196575608391,44.930406833027426,57.268874513402274,136.9649107005885,24.90845668744825,46.31401227315267,46.31530494689942,23.760000228881836,35.37062603126905
23,2020-08-04,WBA,40.84000015258789,41.06999969482422,40.47999954223633,35.15755844116211,5778500.0,1.0,-0.20249750838286218,36.09097844009543,33.65806902999735,48.0881821364589,-19.692047095412455,11.289909000768331,35.27924105326335,35.66455198923747,23.760000228881836,35.37062603126905
23,2020-08-04,WMT,129.64999389648438,131.7100067138672,128.94000244140625,125.15019989013672,6073200.0,1.0,1.633571019678186,127.91067090366032,120.58341860439633,58.333403573957916,49.84720032287255,27.606153773785092,120.95381774902344,118.70556780497233,23.760000228881836,35.37062603126905
24,2020-08-05,AAPL,109.37750244140625,110.39250183105469,108.89749908447266,107.913818359375,121776800.0,2.0,4.26845467661164,107.36721406530361,85.50157408166905,71.20554472264193,238.81905576324434,54.902680333908634,94.20429712931315,87.51841748555502,22.989999771118164,56.71532421403172
24,2020-08-05,AMGN,243.91000366210938,245.41000366210938,240.8000030517578,218.21780395507812,1736400.0,2.0,0.5639149773875829,236.7385895240272,217.6319655907189,50.37593920380345,-62.97120983906008,15.552086166204305,225.02541809082032,215.42223383585613,22.989999771118164,56.71532421403172
24,2020-08-05,AXP,93.81999969482422,95.58000183105469,93.80999755859375,91.3453369140625,2844900.0,2.0,-0.45670787363521015,93.99542809026676,87.65336722833675,49.82605778256768,9.096882165988017,3.849546078717213,90.71995162963867,91.83189277648925,22.989999771118164,56.71532421403172
24,2020-08-05,BA,167.60000610351562,174.97999572753906,166.39999389648438,174.27999877929688,46189200.0,2.0,-3.269734065627148,187.77808296908356,158.3529167867758,49.98988317750947,-44.80250753138497,3.2962605208443083,175.62266743977864,170.63800086975098,22.989999771118164,56.71532421403172
24,2020-08-05,CAT,132.77999877929688,135.94000244140625,132.61000061035156,126.46205139160156,2767800.0,2.0,1.7568852901888476,134.04081811455765,118.66471167059859,55.06098846218193,35.122120186718874,13.264317197030106,123.27809117635091,118.16269086201986,22.989999771118164,56.71532421403172
24,2020-08-05,CRM,202.8000030517578,203.89999389648438,201.5800018310547,202.63999938964844,3559100.0,2.0,3.4488472462262507,204.07220518813608,182.02679536118035,59.105142892308095,159.84887465689158,35.64916952523676,192.25033365885417,184.79483337402343,22.989999771118164,56.71532421403172
24,2020-08-05,CSCO,47.66999816894531,47.72999954223633,47.04999923706055,42.86103057861328,13075600.0,2.0,0.35634805965789695,43.236804642214324,41.440224776730986,54.81274793473973,129.9284376554817,11.154166193311346,42.00464731852214,41.50461095174153,22.989999771118164,56.71532421403172
24,2020-08-05,CVX,88.13999938964844,88.43000030517578,86.41000366210938,75.54268646240234,7324200.0,2.0,-0.6458243572774478,80.52360732939206,71.42203552339114,48.406089237360185,-15.1020531006014,5.422530585050281,75.98451588948568,78.26632792154948,22.989999771118164,56.71532421403172
24,2020-08-05,DIS,123.37000274658203,130.30999755859375,123.27999877929688,127.61000061035156,53000200.0,2.0,1.026920999581094,123.44636496252741,112.86663628869329,59.70910772914077,286.71152039909396,42.39411319892947,116.28666712443034,116.71083348592123,22.989999771118164,56.71532421403172
24,2020-08-05,GS,203.1699981689453,204.80999755859375,203.00999450683594,189.1851806640625,2232400.0,2.0,-0.4273020654115669,201.3409480947774,179.09588357026166,51.86255663654868,8.416842524488345,5.352990975390216,188.1516133626302,185.30951741536458,22.989999771118164,56.71532421403172
24,2020-08-05,HD,268.3900146484375,268.3900146484375,265.8900146484375,247.66329956054688,1959900.0,2.0,4.480350059535539,253.55029192901145,230.63845471405494,61.78311041127077,92.4143854614668,21.993328610217436,237.68749084472657,232.1970637003581,22.989999771118164,56.71532421403172
24,2020-08-05,HON,148.7899932861328,151.0,148.5500030517578,141.5113525390625,4097200.0,2.0,0.825165908888863,148.6408088177819,133.20902943905404,52.33254771868419,36.603873544862154,10.403278099094871,138.792214457194,137.02646929423014,22.989999771118164,56.71532421403172
24,2020-08-05,IBM,121.15679168701172,121.17591094970703,119.13002014160156,101.9867172241211,3786102.0,2.0,0.7196747483029213,105.95980950193758,95.46414755982998,52.43586561258432,71.06225463830984,17.341742409134742,99.30446166992188,99.8360087076823,22.989999771118164,56.71532421403172
24,2020-08-05,INTC,49.720001220703125,49.720001220703125,48.65999984741211,44.338768005371094,29438600.0,2.0,-2.795671327616084,59.905045446860015,39.478328195107764,37.03767664178163,-109.17945009279366,42.35502853548461,50.88021621704102,53.16090075174967,22.989999771118164,56.71532421403172
24,2020-08-05,JNJ,149.10000610351562,149.30999755859375,147.8000030517578,136.1301727294922,5467500.0,2.0,0.718212324861895,139.21078786273773,131.2195008335513,54.480039144793494,66.28278660100071,0.5434352675617833,133.17854283650715,133.4395704905192,22.989999771118164,56.71532421403172
24,2020-08-05,JPM,95.87000274658203,98.47000122070312,95.72000122070312,88.44554138183594,15260900.0,2.0,0.07579485075015668,92.27663264923306,85.17762989349156,50.05341386040164,27.965605727289187,15.730280217366763,87.45812683105468,87.727046585083,22.989999771118164,56.71532421403172
24,2020-08-05,KO,46.900001525878906,47.27000045776367,46.810001373291016,42.76066589355469,10498700.0,2.0,0.34315442782568084,44.77662505749824,40.15971527453301,51.78204673964562,47.47306240611577,5.235570215106989,41.81707077026367,41.739182535807295,22.989999771118164,56.71532421403172
24,2020-08-05,MCD,200.0,200.5,197.91000366210938,185.23968505859375,2259600.0,2.0,2.5226100889700547,189.39459649404992,170.83183935800085,57.38063647881279,109.94837281549995,29.395187117407485,177.1679707845052,175.33253377278646,22.989999771118164,56.71532421403172
24,2020-08-05,MMM,152.16000366210938,155.39999389648438,152.10000610351562,135.93093872070312,2644400.0,2.0,-0.7701170744548165,143.29843118962557,130.02385884943695,50.555178251422674,-41.577863162735355,3.5688520903822187,136.34308217366535,135.59295247395832,22.989999771118164,56.71532421403172
24,2020-08-05,MRK,78.31106567382812,78.6927490234375,77.4332046508789,70.29008483886719,6492465.0,2.0,0.7504890427687485,70.88183485220074,65.41239808847308,55.04324602428001,157.3082953402237,19.745140762950616,67.65033289591472,67.47357247670492,22.989999771118164,56.71532421403172
24,2020-08-05,MSFT,214.89999389648438,215.0,211.57000732421875,206.74935913085938,28806400.0,2.0,2.6992775806659495,211.06106000538819,192.43712419871338,58.34522283986195,103.4433951149454,25.519303724485276,200.49659627278646,191.11112467447916,22.989999771118164,56.71532421403172
24,2020-08-05,NKE,97.12000274658203,101.25,97.08000183105469,97.77251434326172,7217500.0,2.0,0.2588815309391208,96.82733440907755,92.19015750376424,54.98414298100741,134.60679552384155,17.487969930593575,94.6719586690267,94.19906501770019,22.989999771118164,56.71532421403172
24,2020-08-05,PG,133.58999633789062,134.64999389648438,133.1199951171875,123.96185302734375,5680000.0,2.0,3.166529540253947,124.48962058395314,110.97855873733592,67.18815824776851,171.58427344314575,67.3822549085097,115.24196345011393,111.22633730570475,22.989999771118164,56.71532421403172
24,2020-08-05,TRV,114.36000061035156,115.77999877929688,114.16999816894531,106.81195831298828,958700.0,2.0,0.1480105555784661,113.97113139149572,102.77415669444177,51.46890232343433,-13.933497636838617,0.885659803161241,107.2280751546224,103.8187873840332,22.989999771118164,56.71532421403172
24,2020-08-05,UNH,306.8299865722656,312.9599914550781,305.0199890136719,298.4432678222656,2982200.0,2.0,2.4863445721835546,299.38901264050503,279.52325847765906,56.65347606834543,138.68987066249485,28.411819635847262,286.915380859375,284.0731597900391,22.989999771118164,56.71532421403172
24,2020-08-05,V,193.55999755859375,198.17999267578125,193.10000610351562,191.74484252929688,8876800.0,2.0,0.09250549194325686,196.05592890864716,184.73603428715364,52.81829643371162,44.28684368179435,10.759666452640735,190.0206741333008,189.05168228149415,22.989999771118164,56.71532421403172
24,2020-08-05,VZ,58.15999984741211,58.189998626708984,57.40999984741211,48.105262756347656,9809300.0,2.0,0.5799843059931149,48.993283190931955,45.05108822325261,55.88768952598336,123.4831495738199,25.598812856390747,46.40347073872884,46.33991667429606,22.989999771118164,56.71532421403172
24,2020-08-05,WBA,40.849998474121094,41.400001525878906,40.58000183105469,35.054481506347656,6860000.0,2.0,-0.18557288426505636,35.82397001543124,33.79795076093595,47.83817336376668,-4.78448603644397,6.524705455328733,35.22197647094727,35.65836079915365,22.989999771118164,56.71532421403172
24,2020-08-05,WMT,130.4499969482422,130.75,128.8300018310547,123.41043090820312,8494500.0,2.0,1.4666140210618153,126.92353721195404,122.0810778087979,55.39867324009159,34.05430879483684,26.576057408599098,121.23078842163086,118.8028564453125,22.989999771118164,56.71532421403172
25,2020-08-06,AAPL,110.40499877929688,114.4124984741211,109.79750061035156,111.67884826660156,202428800.0,3.0,4.898738886664901,110.12057120409303,84.52778237256713,73.43184636049985,241.96254422343034,60.95626617061335,94.98500162760416,88.10752118428549,22.649999618530273,15.955164882622213
25,2020-08-06,AMGN,240.85000610351562,242.1999969482422,239.11000061035156,218.29013061523438,1747000.0,3.0,0.06527393931935421,237.07410370878497,216.38280699678145,50.41606508529187,-86.21153702247125,18.412185201686448,225.29773610432943,215.51162287394206,22.649999618530273,15.955164882622213
25,2020-08-06,AXP,95.18000030517578,96.2699966430664,94.4800033569336,91.85284423828125,2698800.0,3.0,-0.3327799594663787,93.62457245404318,88.53653747027323,50.2684746502806,45.621999582851245,0.21644808754592507,90.74776204427083,92.04185473124186,22.649999618530273,15.955164882622213
25,2020-08-06,BA,172.8000030517578,175.57000732421875,170.60000610351562,172.1999969482422,32921600.0,3.0,-2.796268612649385,187.72869521508238,158.29430435767154,49.41509556197732,-32.019804633395,2.3056393589140876,175.4730005900065,171.4210007985433,22.649999618530273,15.955164882622213
25,2020-08-06,CAT,134.52000427246094,135.2100067138672,133.6999969482422,125.91861724853516,2446400.0,3.0,1.6005480118762136,133.0949556531271,120.50955560785923,54.593598495504615,30.557429340875473,13.264317197030095,123.69152170817057,118.63383572896322,22.649999618530273,15.955164882622213
25,2020-08-06,CRM,202.97000122070312,209.9499969482422,202.39999389648438,207.7899932861328,5113300.0,3.0,4.1490185998150935,205.8225112179472,180.98148811066605,61.20664626848719,193.51547291128048,43.927078530880344,192.99166666666667,185.29900004069012,22.649999618530273,15.955164882622213
25,2020-08-06,CSCO,47.22999954223633,47.83000183105469,47.099998474121094,43.259483337402344,14190900.0,3.0,0.38855879120501413,43.37444549944457,41.39948066327516,55.90162970646377,150.59511681885363,12.600997865215938,42.10636647542318,41.578382364908855,22.649999618530273,15.955164882622213
25,2020-08-06,CVX,86.43000030517578,87.9000015258789,86.0999984741211,75.77660369873047,7035600.0,3.0,-0.5937996868766504,80.25930220269692,72.0961078009652,48.654068498462614,-22.086556808603547,6.744841060733921,75.97960713704427,78.2329470316569,22.649999618530273,15.955164882622213
25,2020-08-06,DIS,126.95999908447266,131.6300048828125,125.61000061035156,130.82000732421875,27238000.0,3.0,1.9311330802012208,126.55737663520296,111.15662559258024,61.78526764386135,297.90186831280954,45.080377592047924,116.91166737874349,117.1485003153483,22.649999618530273,15.955164882622213
25,2020-08-06,GS,205.0,206.2899932861328,203.8300018310547,188.93540954589844,1882400.0,3.0,-0.288745424386633,201.03008317783184,180.09311323330098,51.74304636597535,15.451872967991475,8.904343490259729,188.34370880126954,185.74336471557618,22.649999618530273,15.955164882622213
25,2020-08-06,HD,266.6000061035156,270.44000244140625,266.5299987792969,249.4132537841797,2203400.0,3.0,4.497831222371275,253.3548314456584,232.81629434779862,62.713731684581056,99.46268025824328,28.006854795555387,238.4047643025716,232.78119761149088,22.649999618530273,15.955164882622213
25,2020-08-06,HON,150.9199981689453,152.89999389648438,150.33999633789062,143.16273498535156,2502700.0,3.0,0.9452809815545891,148.15830349068244,134.74334751029414,53.42171111489,61.917857628919286,16.168189905718265,139.23727111816407,137.43186581929524,22.649999618530273,15.955164882622213
25,2020-08-06,IBM,119.50286865234375,120.70745849609375,119.50286865234375,102.53140258789062,3574287.0,3.0,0.7631641865325776,105.40018895375621,96.87006632578479,53.04009236182226,70.20330254790228,17.341742409134724,99.56732126871745,99.91540832519532,22.649999618530273,15.955164882622213
25,2020-08-06,INTC,48.790000915527344,48.81999969482422,48.099998474121094,44.32051467895508,23795500.0,3.0,-2.755649408793147,59.62214348436456,38.89837005018134,37.013105528360185,-105.0407626663599,44.63423959510999,50.572354253133135,53.0175438563029,22.649999618530273,15.955164882622213
25,2020-08-06,JNJ,148.39999389648438,149.25,146.5,135.3504638671875,4837900.0,3.0,0.6828512913287739,138.83353413285508,132.06091929732068,53.147463947514105,48.69477501629918,6.9967367357339425,133.4149055480957,133.46132596333823,22.649999618530273,15.955164882622213
25,2020-08-06,JPM,97.58000183105469,98.0999984741211,96.54000091552734,88.47281646728516,10482100.0,3.0,0.07905110509273072,91.34736269808948,86.649162875641,50.08008231859691,31.135090505457914,15.730280217366763,87.56407750447592,87.89460678100586,22.649999618530273,15.955164882622213
25,2020-08-06,KO,46.65999984741211,47.529998779296875,46.599998474121094,42.99611282348633,10745000.0,3.0,0.3392736351719847,44.56302171484112,40.696604673708684,52.475489588885424,49.31739039245053,8.991093009220702,41.9024954477946,41.78541933695475,22.649999618530273,15.955164882622213
25,2020-08-06,MCD,198.77999877929688,203.60000610351562,198.3699951171875,188.88388061523438,3158900.0,3.0,2.8666408453401004,190.09856005557936,171.8802409087761,59.841369518454236,131.1933882604606,36.82301420939631,177.75333302815756,175.76340916951497,22.649999618530273,15.955164882622213
25,2020-08-06,MMM,155.92999267578125,156.49000549316406,154.67999267578125,136.49969482421875,2885800.0,3.0,-0.6222886985681839,143.20679749611662,130.51361418601226,51.0225389707223,-5.475939934638098,0.41728772886855514,136.45333201090494,135.82438723246256,22.649999618530273,15.955164882622213
25,2020-08-06,MRK,77.72901153564453,78.61640930175781,76.88931274414062,69.78209686279297,7256562.0,3.0,0.7575330829782132,70.97070392082765,65.69891430427,53.93827449611783,128.77432584167735,14.638262762928065,67.79899419148764,67.53769702911377,22.649999618530273,15.955164882622213
25,2020-08-06,MSFT,212.33999633789062,216.3699951171875,211.5500030517578,210.06024169921875,32656800.0,3.0,3.105908218023842,211.47838929170578,192.2168926907161,59.8419697037782,117.51069811255046,28.10455922595329,201.0956588745117,191.66693115234375,22.649999618530273,15.955164882622213
25,2020-08-06,NKE,100.63999938964844,101.18000030517578,100.02999877929688,97.2978744506836,4060900.0,3.0,0.4271042576405648,97.28951281054674,92.06312085644544,54.404575989946515,183.3710617202027,17.48796993059359,94.68390452067057,94.3994016011556,22.649999618530273,15.955164882622213
25,2020-08-06,PG,132.85000610351562,133.3699951171875,132.1199951171875,123.28369903564453,3974100.0,3.0,3.1756683676844375,125.05935127582383,111.43051383648087,65.74889465731171,144.48602205639813,55.72121096796418,115.76900075276693,111.51862729390463,22.649999618530273,15.955164882622213
25,2020-08-06,TRV,114.36000061035156,115.5,113.33999633789062,105.5682144165039,1632300.0,3.0,-0.01120955935741108,113.51234703782727,103.57635764356921,50.30430522297935,-36.63386329236182,3.727463122485053,107.255300394694,104.1344207763672,22.649999618530273,15.955164882622213
25,2020-08-06,UNH,312.0,316.239990234375,310.3999938964844,299.96185302734375,3305300.0,3.0,3.025286726269826,300.01883251002005,281.0806395358784,57.20973476556009,175.2235975631858,33.60369279660257,287.7074849446615,284.51241099039714,22.649999618530273,15.955164882622213
25,2020-08-06,V,195.97999572753906,198.9199981689453,194.7899932861328,194.35557556152344,7480300.0,3.0,0.4231958222293315,196.5161840662522,184.91721437124778,54.361463610186156,89.28039163595943,13.033269503064233,190.26055908203125,189.3710947672526,22.649999618530273,15.955164882622213
25,2020-08-06,VZ,57.5,57.95000076293945,57.45000076293945,48.34770584106445,10369900.0,3.0,0.5928640207621427,49.018460352997515,45.35112621011283,56.733734877114465,115.22951739602408,25.59881285639074,46.52884432474772,46.38152160644531,22.649999618530273,15.955164882622213
25,2020-08-06,WBA,40.83000183105469,41.4900016784668,40.650001525878906,35.123191833496094,4699200.0,3.0,-0.16471689472200524,35.70535698169149,34.07804984814249,48.024510430494345,4.165818862819373,5.211360239280188,35.21395937601725,35.67001845041911,22.649999618530273,15.955164882622213
25,2020-08-06,WMT,129.1300048828125,130.22999572753906,129.02999877929688,122.97311401367188,4832100.0,3.0,1.2842080274702994,126.66916932683691,122.48755827326076,54.6832986382291,27.545371490810204,26.57605740859911,121.51758321126302,118.89111302693685,22.649999618530273,15.955164882622213
26,2020-08-07,AAPL,113.20500183105469,113.67500305175781,110.2925033569336,109.1397476196289,198045600.0,4.0,5.134175878410645,111.80762015160575,84.34996651831612,69.67365840582016,193.67286550419672,60.95626617061335,95.64201431274414,88.66966743469239,22.209999084472656,19.533421095722296
26,2020-08-07,AMGN,243.5800018310547,243.6199951171875,238.57000732421875,217.512939453125,1352300.0,4.0,-0.38814125659263254,237.47434749821025,215.22797183772724,49.96693956319432,-92.45542066515155,14.916450251009127,225.46582641601563,215.59374364217123,22.209999084472656,19.533421095722296
26,2020-08-07,AXP,95.29000091552734,99.30000305175781,94.94999694824219,94.95549011230469,4690700.0,4.0,0.015611438559091084,94.29856000809622,88.43040727706003,52.895297976613584,162.1743344610483,15.708451937357948,90.80368474324544,92.38471412658691,22.209999084472656,19.533421095722296
26,2020-08-07,BA,171.5,171.86000061035156,168.6999969482422,170.02000427246094,19318000.0,4.0,-2.56735613658779,187.13455876255745,158.04644099330193,48.80665397663684,-58.44175783501279,5.427731039500374,175.31100056966145,172.22966753641765,22.209999084472656,19.533421095722296
26,2020-08-07,CAT,134.0,135.11000061035156,132.52000427246094,126.41521453857422,2223700.0,4.0,1.499436275516146,132.3090095629816,122.03210524414732,54.9550600195238,22.968569500378834,7.9042887247456495,124.03935623168945,119.12131716410319,22.209999084472656,19.533421095722296
26,2020-08-07,CRM,206.6199951171875,206.94000244140625,198.5800018310547,201.0500030517578,5423400.0,4.0,4.112640597750072,206.16814739194663,180.85285175356117,57.22533999329682,118.55562878527647,32.42912462022501,193.41533355712892,185.82250010172527,22.209999084472656,19.533421095722296
26,2020-08-07,CSCO,47.33000183105469,47.599998474121094,47.029998779296875,42.951595306396484,17054300.0,4.0,0.3848062303573556,43.438398651447194,41.405257507000066,54.84519513040401,119.01200174278466,11.245455421629392,42.183746083577475,41.66604042053223,22.209999084472656,19.533421095722296
26,2020-08-07,CVX,86.87999725341797,87.11000061035156,85.73999786376953,75.19615936279297,7185000.0,4.0,-0.5925759213454,80.20657053005459,72.28484868991612,48.061099179761015,-43.421711947529815,8.335744193462483,75.9100128173828,78.22404340108235,22.209999084472656,19.533421095722296
26,2020-08-07,DIS,130.22000122070312,131.94000244140625,128.66000366210938,129.92999267578125,16088600.0,4.0,2.5465558143706772,128.54505088123017,110.2279509803421,60.885394049416455,275.95444403388836,45.71585558399541,117.53066711425781,117.59866689046224,22.209999084472656,19.533421095722296
26,2020-08-07,GS,203.47999572753906,208.8000030517578,202.4499969482422,192.65399169921875,3075000.0,4.0,0.1197399268167203,201.19448667673336,180.17938875051274,53.39700099655825,35.729152793187794,14.706400318462846,188.3797841389974,186.32207616170248,22.209999084472656,19.533421095722296
26,2020-08-07,HD,270.6099853515625,274.9200134277344,269.80999755859375,251.5150909423828,2846300.0,4.0,4.627937875704646,253.4826159624789,234.6820034833219,63.80873891985973,122.34695969415084,38.993499350536325,239.21524759928386,233.44331487019858,22.209999084472656,19.533421095722296
26,2020-08-07,HON,152.44000244140625,155.25999450683594,151.86000061035156,145.5365753173828,2520200.0,4.0,1.2179819797133575,147.8957667182143,136.19374744194192,54.95234179268578,92.79133183872341,22.766460069358473,139.6329116821289,137.94854520161945,22.209999084472656,19.533421095722296
26,2020-08-07,IBM,118.06883239746094,119.56979370117188,117.79158782958984,102.91851043701172,3818946.0,4.0,0.8194204786762214,105.11588645617846,97.82475609142895,53.47462238177677,47.974501739903,6.835389980452239,99.77235590616861,100.06263885498046,22.209999084472656,19.533421095722296
26,2020-08-07,INTC,48.529998779296875,48.650001525878906,47.70000076293945,43.827762603759766,36765200.0,4.0,-2.732197650371468,59.139533726381984,38.36823948223618,36.33985912967987,-99.83841706169764,46.256719757422985,50.265590031941734,52.875793329874675,22.209999084472656,19.533421095722296
26,2020-08-07,JNJ,147.50999450683594,148.64999389648438,147.14999389648438,136.31361389160156,3635100.0,4.0,0.7241974773591551,138.2493768230959,133.21656403383767,54.56751999320079,52.879983851331524,6.99673673573393,133.68795954386394,133.49928550720216,22.209999084472656,19.533421095722296
26,2020-08-07,JPM,96.93000030517578,99.48999786376953,96.55999755859375,90.41987609863281,14743700.0,4.0,0.23602243045333182,91.47257688254244,86.80690691262357,51.9737642555864,64.93291143849014,22.2204220987997,87.6358144124349,88.13967107137044,22.209999084472656,19.533421095722296
26,2020-08-07,KO,47.470001220703125,48.08000183105469,47.209999084472656,43.28589630126953,11669700.0,4.0,0.3554833926006822,44.51819608133926,40.98140451985703,53.33005060601597,70.9979935688083,16.476129323156396,41.989127731323244,41.84964796702067,22.209999084472656,19.533421095722296
26,2020-08-07,MCD,203.36000061035156,205.16000366210938,203.2899932861328,190.20399475097656,2980000.0,4.0,3.2088205901297897,190.83979856734848,172.97225129837418,60.69186698034793,152.46171065013257,40.20681090612971,178.43011067708332,176.27354227701824,22.209999084472656,19.533421095722296
26,2020-08-07,MMM,155.99000549316406,158.4199981689453,155.07000732421875,138.5384521484375,2184300.0,4.0,-0.3367412249464792,143.31164405125358,130.88826744776983,52.681090026318266,31.70612167298459,7.179016837653128,136.5600819905599,136.167777633667,22.209999084472656,19.533421095722296
26,2020-08-07,MRK,77.0896987915039,77.30915832519531,76.364501953125,69.75627899169922,6977584.0,4.0,0.7523595169812438,70.99797173437615,66.04100455346564,53.88140541414118,89.59160555688376,9.80784376718756,67.92670491536458,67.59142589569092,22.209999084472656,19.533421095722296
26,2020-08-07,MSFT,214.85000610351562,215.6999969482422,210.92999267578125,206.30274963378906,27820400.0,4.0,3.0893555529790717,211.2919178118487,192.28782461979193,57.41970259634484,86.66593435458478,25.988948172360253,201.48856150309246,192.20465138753255,22.209999084472656,19.533421095722296
26,2020-08-07,NKE,101.0,101.91000366210938,99.88999938964844,98.66364288330078,5545600.0,4.0,0.6629855936109976,98.02855010164592,91.69894089566853,55.791671504068354,220.2475522699596,21.161865684725623,94.69875666300456,94.65857276916503,22.209999084472656,19.533421095722296
26,2020-08-07,PG,132.88999938964844,133.63999938964844,132.4499969482422,124.06404876708984,4934900.0,4.0,3.208888585784493,125.75908403307292,111.70033903211262,66.60056388731152,142.11192410333643,56.594005587040805,116.2768160502116,111.83361625671387,22.209999084472656,19.533421095722296
26,2020-08-07,TRV,113.0999984741211,117.58999633789062,113.0199966430664,108.92813873291016,2062900.0,4.0,0.13220123121077165,113.48781414559161,103.92759952017988,53.25988293750622,8.16065756535453,7.6403759230567525,107.34007161458334,104.56905530293783,22.209999084472656,19.533421095722296
26,2020-08-07,UNH,313.3399963378906,319.0,313.3399963378906,302.7986145019531,2600800.0,4.0,3.6393530133288436,300.8661195941398,282.697540073829,58.24520078321412,199.14781362295875,37.66982705897343,288.37001647949216,285.15268961588544,22.209999084472656,19.533421095722296
26,2020-08-07,V,197.58999633789062,197.97999572753906,195.3000030517578,191.99908447265625,5654000.0,4.0,0.4894787483019343,196.6106546656874,185.19528100325792,52.75047550843345,57.70102273153543,13.033269503064243,190.33813069661457,189.68512903849285,22.209999084472656,19.533421095722296
26,2020-08-07,VZ,57.81999969482422,58.54999923706055,57.650001525878906,48.93293380737305,12783900.0,4.0,0.6428835322580753,49.17758626703977,45.52975702519656,58.71118172316152,131.9605598973974,33.92819029785958,46.66408030192057,46.44128557840983,22.209999084472656,19.533421095722296
26,2020-08-07,WBA,40.66999816894531,41.61000061035156,40.52000045776367,35.66435241699219,4538300.0,4.0,-0.10333011112907542,35.80832461334356,34.0953382589709,49.49449434906846,23.22920578339433,6.982130875039487,35.199070866902666,35.72155469258626,22.209999084472656,19.533421095722296
26,2020-08-07,WMT,129.5800018310547,130.4600067138672,129.11000061035156,123.56253051757812,5519500.0,4.0,1.1736814797831983,126.67990336894047,122.40932468892086,55.484777359700026,29.20510996354296,27.96545935973401,121.8427220662435,118.9903029123942,22.209999084472656,19.533421095722296
27,2020-08-10,AAPL,112.5999984741211,113.7750015258789,110.0,110.7260971069336,212403600.0,0.0,5.3866723310059825,113.59304320384442,84.2757960600716,70.64466743033111,169.75971195127417,59.17969666556202,96.44349848429361,89.2505313873291,22.1299991607666,37.54633783654939
27,2020-08-10,AMGN,240.25999450683594,240.6699981689453,236.2100067138672,215.23558044433594,1533200.0,0.0,-0.9206274847850295,238.00062501337752,213.62899534795062,48.65311804789831,-126.43387079431247,19.156539730826143,225.6263849894206,215.6207041422526,22.1299991607666,37.54633783654939
27,2020-08-10,AXP,99.48999786376953,102.6500015258789,99.26000213623047,97.31117248535156,5254800.0,0.0,0.47630743613200366,95.59303609265726,87.90775583849509,54.77166364079543,291.61158578572685,28.777160656502204,91.07889709472656,92.6750031789144,22.1299991607666,37.54633783654939
27,2020-08-10,BA,171.36000061035156,179.7899932861328,171.3300018310547,179.41000366210938,35857700.0,0.0,-1.609691354897052,187.58393376805944,157.97306696436246,51.469277665269836,12.877709504363104,7.72831532775919,175.62433420817058,173.17783432006837,22.1299991607666,37.54633783654939
27,2020-08-10,CAT,135.72999572753906,142.16000366210938,135.67999267578125,133.06765747070312,5181600.0,0.0,1.9338092940304534,132.788468193055,122.71641309356612,59.43058332324581,105.42828760404531,29.278841666063038,124.6808578491211,119.69316800435384,22.1299991607666,37.54633783654939
27,2020-08-10,CRM,200.39999389648438,201.47999572753906,195.72000122070312,197.16000366210938,5528200.0,0.0,3.7269582733368054,206.46441015144396,181.43858972648573,55.08599072837823,59.636869863104394,24.470950788421515,193.8816670735677,186.32516682942708,22.1299991607666,37.54633783654939
27,2020-08-10,CSCO,47.15999984741211,48.0,47.15999984741211,43.22325897216797,14999200.0,0.0,0.3991521092378889,43.501389558524885,41.505269758491714,55.61089146500558,148.91314669762562,17.325042181037993,42.23753573099772,41.72977377573649,22.1299991607666,37.54633783654939
27,2020-08-10,CVX,87.94000244140625,89.76000213623047,87.5999984741211,77.73446655273438,8150200.0,0.0,-0.3823780850922702,80.29712048524715,72.56941164976263,50.77506912897782,51.49125267619869,4.485931761796987,76.00444107055664,78.23823471069336,22.1299991607666,37.54633783654939
27,2020-08-10,DIS,129.75,131.32000732421875,128.49000549316406,128.7899932861328,8529200.0,0.0,2.908763921860583,129.9508382701686,110.07916279794664,59.7326338801356,227.1896749949929,44.73412217773527,118.1870002746582,117.98000005086263,22.1299991607666,37.54633783654939
27,2020-08-10,GS,209.58999633789062,210.63999938964844,208.0399932861328,193.6807861328125,2432800.0,0.0,0.5203232772847173,201.2430758038247,180.17705206482765,53.84883173291676,67.50015543739023,18.761054585050843,189.00232340494793,186.87730026245117,22.1299991607666,37.54633783654939
27,2020-08-10,HD,272.4200134277344,275.0,271.79998779296875,254.37615966796875,2393100.0,0.0,4.905366657699744,253.5902232453483,236.89936568287433,65.24596720667958,130.42035795366613,39.17066873321456,240.25597432454427,234.0859265645345,22.1299991607666,37.54633783654939
27,2020-08-10,HON,155.16000366210938,159.8800048828125,155.16000366210938,149.58995056152344,2858800.0,0.0,1.7411026447012432,148.4760728612404,137.10906050057602,57.423741229425765,153.9292563408642,33.68851886430564,140.2965886433919,138.45490392049155,22.1299991607666,37.54633783654939
27,2020-08-10,IBM,119.9043960571289,121.64435577392578,119.6749496459961,104.68927001953125,4150842.0,0.0,0.9954149707997004,105.09172380968147,98.62727948621696,55.426360430137976,88.76350834456386,16.521370450870716,100.08627802530924,100.22285181681315,22.1299991607666,37.54633783654939
27,2020-08-10,INTC,48.20000076293945,49.38999938964844,48.060001373291016,44.91364669799805,37442600.0,0.0,-2.596064377419559,58.65486379179092,38.034860939654386,38.87451552997467,-82.04994775474103,38.245026759783656,50.02553596496582,52.73189900716146,22.1299991607666,37.54633783654939
27,2020-08-10,JNJ,148.86000061035156,149.00999450683594,147.72000122070312,135.79075622558594,4096600.0,0.0,0.7066288067052824,138.07952461726362,133.64509849064652,53.65427043190637,53.045695999738435,4.516469247848567,134.00045928955078,133.52078717549642,22.1299991607666,37.54633783654939
27,2020-08-10,JPM,100.11000061035156,102.04000091552734,100.02999877929688,91.5662841796875,14989900.0,0.0,0.44776730515954455,91.84201246308993,86.70951341581633,53.05837655362713,136.25889107741983,32.42629507746144,87.9070536295573,88.3514305114746,22.1299991607666,37.54633783654939
27,2020-08-10,KO,48.060001373291016,48.279998779296875,47.65999984741211,43.213443756103516,11888000.0,0.0,0.35835256199623444,44.42942421980423,41.29384924821335,53.083170801158545,77.40810327440643,19.063602454950992,42.11439717610677,41.91625855763753,22.1299991607666,37.54633783654939
27,2020-08-10,MCD,204.35000610351562,205.16000366210938,202.5399932861328,189.75775146484375,2783600.0,0.0,3.4047446227364446,191.06867762236627,174.5282782492158,60.24569364949806,137.56852025344702,36.45083667409095,179.185595703125,176.7363749186198,22.1299991607666,37.54633783654939
27,2020-08-10,MMM,158.5500030517578,161.60000610351562,158.5500030517578,141.25970458984375,2272800.0,0.0,0.1078957793416464,143.81690530215448,130.96400747860721,54.79480990338442,111.20292192412164,17.094082318259172,136.82024841308595,136.55839945475262,22.1299991607666,37.54633783654939
27,2020-08-10,MRK,77.29962158203125,77.4904556274414,76.62213897705078,69.66156768798828,5782445.0,0.0,0.732176938004045,71.02648006537011,66.31900333306739,53.66667749233112,90.77463752223655,11.189724952666044,68.09086430867514,67.61282520294189,22.1299991607666,37.54633783654939
27,2020-08-10,MSFT,211.6699981689453,211.8800048828125,206.35000610351562,202.19569396972656,36716500.0,0.0,2.713552237614465,211.34423335095374,192.35007512072593,54.90667603689285,19.7372081422594,11.454522371951201,201.8743418375651,192.6613327026367,22.1299991607666,37.54633783654939
27,2020-08-10,NKE,102.47000122070312,106.83000183105469,102.4000015258789,102.10223388671875,12678000.0,0.0,1.1145410725657712,99.74969295711027,90.84471240787995,59.03731097182343,360.6542220018379,40.30961445667886,95.07781041463217,94.96651878356934,22.1299991607666,37.54633783654939
27,2020-08-10,PG,133.6999969482422,134.44000244140625,133.19000244140625,124.57499694824219,5812700.0,0.0,3.239106690361808,126.43004750568505,112.03525782268409,67.15377720795311,142.13964016905513,59.14465025548541,116.88351465861003,112.1588134765625,22.1299991607666,37.54633783654939
27,2020-08-10,TRV,118.0,119.37999725341797,116.97000122070312,110.56169128417969,1063600.0,0.0,0.37336543040439096,113.6085959979971,104.25975727348728,54.61738350537083,70.73505756486006,16.062323373275603,107.59129231770834,105.02538375854492,22.1299991607666,37.54633783654939
27,2020-08-10,UNH,317.0,320.4700012207031,315.5799865722656,304.7756652832031,2563600.0,0.0,4.236698422909797,303.1016060308694,282.31401591737284,58.961185804323236,208.34310944287458,39.769842838977425,289.3958038330078,285.6260477701823,22.1299991607666,37.54633783654939
27,2020-08-10,V,196.36000061035156,198.30999755859375,195.3300018310547,192.41954040527344,5525400.0,0.0,0.5693723545413718,196.24970149189107,186.31597691387066,53.00751952639978,61.384372498210865,14.14785504825928,190.5832305908203,189.94408162434897,22.1299991607666,37.54633783654939
27,2020-08-10,VZ,58.650001525878906,59.150001525878906,58.470001220703125,49.317508697509766,12114500.0,0.0,0.7054246389708325,49.354684779537315,45.732216694461705,59.95534972101068,154.6256060344503,40.99012690813113,46.84300079345703,46.50663216908773,22.1299991607666,37.54633783654939
27,2020-08-10,WBA,41.630001068115234,42.900001525878906,41.52000045776367,36.81536102294922,4891800.0,0.0,0.03776084869818419,36.18337755535081,34.00202626850173,52.45325899442624,125.30015034568783,10.711206852432277,35.247459411621094,35.78519655863444,22.1299991607666,37.54633783654939
27,2020-08-10,WMT,130.24000549316406,132.33999633789062,129.64999389648438,125.37837219238281,5894400.0,0.0,1.2185647856562696,126.714548985206,122.59904201821197,57.860014796782664,51.13638099321532,38.18546990130865,122.27243881225586,119.12435201009114,22.1299991607666,37.54633783654939
28,2020-08-11,AAPL,111.97000122070312,112.48249816894531,109.10749816894531,107.43311309814453,187902400.0,1.0,5.260422424719948,114.56464145179476,84.53123562340056,66.09983744973614,128.75839676484173,53.6481865590401,97.068625386556,89.78398844401042,24.030000686645508,17.864949745446687
28,2020-08-11,AMGN,238.17999267578125,238.89999389648438,234.36000061035156,212.0545196533203,2296200.0,1.0,-1.581085903480755,238.53363276041762,211.42955693684803,46.87224444862929,-158.52739157556408,22.397186029974204,225.71946665445964,215.53711166381837,24.030000686645508,17.864949745446687
28,2020-08-11,AXP,103.98999786376953,105.69999694824219,102.95999908447266,98.88164520263672,4744000.0,1.0,0.9571034636875595,97.11389191236668,87.19320037278956,55.980954467485994,336.4025851548508,38.11511060308922,91.37150573730469,93.01672821044922,24.030000686645508,17.864949745446687
28,2020-08-11,BA,184.50999450683594,189.97000122070312,179.52999877929688,180.1300048828125,61036600.0,1.0,-0.7836041339163842,187.60997828922115,157.96402226009525,51.66867342403559,89.09640933520288,21.218922015282722,175.14566752115886,174.18000106811525,24.030000686645508,17.864949745446687
28,2020-08-11,CAT,144.02000427246094,146.1999969482422,142.2899932861328,133.5454864501953,4206000.0,1.0,2.290209733748682,133.71922101279262,122.41038103798867,59.72789823416158,157.71718019182725,38.08184160421266,125.24962743123372,120.24616775512695,24.030000686645508,17.864949745446687
28,2020-08-11,CRM,193.6199951171875,195.83999633789062,191.72000122070312,191.99000549316406,5015400.0,1.0,2.969891546734374,206.45285068601265,181.69314998537408,52.39302458165395,-11.018247447419387,14.209913256806548,194.1703338623047,186.66950022379558,24.030000686645508,17.864949745446687
28,2020-08-11,CSCO,47.900001525878906,48.45000076293945,47.09000015258789,42.734249114990234,18859600.0,1.0,0.3668336826117198,43.50524086842702,41.585637808941144,53.908653029175476,133.05783744715657,23.617129406016645,42.27981707255046,41.779067548116046,24.030000686645508,17.864949745446687
28,2020-08-11,CVX,91.94999694824219,93.01000213623047,89.16999816894531,77.63917541503906,9074300.0,1.0,-0.22093715787147516,80.38961380054212,72.58694030712388,50.67224051630293,106.487897872137,17.315142545245553,76.0607515970866,78.26350237528483,24.030000686645508,17.864949745446687
28,2020-08-11,DIS,130.52999877929688,132.75999450683594,130.0,130.49000549316406,13885700.0,1.0,3.2950104052485187,131.559187437686,109.65381381353468,60.87537206429945,218.6947781684647,47.911760860354185,118.81933390299479,118.33733342488607,24.030000686645508,17.864949745446687
28,2020-08-11,GS,212.72000122070312,216.9499969482422,210.52999877929688,195.2347869873047,4042700.0,1.0,0.9522069017729109,200.7765379325838,180.3707078559904,54.538901241628345,105.72346263239997,30.817270236679455,189.54469299316406,187.49795277913412,24.030000686645508,17.864949745446687
28,2020-08-11,HD,277.69000244140625,279.3699951171875,274.4100036621094,254.5520782470703,3321300.0,1.0,5.08085716662481,254.76669773048567,237.3089812856276,65.33353376662235,143.92205518882525,47.991585661841604,241.1448506673177,234.6570696512858,24.030000686645508,17.864949745446687
28,2020-08-11,HON,160.72000122070312,163.25,160.10000610351562,150.38748168945312,3773700.0,1.0,2.194734108732291,149.68676446627893,137.0411942129203,57.8939270752702,193.19585081381263,40.274334700568645,140.82953135172525,139.0002010345459,24.030000686645508,17.864949745446687
28,2020-08-11,IBM,123.0975112915039,124.73231506347656,121.04206848144531,104.39276885986328,5231255.0,1.0,1.098306118891017,105.05945582080507,99.2944427998004,55.02651358689725,115.36544539982464,28.370661976531803,100.32094319661458,100.37771670023601,24.030000686645508,17.864949745446687
28,2020-08-11,INTC,49.630001068115234,49.72999954223633,48.060001373291016,43.97376251220703,35348100.0,1.0,-2.5347989917520266,58.06241753323912,37.679015419641736,37.53632671056301,-78.2232933148443,34.62309403080411,49.73088912963867,52.58442465464274,24.030000686645508,17.864949745446687
28,2020-08-11,JNJ,149.13999938964844,149.22999572753906,146.3699951171875,134.8184051513672,6388400.0,1.0,0.6072449613070887,138.08395452315975,133.55352564041445,51.980639292560504,32.35545340122974,12.63473010009531,134.24293721516926,133.48356920878092,24.030000686645508,17.864949745446687
28,2020-08-11,JPM,103.86000061035156,106.16000366210938,103.51000213623047,94.45957946777344,31518600.0,1.0,0.8393657079799937,92.99035374783571,86.07159235812131,55.672044746228494,233.68115238362202,44.91080512990443,88.26242192586263,88.63574015299479,24.030000686645508,17.864949745446687
28,2020-08-11,KO,48.459999084472656,48.650001525878906,47.70000076293945,43.40361404418945,16531600.0,1.0,0.371686976247517,44.4090105700407,41.500808460721025,53.665581787665005,84.83219556930254,23.735901712773508,42.22215881347656,41.99261964162191,24.030000686645508,17.864949745446687
28,2020-08-11,MCD,205.0,207.4199981689453,204.25,190.57583618164062,2478400.0,1.0,3.584706168452101,192.00107815692826,174.92340304424363,60.792324385774215,147.08338246565185,41.49892725367035,179.87352854410807,177.23746821085612,24.030000686645508,17.864949745446687
28,2020-08-11,MMM,164.1300048828125,166.63999938964844,163.0399932861328,142.95721435546875,3764500.0,1.0,0.5904424075449981,144.47687448589974,130.72754140765497,56.06137033016834,189.25323090229966,29.798661033240425,137.04804077148438,136.93832499186198,24.030000686645508,17.864949745446687
28,2020-08-11,MRK,78.00572204589844,78.12023162841797,76.93701934814453,69.66156768798828,7636671.0,1.0,0.7080204793979448,71.0968372096785,66.47766459085862,53.66667749233112,103.52472877508302,15.970436106099555,68.2283327738444,67.63806819915771,24.030000686645508,17.864949745446687
28,2020-08-11,MSFT,207.16000366210938,207.64999389648438,203.13999938964844,197.46731567382812,36446500.0,1.0,2.011003197839898,211.29846042656274,191.9132995221677,52.186487002469825,-53.33430504321828,2.587734848299835,202.03422088623046,192.99676767985025,24.030000686645508,17.864949745446687
28,2020-08-11,NKE,106.8499984741211,107.33000183105469,104.86000061035156,101.82134246826172,5400700.0,1.0,1.433215239817926,100.9531909165019,90.4509808364278,58.673297144679346,330.2010781453295,41.844035012825366,95.37646814982097,95.26269785563152,24.030000686645508,17.864949745446687
28,2020-08-11,PG,134.27000427246094,134.74000549316406,132.7899932861328,123.76673889160156,5329900.0,1.0,3.1613925205936653,126.88846995257568,112.40588582135011,65.38160662151228,124.86287038446882,54.298423582371704,117.38849665323893,112.45823109944662,24.030000686645508,17.864949745446687
28,2020-08-11,TRV,121.4000015258789,123.30000305175781,119.62000274658203,111.3042221069336,1609400.0,1.0,0.6172900916401005,113.76867761393811,104.22683325031971,55.22882283473811,126.23169771344345,30.828126159484835,107.80848007202148,105.49270477294922,24.030000686645508,17.864949745446687
28,2020-08-11,UNH,322.9200134277344,324.57000732421875,314.6600036621094,301.38494873046875,3018200.0,1.0,4.385938110848713,304.1158625097566,281.97120108887617,57.22039996608171,193.57078999593216,45.26775724832708,290.2168792724609,286.03734537760414,24.030000686645508,17.864949745446687
28,2020-08-11,V,197.82000732421875,202.88999938964844,196.33999633789062,193.37771606445312,11549600.0,1.0,0.7019141515633578,196.432734307,186.56707648401564,53.60256740976345,123.07166385893501,27.863820927743692,190.79149831136067,190.1767951965332,24.030000686645508,17.864949745446687
28,2020-08-11,VZ,59.29999923706055,59.61000061035156,58.25,48.91621017456055,12833100.0,1.0,0.714372636542187,49.490544226423204,45.85301809047133,58.066564405130414,138.78043062840587,45.74274771587473,46.96638069152832,46.568046442667644,24.030000686645508,17.864949745446687
28,2020-08-11,WBA,43.380001068115234,44.04999923706055,41.720001220703125,35.947811126708984,6482600.0,1.0,0.07866561639897185,36.2782438370454,34.056620588613775,50.161941945807456,135.47997007809133,22.867631059659285,35.2340025583903,35.84074929555257,24.030000686645508,17.864949745446687
28,2020-08-11,WMT,132.58999633789062,132.8699951171875,129.72999572753906,123.78120422363281,8453400.0,1.0,1.1124335800934944,126.62361013350382,122.51790521683797,55.18094820766335,42.98807199699926,40.72002466796255,122.62546615600586,119.1918519337972,24.030000686645508,17.864949745446687
29,2020-08-12,AAPL,110.49749755859375,113.2750015258789,110.29750061035156,111.0035629272461,165598000.0,2.0,5.3863830551681104,116.04800549146191,84.56651172045216,68.38142490607014,131.43832578841787,55.12826453025671,97.78809204101563,90.34733441670735,22.280000686645508,12.281021166760924
29,2020-08-12,AMGN,234.69000244140625,243.0,234.69000244140625,218.4437713623047,2325500.0,2.0,-1.570837110534427,238.1779518863747,210.7378455379417,50.62725351570671,-120.09306417065292,11.781865111334518,225.89599151611327,215.66558888753255,22.280000686645508,12.281021166760924
29,2020-08-12,AXP,104.76000213623047,104.80000305175781,100.68000030517578,97.3686294555664,3407800.0,2.0,1.202191933217648,97.82901015213663,86.89176545211141,54.52792172992544,230.6649176496667,25.01722382200184,91.59207305908203,93.23489036560059,22.280000686645508,12.281021166760924
29,2020-08-12,BA,184.00999450683594,184.14999389648438,173.19000244140625,175.44000244140625,40674400.0,2.0,-0.5015860884862491,185.24703119694985,159.07696935236655,50.276706005329444,27.146814043420648,10.466682525498264,174.8836675008138,174.8466677347819,22.280000686645508,12.281021166760924
29,2020-08-12,CAT,143.9499969482422,144.1699981689453,141.3300018310547,133.58299255371094,2541200.0,2.0,2.546333531144569,134.47878154034083,122.14165302997168,59.751848844320506,135.48395629473958,33.849804236311584,125.78089726765951,120.68974253336589,22.280000686645508,12.281021166760924
29,2020-08-12,CRM,193.0,195.4199981689453,192.1199951171875,192.6199951171875,3980300.0,2.0,2.3931587645977856,206.38060463937146,182.21839590994497,52.68460507256449,-12.00973188826535,14.209913256806553,194.34666697184244,187.0048334757487,22.280000686645508,12.281021166760924
29,2020-08-12,CSCO,47.279998779296875,48.130001068115234,47.27000045776367,43.558326721191406,26823700.0,2.0,0.40307092170286296,43.64899988967468,41.5958269993634,56.243594148073996,150.18408080273204,23.61712940601665,42.334892400105794,41.83026568094889,22.280000686645508,12.281021166760924
29,2020-08-12,CVX,90.80000305175781,91.66000366210938,89.44999694824219,78.59213256835938,9057400.0,2.0,-0.01591492450916121,80.57618596646289,72.55890314486523,51.68450501402631,98.47616765040854,17.315142545245543,76.10377858479818,78.23707987467448,22.280000686645508,12.281021166760924
29,2020-08-12,DIS,130.6699981689453,133.0,130.49000549316406,131.7899932861328,12204200.0,2.0,3.663777925230903,133.19365400577547,109.10834642147063,61.734410151104576,192.63961876313545,48.439947056572,119.49533360799154,118.58633333841959,22.280000686645508,12.281021166760924
29,2020-08-12,GS,214.6999969482422,215.9499969482422,209.27000427246094,196.22459411621094,2439400.0,2.0,1.3586848753812717,199.80274130357458,180.90327371107384,54.9824229045645,91.95829276775254,26.800555019689416,189.99209594726562,187.98173650105795,22.280000686645508,12.281021166760924
29,2020-08-12,HD,279.75,282.9700012207031,276.9599914550781,260.7186584472656,3867900.0,2.0,5.652369152075977,257.39202202444477,236.88547889108258,68.23573685411145,168.67268754666412,53.88093318750209,242.10378824869792,235.23863983154297,22.280000686645508,12.281021166760924
29,2020-08-12,HON,162.52000427246094,162.82000732421875,158.99000549316406,150.19046020507812,2669400.0,2.0,2.5094153469405853,150.74841500076468,136.74330863204784,57.730997353558,168.57268296212547,35.53486740515858,141.31368459065754,139.37598266601563,22.280000686645508,12.281021166760924
29,2020-08-12,IBM,121.99808502197266,122.17017364501953,120.34416961669922,104.35157012939453,3692066.0,2.0,1.1631160242939274,105.24123160570124,99.54832909376165,54.969512925773024,83.78514883086105,24.114442485529477,100.52659479777019,100.46983846028645,22.280000686645508,12.281021166760924
29,2020-08-12,INTC,48.66999816894531,49.2599983215332,48.2400016784668,44.886268615722656,30659800.0,2.0,-2.3851199378374446,57.35398453266572,37.52587577312042,39.62371613423886,-70.09864177733526,34.6230940308041,49.419529088338216,52.427385075887045,22.280000686645508,12.281021166760924
29,2020-08-12,JNJ,147.5399932861328,150.24000549316406,147.49000549316406,137.28599548339844,5257300.0,2.0,0.719304767481276,138.240920178943,133.52498405689684,55.61528518655747,72.94144045644329,5.463552703713869,134.51905110677083,133.48626365661622,22.280000686645508,12.281021166760924
29,2020-08-12,JPM,106.16000366210938,106.43000030517578,101.70999908447266,93.65889739990234,19240800.0,2.0,1.072736078473767,93.57032254306445,85.78367907436719,54.798566399358904,191.68287360632695,33.40040667850935,88.5592633565267,88.83837458292643,22.280000686645508,12.281021166760924
29,2020-08-12,KO,48.29999923706055,48.689998626708984,48.119998931884766,43.85640335083008,9562200.0,2.0,0.41401836257244895,44.48389549960523,41.609753029447496,55.0402612324784,96.36562530040851,24.241268545794227,42.33535435994466,42.050951131184895,22.280000686645508,12.281021166760924
29,2020-08-12,MCD,206.86000061035156,207.39999389648438,205.3800048828125,191.52407836914062,2167100.0,2.0,3.7604935805546518,193.01765714198842,175.23155703037486,61.42827469611449,143.91897529699375,41.49892725367036,180.54131978352865,177.6617093404134,22.280000686645508,12.281021166760924
29,2020-08-12,MMM,165.0,165.9499969482422,163.35000610351562,143.72715759277344,2079200.0,2.0,1.023197290081356,145.1848712584797,130.45091212775077,56.631510440708695,172.14860866407264,29.79866103324042,137.28924713134765,137.17830708821614,22.280000686645508,12.281021166760924
29,2020-08-12,MRK,77.64312744140625,79.11259460449219,77.614501953125,71.18550109863281,7295652.0,2.0,0.8025932072149686,71.46265167632477,66.39080596527678,56.64197107832249,152.92717918562323,22.95621804634246,68.38187357584636,67.68956432342529,22.280000686645508,12.281021166760924
29,2020-08-12,MSFT,205.2899932861328,210.27999877929688,204.75,203.10841369628906,28013100.0,2.0,1.8876577445622047,211.37648713506255,191.94693052851167,54.94151015296197,-0.03234102775722586,8.932920390633619,202.21805063883463,193.39798075358073,22.280000686645508,12.281021166760924
29,2020-08-12,NKE,105.72000122070312,105.88999938964844,103.37999725341797,101.9181900024414,4714800.0,2.0,1.6742815246956866,101.9631566875004,90.08805180859335,58.7639833797213,235.86798355533372,31.174492263052233,95.60796737670898,95.49527180989584,22.280000686645508,12.281021166760924
29,2020-08-12,PG,133.77000427246094,135.97000122070312,133.6999969482422,125.8384017944336,5920400.0,2.0,3.2297389437010224,127.5798320239955,112.80520673332873,67.64552974700601,136.06383050717722,58.45667113380936,117.90376001993815,112.76755905151367,22.280000686645508,12.281021166760924
29,2020-08-12,TRV,121.55999755859375,121.55999755859375,118.2699966430664,110.32038116455078,1144600.0,2.0,0.7228814736530325,113.7389211249678,104.23060096975875,54.22740273140038,82.73092895347153,22.87089697241098,107.95729446411133,105.8669495900472,22.280000686645508,12.281021166760924
29,2020-08-12,UNH,318.0,323.2900085449219,317.6400146484375,307.8033142089844,2915800.0,2.0,4.964887954547407,306.7123110156731,281.11304909174874,59.558497539965636,209.30735292492065,45.26775724832708,291.0866678873698,286.51757659912107,22.280000686645508,12.281021166760924
29,2020-08-12,V,199.0,200.22999572753906,198.24000549316406,194.32623291015625,5432500.0,2.0,0.8734235796387964,196.69298269788604,186.52096688707488,54.196511104179976,118.25773677659777,27.86382092774368,190.9730428059896,190.29673767089844,22.280000686645508,12.281021166760924
29,2020-08-12,VZ,58.599998474121094,58.970001220703125,58.52000045776367,48.991455078125,10802100.0,2.0,0.7192446196925033,49.556477403217166,46.08304019016662,58.32124868639052,122.12883039145909,45.74274771587473,47.080142974853516,46.616797892252606,22.280000686645508,12.281021166760924
29,2020-08-12,WBA,42.29999923706055,42.63999938964844,41.56999969482422,35.92204284667969,4929500.0,2.0,0.10776144777020136,36.37097957973639,34.06180812473138,50.09470333301859,89.11460806564608,20.578652541237364,35.217682139078775,35.861049779256184,22.280000686645508,12.281021166760924
29,2020-08-12,WMT,130.47000122070312,132.22999572753906,129.0800018310547,125.38788604736328,6364800.0,2.0,1.1447733955188966,126.60900663479818,122.52205034152017,57.2412575754644,43.33120533038956,33.541652686801235,123.00923258463541,119.25887629191081,22.280000686645508,12.281021166760924
30,2020-08-13,AAPL,114.43000030517578,116.0425033569336,113.92749786376953,112.96805572509766,210082000.0,3.0,5.58039855229751,117.69235572468729,84.75515175211935,69.54797212190572,141.33025270056265,59.90723528281195,98.57867991129557,90.95085678100585,22.1299991607666,91.0047040897472
30,2020-08-13,AMGN,241.30999755859375,242.77000427246094,239.61000061035156,217.30508422851562,1362800.0,3.0,-1.6357415927102466,237.54448171808423,210.03925393865404,49.97603166870881,-98.59931016211361,11.78186511133451,225.45438181559246,215.86184387207032,22.1299991607666,91.0047040897472
30,2020-08-13,AXP,100.52999877929688,101.83000183105469,99.5,96.16204071044922,3265400.0,3.0,1.2842605273048804,98.28233459194519,86.83105423251772,53.38480175563864,149.0265397127466,18.785139107446962,91.79540252685547,93.45121370951334,22.1299991607666,91.0047040897472
30,2020-08-13,BA,173.6199951171875,179.47000122070312,172.42999267578125,174.72999572753906,22958800.0,3.0,-0.3315544108253903,184.74792179685767,159.1790786303884,50.06547738432233,6.1231356304002444,9.225186967764365,174.69733378092448,175.58483428955077,22.1299991607666,91.0047040897472
30,2020-08-13,CAT,141.60000610351562,142.74000549316406,139.77000427246094,131.80274963378906,2939900.0,3.0,2.5759685978154465,134.81846973184565,122.0961695503809,58.05648240776809,102.74342754726328,27.083931683692654,126.26646550496419,121.14921671549479,22.1299991607666,91.0047040897472
30,2020-08-13,CRM,193.32000732421875,198.07000732421875,193.22999572753906,195.13999938964844,4711600.0,3.0,2.115056113552072,206.1327109867626,183.42929005083508,53.854136211013426,16.195406748931592,19.249372638699196,194.4550003051758,187.3231669108073,22.1299991607666,91.0047040897472
30,2020-08-13,CSCO,43.790000915527344,43.84000015258789,42.380001068115234,38.68632125854492,91849500.0,3.0,0.03821851175742097,44.471056977431225,40.49666381724651,42.939707739931364,-393.45353706802297,36.44448072595966,42.244938405354816,41.80700257619222,22.1299991607666,91.0047040897472
30,2020-08-13,CVX,89.87000274658203,91.27999877929688,89.76000213623047,77.81243896484375,7314600.0,3.0,0.08269861672798129,80.67782766625473,72.58374383643081,50.80211963699308,83.512275048337,17.31514254524555,76.1673085530599,78.23996760050456,22.1299991607666,91.0047040897472
30,2020-08-13,DIS,130.63999938964844,132.35000610351562,130.4499969482422,130.9600067138672,6468600.0,3.0,3.844736136828587,134.5047738585896,108.95022720952562,60.85195672125685,157.9886595893734,48.17220943657438,120.09366709391276,118.86283340454102,22.1299991607666,91.0047040897472
30,2020-08-13,GS,210.41000366210938,212.1999969482422,207.69000244140625,192.76499938964844,2219900.0,3.0,1.385687869389841,198.7768053137935,181.34829692009322,53.108978694667826,47.71787893484757,21.78795632848221,190.32571919759116,188.46991144816081,22.1299991607666,91.0047040897472
30,2020-08-13,HD,281.1600036621094,282.6499938964844,279.739990234375,260.792724609375,2202400.0,3.0,6.0416289011638185,259.42311932777915,237.03768542075605,68.26874371380183,166.0864286190937,53.88093318750209,243.13803304036458,235.93266220092772,22.1299991607666,91.0047040897472
30,2020-08-13,HON,157.67999267578125,159.64999389648438,157.57000732421875,150.01113891601562,2574900.0,3.0,2.713058318523963,151.60595205505066,136.52370034973447,57.57842753549083,131.69969403816927,29.54917721137946,141.80687255859374,139.8127347310384,22.1299991607666,91.0047040897472
30,2020-08-13,IBM,120.42064666748047,120.83174133300781,119.2829818725586,102.97615051269531,3317180.0,3.0,1.0909180488553147,105.25952319982284,99.74604930994278,53.0708892270686,49.758027473493094,17.767741863388267,100.74682973225912,100.55624402364096,22.1299991607666,91.0047040897472
30,2020-08-13,INTC,49.2599983215332,49.33000183105469,48.38999938964844,44.31139373779297,24774500.0,3.0,-2.286528134430533,56.53822990958432,37.41260093148014,38.779147353852515,-66.86923424624975,33.798367868162856,49.11982243855794,52.25517520904541,22.1299991607666,91.0047040897472
30,2020-08-13,JNJ,148.5399932861328,149.19000244140625,147.52999877929688,135.76324462890625,5155500.0,3.0,0.6774307039547693,138.13368715114686,133.5175533884039,53.051833263085655,44.792287589491735,5.463552703713873,134.75205078125,133.48635393778483,22.1299991607666,91.0047040897472
30,2020-08-13,JPM,102.0,103.36000061035156,101.63999938964844,93.14031219482422,13598600.0,3.0,1.201982579413098,93.94007239009328,85.62865090702586,54.22849948554539,142.84977418538037,32.961369126734056,88.86284713745117,89.05909754435221,22.1299991607666,91.0047040897472
30,2020-08-13,KO,48.2599983215332,48.72999954223633,48.060001373291016,43.811119079589844,9882900.0,3.0,0.4388534001631612,44.494488521072796,41.80110016300924,54.871830378721974,89.35933930376324,22.935004660568747,42.442814636230466,42.114959144592284,22.1299991607666,91.0047040897472
30,2020-08-13,MCD,205.9600067138672,207.25,205.35000610351562,191.9610137939453,1795000.0,3.0,3.890219380840989,193.82232392054968,175.87434050816128,61.72421048207628,134.78313812801915,41.32864433470295,181.21778615315756,178.09723459879558,22.1299991607666,91.0047040897472
30,2020-08-13,MMM,165.52000427246094,167.49000549316406,164.75,145.12718200683594,2884000.0,3.0,1.4622727519928276,146.04263364023714,130.06214693837612,57.664834418705865,183.75553818346862,33.3640264623835,137.59345550537108,137.45447438557943,22.1299991607666,91.0047040897472
30,2020-08-13,MRK,78.36832427978516,79.79962158203125,78.25381469726562,71.92593383789062,7455262.0,3.0,0.9266081474430052,71.95515034421673,66.25475032106648,57.99763792692921,170.9251508255048,27.42158669564338,68.53742345174153,67.78429431915283,22.1299991607666,91.0047040897472
30,2020-08-13,MSFT,209.44000244140625,211.35000610351562,208.14999389648438,202.63262939453125,22588900.0,3.0,1.7315534964743904,211.45999932757044,192.32752050885532,54.6666783391775,21.793234584814634,11.441651325861486,202.3475077311198,193.81191991170246,22.1299991607666,91.0047040897472
30,2020-08-13,NKE,105.30000305175781,106.98999786376953,105.19999694824219,103.17739868164062,4281700.0,3.0,1.9445206849811285,103.14342237465539,89.80472673423134,59.94617270316907,232.69008610235545,35.055716533986335,95.9024274190267,95.74126408894857,22.1299991607666,91.0047040897472
30,2020-08-13,PG,135.0800018310547,135.8699951171875,134.92999267578125,126.1356430053711,4989500.0,3.0,3.270192118874732,128.18623642389915,113.29520507390359,67.9565631607972,131.6840553966667,58.45667113380936,118.41631571451823,113.13984540303548,22.1299991607666,91.0047040897472
30,2020-08-13,TRV,118.27999877929688,119.51000213623047,117.54000091552734,110.70091247558594,930300.0,3.0,0.8277275729918614,113.56330129760345,104.29205682617585,54.55709244125538,57.21115835019595,18.69786292594257,108.166748046875,106.27873077392579,22.1299991607666,91.0047040897472
30,2020-08-13,UNH,320.67999267578125,321.8699951171875,317.8399963378906,307.0869140625,2159500.0,3.0,5.304752487588416,308.68163835163654,280.51620405559,59.18499632756618,176.4815604654118,45.26775724832708,291.8440673828125,287.0541814168294,22.1299991607666,91.0047040897472
30,2020-08-13,V,197.1300048828125,199.94000244140625,197.02999877929688,193.48403930664062,7014800.0,3.0,0.9306599827833963,196.84092941632943,186.8011650050573,53.56666265677426,88.24362287441315,21.98059516593358,191.10663146972655,190.43556289672853,22.1299991607666,91.0047040897472
30,2020-08-13,VZ,58.29999923706055,58.599998474121094,58.189998626708984,48.92457580566406,7428600.0,3.0,0.7095300819678911,49.643636579129364,46.224953585055204,57.99736604408311,100.43158283417645,36.71632565555092,47.20435282389323,46.68289877573649,22.1299991607666,91.0047040897472
30,2020-08-13,WBA,41.33000183105469,41.61000061035156,40.81999969482422,35.21767807006836,5690000.0,3.0,0.0731406332143365,36.347192052285386,34.055532023031994,48.2652780718685,14.336866115708952,9.659709386948153,35.22111803690593,35.8786584854126,22.1299991607666,91.0047040897472
30,2020-08-13,WMT,131.2100067138672,131.9600067138672,130.72999572753906,125.86520385742188,6622400.0,3.0,1.1951416415062255,126.6406590312076,122.50865813798185,57.83692393862657,58.46546618438197,33.541652686801235,123.41176147460938,119.37679621378581,22.1299991607666,91.0047040897472
31,2020-08-14,AAPL,114.83000183105469,115.0,113.04499816894531,112.86736297607422,165565200.0,4.0,5.660778240413563,119.0715737630258,85.21797472940584,69.41218244955675,120.9039593443965,54.305367153927286,99.36591135660807,91.5278216044108,22.049999237060547,6.348783706708735
31,2020-08-14,AMGN,239.2100067138672,240.05999755859375,238.6199951171875,218.078369140625,1225000.0,4.0,-1.606265207207258,236.1832102745782,209.85118456184762,50.424027748499775,-102.46997244607728,13.843585681124674,224.94456227620444,216.06436030069986,22.049999237060547,6.348783706708735
31,2020-08-14,AXP,99.66000366210938,101.29000091552734,99.2699966430664,96.15248107910156,1956500.0,4.0,1.3331612440770755,98.7080353053087,86.90617825670301,53.37563066429194,126.39886150559363,17.56403210618584,91.98947601318359,93.61224695841472,22.049999237060547,6.348783706708735
31,2020-08-14,BA,173.08999633789062,179.47000122070312,172.35000610351562,178.0800018310547,32414100.0,4.0,0.07267664301645027,185.06060327581858,159.10839696832207,51.068885150758476,22.90592372253724,9.087259900947803,174.60633392333983,176.33083419799806,22.049999237060547,6.348783706708735
31,2020-08-14,CAT,139.4499969482422,140.88999938964844,138.77000427246094,131.13751220703125,2038500.0,4.0,2.5167638143226014,135.07235496736257,122.12899390959056,57.42661933393035,78.42686478907675,22.829433916731983,126.67839965820312,121.5416483561198,22.049999237060547,6.348783706708735
31,2020-08-14,CRM,195.22000122070312,195.47999572753906,192.52000427246094,193.4600067138672,2833000.0,4.0,1.739049707815127,205.95400256010913,184.17599927094557,52.951491410659784,-8.323679245055247,17.27637386645351,194.48600056966146,187.5986671447754,22.049999237060547,6.348783706708735
31,2020-08-14,CSCO,42.4900016784668,42.880001068115234,42.27000045776367,38.48709487915039,32539500.0,4.0,-0.26396275720289,44.96563372995868,39.617217298483695,42.51430248215295,-352.5357666810665,37.1784484467546,42.15045636494954,41.76798960367839,22.049999237060547,6.348783706708735
31,2020-08-14,CVX,89.0,90.58999633789062,88.8499984741211,78.27157592773438,6343000.0,4.0,0.1956438142614445,80.84359264750348,72.691734500934,51.308518211893954,67.46188796960857,12.162487185272226,76.2262176513672,78.20170516967774,22.049999237060547,6.348783706708735
31,2020-08-14,DIS,130.00999450683594,131.0800018310547,129.74000549316406,130.52999877929688,6507600.0,4.0,3.9083952293473203,135.59145179569214,109.05154899776488,60.38930605560197,129.13033980782362,43.27015205485398,120.7053337097168,119.03966674804687,22.049999237060547,6.348783706708735
31,2020-08-14,GS,207.4600067138672,209.47999572753906,206.61000061035156,192.37648010253906,2287600.0,4.0,1.3600597549617817,198.3058105814072,181.50108486537013,52.89957723463452,25.195569854585372,18.368871418720197,190.6516352335612,188.89630152384441,22.049999237060547,6.348783706708735
31,2020-08-14,HD,281.1400146484375,282.0,279.19000244140625,259.7649841308594,2490400.0,4.0,6.195769020810729,260.94890258242293,237.379468084081,67.26541298799948,150.91838252586243,50.89792771361494,244.1272171020508,236.6081746419271,22.049999237060547,6.348783706708735
31,2020-08-14,HON,158.0,160.8699951171875,157.9600067138672,151.23782348632812,2844700.0,4.0,2.9395447911167594,152.5374467747415,136.17265301773898,58.35722325498881,136.02891851308794,32.295289319775705,142.31248779296874,140.2061279296875,22.049999237060547,6.348783706708735
31,2020-08-14,IBM,118.73805236816406,120.03823852539062,118.46080017089844,103.1738052368164,3099716.0,4.0,1.0376878973862347,105.32179976336116,99.83012360700016,53.31062360893866,35.04811474587224,12.982793263538667,100.94221827189128,100.63117535909016,22.049999237060547,6.348783706708735
31,2020-08-14,INTC,48.72999954223633,49.209999084472656,48.650001525878906,44.612518310546875,22321200.0,4.0,-2.1592052098956813,55.435282787662764,37.53868457378743,39.47816482673595,-60.889732559004095,33.798367868162856,48.820485560099286,52.04553648630778,22.049999237060547,6.348783706708735
31,2020-08-14,JNJ,147.61000061035156,149.33999633789062,147.5800018310547,135.98342895507812,4240200.0,4.0,0.6544679428357085,138.01755534298314,133.53186634891136,53.37330768313918,46.60451708798927,4.336280239275438,134.97434844970704,133.5104605356852,22.049999237060547,6.348783706708735
31,2020-08-14,JPM,101.5,103.30999755859375,101.41999816894531,93.17671966552734,12134400.0,4.0,1.2924505754824906,94.3922134669822,85.56319348492211,54.263055005669734,131.01648491184017,31.50729350264617,89.15854568481446,89.24048016866048,22.049999237060547,6.348783706708735
31,2020-08-14,KO,48.34000015258789,48.689998626708984,48.029998779296875,43.874507904052734,10075800.0,4.0,0.458366530709462,44.55711836783843,41.88607697517915,55.07092394357931,84.53056086719644,22.247943297657905,42.55057640075684,42.15983200073242,22.049999237060547,6.348783706708735
31,2020-08-14,MCD,205.9499969482422,207.3300018310547,205.1999969482422,192.46299743652344,2060200.0,4.0,3.9875676986403334,194.55370248422182,176.58855062857114,62.0700749680104,127.09435630005758,40.425325105284564,181.9463124593099,178.4714037577311,22.049999237060547,6.348783706708735
31,2020-08-14,MMM,164.61000061035156,166.3000030517578,164.52000427246094,145.3372039794922,1607300.0,4.0,1.806367556129743,146.93010104199726,129.7233047197215,57.820794333107315,155.2454410231828,32.29139487274863,137.85770568847656,137.71537017822266,22.049999237060547,6.348783706708735
31,2020-08-14,MRK,79.56106567382812,80.56298065185547,79.36068725585938,71.87427520751953,7390496.0,4.0,1.0090902965100952,72.3607349160687,66.15997812714419,57.867052312583304,176.86908611002403,32.09606796366104,68.67230987548828,67.88755931854249,22.049999237060547,6.348783706708735
31,2020-08-14,MSFT,208.75999450683594,209.58999633789062,207.50999450683594,202.82681274414062,17958900.0,4.0,1.6050072046766957,211.47348631953605,192.89853058720223,54.762220010043684,6.697631693917278,9.512733178825588,202.43294982910157,194.18799209594727,22.049999237060547,6.348783706708735
31,2020-08-14,NKE,106.12000274658203,106.77999877929688,105.45999908447266,103.09024047851562,2985700.0,4.0,2.127133951793269,104.07210847718282,89.85918958800274,59.823367999034424,193.30534297314065,35.055716533986335,96.16072591145833,95.96261482238769,22.049999237060547,6.348783706708735
31,2020-08-14,PG,135.61000061035156,135.63999938964844,134.5500030517578,125.50393676757812,5845200.0,4.0,3.214226534940451,128.597853317146,113.83650642406494,66.5500286240721,114.14593112949048,53.52544353848743,118.88012008666992,113.48867937723796,22.049999237060547,6.348783706708735
31,2020-08-14,TRV,118.5199966430664,119.93000030517578,118.01000213623047,110.07906341552734,625100.0,4.0,0.8508329671359434,113.50357107596446,104.29981103463123,53.900776878476904,55.50757792186571,20.36134299439782,108.35671030680338,106.64526557922363,22.049999237060547,6.348783706708735
31,2020-08-14,UNH,320.5400085449219,323.92999267578125,318.7300109863281,309.16912841796875,1787200.0,4.0,5.676677668753769,310.89404282993075,279.9437226729989,59.9403467824037,169.5136664058937,48.171295942776524,292.6540008544922,287.6422912597656,22.049999237060547,6.348783706708735
31,2020-08-14,V,197.00999450683594,198.07000732421875,195.77000427246094,192.56353759765625,5014400.0,4.0,0.8914671710513744,196.91562870069797,186.9070916362161,52.8719172094223,44.34669745214005,16.037524961631053,191.14793650309244,190.48571217854817,22.049999237060547,6.348783706708735
31,2020-08-14,VZ,58.47999954223633,58.939998626708984,58.25,49.15031051635742,8715900.0,4.0,0.7118404913618335,49.77900095945826,46.29776143067846,58.7963293400537,104.63962145478632,40.75733390061965,47.332780075073245,46.75441525777181,22.049999237060547,6.348783706708735
31,2020-08-14,WBA,40.79999923706055,41.95000076293945,40.779998779296875,35.99934005737305,5687300.0,4.0,0.10753735432206213,36.41202147192866,34.03279206566899,50.34695518473418,49.87139341125421,13.457417428983032,35.21911366780599,35.90399799346924,22.049999237060547,6.348783706708735
31,2020-08-14,WMT,132.33999633789062,132.97000122070312,131.6300048828125,126.58113861083984,6702100.0,4.0,1.2780956989882526,126.87807061587303,122.40483267392189,58.72902075311262,86.28657823929174,39.061172258408774,123.85336583455404,119.4987257639567,22.049999237060547,6.348783706708735
32,2020-08-17,AAPL,116.0625,116.0875015258789,113.9625015258789,112.57269287109375,119561600.0,0.0,5.635737039076815,120.26659588245678,85.63648944469165,69.00431443257868,114.19913065570232,56.32102233137919,100.06373774210611,92.10959854125977,21.350000381469727,23.11208858374939
32,2020-08-17,AMGN,240.2100067138672,244.74000549316406,240.2100067138672,221.08056640625,1697500.0,0.0,-1.325374636609979,233.99880514201303,210.56144571247918,52.14527723190054,-60.934407268357035,1.8189178028788433,224.59476267496746,216.36345392862955,21.350000381469727,23.11208858374939
32,2020-08-17,AXP,99.91999816894531,100.0,97.44000244140625,93.41374206542969,7488500.0,0.0,1.1378061436589348,98.73335496754815,87.22080534128973,50.78972880012351,65.61531820893339,8.1116085319647,92.02043863932292,93.74193356831869,21.350000381469727,23.11208858374939
32,2020-08-17,BA,178.24000549316406,178.2899932861328,171.41000366210938,172.00999450683594,23352100.0,0.0,-0.09566344770632895,184.89346075807723,159.03453911985244,49.21517238747187,-6.982166993582593,7.383764675402495,174.07633361816406,176.881000773112,21.350000381469727,23.11208858374939
32,2020-08-17,CAT,140.14999389648438,140.60000610351562,138.3000030517578,129.97567749023438,2284000.0,0.0,2.3490152593706597,135.1840735071845,122.40049604237608,56.3226190065153,63.375664408012106,20.797643987231982,126.9985964457194,121.93998120625814,21.350000381469727,23.11208858374939
32,2020-08-17,CRM,195.33999633789062,197.07000732421875,194.4199981689453,196.74000549316406,3574500.0,0.0,1.6862918884744147,206.06227247466347,184.23273027191857,54.49203772830024,25.44612071305878,20.428049972226535,194.45333404541014,187.95666732788087,21.350000381469727,23.11208858374939
32,2020-08-17,CSCO,42.54999923706055,42.7599983215332,41.86000061035156,38.11579895019531,30511700.0,0.0,-0.527325389527725,45.3268466338561,38.814081253106785,41.71748565635459,-296.121358068234,39.94187395582443,42.019751103719074,41.73476842244466,21.350000381469727,23.11208858374939
32,2020-08-17,CVX,90.3499984741211,91.58000183105469,89.72000122070312,78.63543701171875,10473800.0,0.0,0.310930037669479,80.92276689078174,73.08903349373973,51.71596067296358,89.25991634162773,16.431035521020924,76.2897471110026,78.18336817423503,21.350000381469727,23.11208858374939
32,2020-08-17,DIS,130.10000610351562,130.13999938964844,128.5399932861328,129.3699951171875,7492200.0,0.0,3.8211945654903445,136.3472929164646,109.45370729715845,59.13464396005647,103.02669348183778,35.18942228042091,121.20333353678386,119.23199996948242,21.350000381469727,23.11208858374939
32,2020-08-17,GS,207.0,207.85000610351562,202.52999877929688,187.84388732910156,3922600.0,0.0,0.9629071391674131,197.46691834203975,181.54075835473762,50.49669711650051,-22.658307199966234,6.31567069915562,190.51935679117838,189.26767908732097,21.350000381469727,23.11208858374939
32,2020-08-17,HD,284.3999938964844,289.2200012207031,283.57000732421875,266.88525390625,5584400.0,0.0,6.813925745969129,264.00940071366466,236.91800559737052,70.38482505088376,195.0078967415887,61.398659050583134,245.3213373819987,237.3610933939616,21.350000381469727,23.11208858374939
32,2020-08-17,HON,160.02999877929688,160.8800048828125,158.0500030517578,149.80357360839844,2817200.0,0.0,2.9690792760641216,153.18126579161782,136.11691688660483,57.08954639949421,119.26869403782186,32.31842754122038,142.7014892578125,140.549658203125,21.350000381469727,23.11208858374939
32,2020-08-17,IBM,119.74187469482422,120.06692504882812,118.93881225585938,102.490234375,3514665.0,0.0,0.9296279903366553,105.30878075113816,99.81870109090286,52.35379150712169,30.909104126419635,13.114458840694004,101.10154266357422,100.72533518473307,21.350000381469727,23.11208858374939
32,2020-08-17,INTC,49.11000061035156,49.310001373291016,48.72999954223633,44.64902114868164,20018300.0,0.0,-2.0319325473474166,53.86965693843095,38.02686672795089,39.56469808297016,-56.38934502546832,32.47360822854268,48.509978612264,51.853424580891925,21.350000381469727,23.11208858374939
32,2020-08-17,JNJ,148.32000732421875,150.22999572753906,148.22999572753906,136.67140197753906,4306900.0,0.0,0.68389989027105,137.92614847054472,133.56731466422093,54.38294021968995,71.90470487031378,2.28822176946892,135.15811869303386,133.56076011657714,21.350000381469727,23.11208858374939
32,2020-08-17,JPM,101.5,102.0,99.52999877929688,90.72013854980469,14988000.0,0.0,1.1526346933654281,94.45889812151275,85.71578144391695,51.54669714549731,68.54237232781082,19.505411402559638,89.30139083862305,89.39834047953288,21.350000381469727,23.11208858374939
32,2020-08-17,KO,48.31999969482422,48.75,48.20000076293945,43.65718078613281,9102400.0,0.0,0.4510944095574345,44.47334034079164,42.15911853677184,54.22249883735228,80.9854064913184,23.165937299663486,42.64052937825521,42.21185175577799,21.350000381469727,23.11208858374939
32,2020-08-17,MCD,206.94000244140625,209.5,206.85000610351562,193.98760986328125,2619000.0,0.0,4.140016885390992,195.3801405093648,177.34807604336956,63.117200705027486,137.54354001276107,45.78384754787034,182.57133941650392,178.85589930216472,21.350000381469727,23.11208858374939
32,2020-08-17,MMM,165.1699981689453,166.3699951171875,163.64999389648438,144.12094116210938,2068100.0,0.0,1.958348302643742,147.63865506599217,129.7444992308828,56.57225797973253,129.04293212789534,28.12450108286764,138.05049641927084,137.99099426269532,21.350000381469727,23.11208858374939
32,2020-08-17,MRK,80.41984558105469,81.27862548828125,80.16221618652344,72.976318359375,8764319.0,0.0,1.1501257325766687,72.97336489041888,66.00796750704205,59.86151088777401,188.1704099686205,36.21314961992014,68.82097142537435,68.01403230031332,21.350000381469727,23.11208858374939
32,2020-08-17,MSFT,209.60000610351562,211.19000244140625,208.9199981689453,204.1666717529297,20184800.0,0.0,1.5944539089018122,211.33198898313992,192.9118617248679,55.432663745282,34.22119442545737,13.513298531685585,202.4193547566732,194.62248204549152,21.350000381469727,23.11208858374939
32,2020-08-17,NKE,106.5,106.5,105.12000274658203,102.3443832397461,3017000.0,0.0,2.1864675981768187,104.63926312517621,90.26162341046832,58.757779280848276,156.66862938352162,32.418311035449946,96.34508616129557,96.15043869018555,21.350000381469727,23.11208858374939
32,2020-08-17,PG,134.94000244140625,135.6999969482422,134.66000366210938,125.87553405761719,5603800.0,0.0,3.163392581662393,128.89448331020543,114.56595751621057,66.9660920848782,107.899213912668,53.7682778925287,119.33323186238607,113.8692470550537,21.350000381469727,23.11208858374939
32,2020-08-17,TRV,118.08999633789062,118.08999633789062,114.91999816894531,107.58232879638672,938000.0,0.0,0.6600696685180907,113.36182010392842,104.17611171980205,51.33574924526125,-12.108611718723175,3.6781817181662673,108.39816792805989,106.91440785725912,21.350000381469727,23.11208858374939
32,2020-08-17,UNH,321.45001220703125,323.79998779296875,319.3500061035156,306.12237548828125,2772500.0,0.0,5.660334740304222,312.1783412834788,280.2878910163259,58.30697801816662,141.46874539828238,48.17129594277652,293.21751810709634,288.19673919677734,21.350000381469727,23.11208858374939
32,2020-08-17,V,197.3000030517578,200.4600067138672,196.7100067138672,195.29568481445312,6256200.0,0.0,1.0685504478599057,197.11736075211252,186.82871010970388,54.676821725221735,104.64057159011531,23.586421690107105,191.21219329833986,190.6341979980469,21.350000381469727,23.11208858374939
32,2020-08-17,VZ,58.72999954223633,58.93000030517578,58.54999923706055,49.141944885253906,8371900.0,0.0,0.7048711550284708,49.848763588556444,46.47128417145333,58.753483610052385,103.28287390034652,40.75733390061965,47.448527018229164,46.82978839874268,21.350000381469727,23.11208858374939
32,2020-08-17,WBA,41.90999984741211,41.970001220703125,40.810001373291016,35.37229919433594,5275600.0,0.0,0.08324050167902897,36.42365631340185,34.0830037665542,48.720133958804084,41.384480599555665,13.68558186815097,35.16242192586263,35.92447001139323,21.350000381469727,23.11208858374939
32,2020-08-17,WMT,134.35000610351562,136.1300048828125,133.85000610351562,129.44500732421875,13155000.0,0.0,1.5569797644760541,127.9668129043216,121.76173094943816,62.05160520088717,206.144988155406,52.308421505695726,124.4005734761556,119.67567494710286,21.350000381469727,23.11208858374939
33,2020-08-18,AAPL,114.35250091552734,116.0,114.00749969482422,113.5107421875,105633600.0,1.0,5.626723085616618,121.38636388667827,86.3571618091225,69.59271681272239,106.79824090783994,56.32102233137919,100.80231018066407,92.6986754099528,21.510000228881836,13.845391680652519
33,2020-08-18,AMGN,243.52000427246094,244.30999755859375,240.02000427246094,219.70680236816406,1123800.0,1.0,-1.199787706711703,232.2093402874243,211.01412010075927,51.302128593641186,-64.0207170844048,2.2669223139918633,224.2925537109375,216.61479949951172,21.510000228881836,13.845391680652519
33,2020-08-18,AXP,98.19000244140625,98.83000183105469,96.47000122070312,92.57105255126953,3337300.0,1.0,0.9045606063765774,98.74275981429837,87.24395893570163,50.018400934281935,33.97221399020137,3.400972098659538,92.13726526896158,93.86551920572917,21.510000228881836,13.845391680652519
33,2020-08-18,BA,172.00999450683594,173.24000549316406,169.00999450683594,170.22999572753906,21488500.0,1.0,-0.36845785505175854,184.10211857519536,158.985880387207,48.679150162744385,-44.19474863035077,2.9941436113982083,173.78799997965496,177.42600072224934,21.510000228881836,13.845391680652519
33,2020-08-18,CAT,138.9499969482422,140.11000061035156,138.0800018310547,129.64772033691406,1563200.0,1.0,2.164657099991061,135.2722482094841,122.54656206273272,56.0082037497307,53.60685511392613,19.806025047800517,127.37699076334636,122.3574930826823,21.510000228881836,13.845391680652519
33,2020-08-18,CRM,199.3300018310547,204.8000030517578,199.0,204.00999450683594,7284800.0,1.0,2.2056825565946383,207.20325326400322,184.41274862808663,57.67008004482571,114.44639665021323,33.579074724941364,194.7076670328776,188.39266713460287,21.510000228881836,13.845391680652519
33,2020-08-18,CSCO,42.130001068115234,42.290000915527344,41.810001373291016,38.01619338989258,23344600.0,1.0,-0.7355999707804202,45.555810536516844,38.12870560728199,41.501624159979706,-253.53350495431835,40.2843033091952,41.90957234700521,41.69599361419678,21.510000228881836,13.845391680652519
33,2020-08-18,CVX,88.97000122070312,89.37000274658203,87.31999969482422,77.00965881347656,7981500.0,1.0,0.2680189315035193,80.67985826190984,73.11565183940853,49.79018379600036,15.30550896460215,3.4085407226657196,76.36434656778971,78.16334686279296,21.510000228881836,13.845391680652519
33,2020-08-18,DIS,129.44000244140625,129.58999633789062,128.36000061035156,128.9199981689453,6714600.0,1.0,3.6734313877883267,136.9606239110609,109.87037584479847,58.64568069206348,88.74080927954543,33.977818473140445,121.7130002339681,119.41366666158041,21.510000228881836,13.845391680652519
33,2020-08-18,GS,203.4499969482422,203.5800018310547,201.10000610351562,186.21585083007812,3067900.0,1.0,0.5109025241452514,196.45363529252234,181.5633462138253,49.658560677906884,-57.52476360903565,2.4087109884706046,190.57948252360026,189.61452713012696,21.510000228881836,13.845391680652519
33,2020-08-18,HD,288.8999938964844,290.5799865722656,283.0400085449219,263.8852844238281,6934300.0,1.0,6.981271190205234,265.827311159142,237.19080407523296,67.57800299916559,173.4621059636582,62.99223666159717,246.48335876464844,238.04867248535157,21.510000228881836,13.845391680652519
33,2020-08-18,HON,158.99000549316406,159.75999450683594,157.22000122070312,148.50143432617188,1869300.0,1.0,2.854508809835977,153.51676370857209,136.1107463622287,55.948100932555406,95.23054399435524,28.428066838888995,143.1174570719401,140.84818598429362,21.510000228881836,13.845391680652519
33,2020-08-18,IBM,119.50286865234375,119.98088073730469,118.77629089355469,102.88556671142578,3014990.0,1.0,0.8659081015045729,105.3323342677211,99.83544298447616,52.859981756220414,28.799007479011767,12.087341857364816,101.34477284749349,100.83597513834636,21.510000228881836,13.845391680652519
33,2020-08-18,INTC,49.2599983215332,49.56999969482422,48.619998931884766,44.39352035522461,19251400.0,1.0,-1.9294434015543445,52.107521477258075,38.7267943949343,39.15928792947591,-53.663644179176956,28.925877347940432,48.228115463256835,51.65282471974691,21.510000228881836,13.845391680652519
33,2020-08-18,JNJ,149.25999450683594,150.10000610351562,148.57000732421875,137.68043518066406,4322600.0,1.0,0.7796580545763163,137.9962742943599,133.52929485847213,55.83396376590263,86.50740408902004,2.288221769468925,135.37949879964194,133.64821128845216,21.510000228881836,13.845391680652519
33,2020-08-18,JPM,99.91000366210938,99.91000366210938,98.12000274658203,89.45545196533203,13246500.0,1.0,0.9290702183771344,94.41462073094397,85.66088586085291,50.20815495265946,13.649627744384466,11.397745561783275,89.4833590189616,89.54563496907552,21.510000228881836,13.845391680652519
33,2020-08-18,KO,48.20000076293945,48.5,47.959999084472656,43.84734344482422,9829000.0,1.0,0.4554258724871332,44.51870835964701,42.22422949130514,54.85209679532255,71.1536022599061,17.246964425283167,42.73742459615072,42.269134775797525,21.510000228881836,13.845391680652519
33,2020-08-18,MCD,209.25999450683594,210.42999267578125,207.22999572753906,195.521484375,2921500.0,1.0,4.334637811724292,196.44383728025142,177.89636962892828,64.14733057198491,139.4858100994504,47.92949810379712,183.3305430094401,179.27627258300782,21.510000228881836,13.845391680652519
33,2020-08-18,MMM,164.42999267578125,165.44000244140625,163.75999450683594,143.83221435546875,1519100.0,1.0,2.032071839666088,148.20900097148132,129.74990558369444,56.27385255008876,112.0883230647863,28.12450108286764,138.32932891845704,138.25261917114258,21.510000228881836,13.845391680652519
33,2020-08-18,MRK,81.00190734863281,81.11640930175781,79.9332046508789,72.80414581298828,6551572.0,1.0,1.2337821732865564,73.43231336555314,66.03719423332382,59.40701551037551,159.1307838004545,33.44543197725897,68.98857498168945,68.14019819895427,21.510000228881836,13.845391680652519
33,2020-08-18,MSFT,210.52999877929688,212.36000061035156,209.2100067138672,205.34153747558594,21336200.0,1.0,1.661736724459331,211.57520173451317,192.9346844349204,56.02385848850504,50.24073903333533,16.402349536630652,202.5242162068685,195.07525838216145,21.510000228881836,13.845391680652519
33,2020-08-18,NKE,106.45999908447266,107.0,105.47000122070312,103.61328125,5023000.0,1.0,2.309259696894415,105.4796069850981,90.25526087378863,60.01135257938645,151.4975844061786,34.431203658337,96.66473032633463,96.36762377421061,21.510000228881836,13.845391680652519
33,2020-08-18,PG,135.80999755859375,137.52000427246094,135.4199981689453,126.81377410888672,8670700.0,1.0,3.1623607125952446,129.1629239398847,115.43311564141415,68.00554131095284,117.36349470680041,60.46655073980135,119.79946314493814,114.25037384033203,21.510000228881836,13.845391680652519
33,2020-08-18,TRV,116.22000122070312,116.25,114.75,106.67271423339844,768500.0,1.0,0.4305272367299011,112.96976923156971,104.058604486692,50.43125649417141,-42.196845454264896,2.8398772608297436,108.47396672566732,107.15409914652507,21.510000228881836,13.845391680652519
33,2020-08-18,UNH,321.9800109863281,322.6700134277344,315.7099914550781,302.58843994140625,2520000.0,1.0,5.301115824072497,312.80900053461573,280.77471528569674,56.46086960475178,103.44832395746664,33.83556838608552,293.85935262044273,288.6442621866862,21.510000228881836,13.845391680652519
33,2020-08-18,V,199.97999572753906,200.10000610351562,196.82000732421875,194.8843994140625,6519900.0,1.0,1.1623046020478967,197.41836840783907,186.80450299108674,54.3526629824668,91.21909607588921,23.586421690107116,191.37877248128254,190.77191772460938,21.510000228881836,13.845391680652519
33,2020-08-18,VZ,58.86000061035156,59.470001220703125,58.779998779296875,49.47635269165039,10130600.0,1.0,0.7180545352772256,49.935457405591,46.663824286913886,59.96005159109179,116.79884770218277,46.90987563463214,47.58093287150065,46.90894368489583,21.510000228881836,13.845391680652519
33,2020-08-18,WBA,40.650001525878906,41.540000915527344,40.439998626708984,35.413997650146484,4835900.0,1.0,0.06658226885608087,36.43214142110935,34.14482925149807,48.833869599344474,20.81018045105931,8.052061461745428,35.13403434753418,35.947784423828125,21.510000228881836,13.845391680652519
33,2020-08-18,WMT,136.1699981689453,137.6300048828125,133.1699981689453,128.5953826904297,26744200.0,1.0,1.689958992980749,128.50913742806932,121.4983264086006,60.55543288391033,209.4663090889061,57.046453693215504,124.66403884887696,119.84892145792644,21.510000228881836,13.845391680652519
34,2020-08-19,AAPL,115.98249816894531,117.1624984741211,115.61000061035156,113.65316009521484,145538000.0,2.0,5.566899643656484,122.34085718516889,87.23063176746783,69.68310674386726,105.75856859867038,58.554191243261265,101.47470881144206,93.2989501953125,22.540000915527344,14.388842499265543
34,2020-08-19,AMGN,241.02000427246094,243.72999572753906,238.5,218.78797912597656,1900500.0,2.0,-1.1610170350090812,230.3377814767676,211.5410484792871,50.73453700679416,-70.95467342916197,5.9373860604614155,224.00670979817707,216.91153055826823,22.540000915527344,14.388842499265543
34,2020-08-19,AXP,96.81999969482422,97.91000366210938,95.88999938964844,92.78172302246094,3079600.0,2.0,0.7283156149668883,98.7547588039616,87.26547511327475,50.21393851260909,17.80073963582937,0.599264280550218,92.26462580362956,93.91333554585775,22.540000915527344,14.388842499265543
34,2020-08-19,BA,170.44000244140625,174.10000610351562,169.08999633789062,169.27000427246094,25601500.0,2.0,-0.654567232094422,182.98942494712165,159.04657511391352,48.38513706245505,-40.68148947156982,4.489650429456922,173.42766672770182,177.83500086466472,22.540000915527344,14.388842499265543
34,2020-08-19,CAT,138.5,139.9199981689453,137.4600067138672,129.31982421875,1849500.0,2.0,1.9693915343558928,135.31770920405316,122.59854979863236,55.68667892338908,42.72121270880382,16.914794692538745,127.715625,122.69297014872232,22.540000915527344,14.388842499265543
34,2020-08-19,CRM,204.0,207.10000610351562,200.02999877929688,205.11000061035156,7080700.0,2.0,2.6752263583186675,208.40615038408578,184.58985181317985,58.1277820857168,128.37460147770386,36.896244172971,194.86866709391276,188.8691670735677,22.540000915527344,14.388842499265543
34,2020-08-19,CSCO,42.099998474121094,42.349998474121094,41.779998779296875,37.91657257080078,20097400.0,2.0,-0.8983421157831017,45.7051149754387,37.52389427138747,41.280623744052605,-212.45805392229275,39.2657647520424,41.790639623006186,41.656457074483235,22.540000915527344,14.388842499265543
34,2020-08-19,CVX,87.30000305175781,87.9000015258789,86.19999694824219,75.9199447631836,9120300.0,2.0,0.14441601603382992,80.43751579472573,73.06305412104575,48.536960499374466,-28.767033917186232,2.0562487046346467,76.4014673868815,78.0815591176351,22.540000915527344,14.388842499265543
34,2020-08-19,DIS,129.25,130.22000122070312,127.43000030517578,127.7699966430664,7624200.0,2.0,3.4240620369512413,137.36579905390937,110.33920048832694,57.39112175881159,75.815722322927,27.658647444694413,122.08333333333333,119.5273333231608,22.540000915527344,14.388842499265543
34,2020-08-19,GS,202.39999389648438,206.10000610351562,201.77000427246094,187.79762268066406,2458500.0,2.0,0.27712683351487044,196.29736038759034,181.44396193906982,50.48458930262766,-36.533221801820446,8.727212906457973,190.6032241821289,189.74060618082683,22.540000915527344,14.388842499265543
34,2020-08-19,HD,287.4599914550781,287.9700012207031,281.92999267578125,261.90380859375,4986800.0,2.0,6.874757199213576,267.07237283610306,237.5836787996391,65.78549464605649,143.62014893286087,57.325555787646685,247.52315877278645,238.69402262369792,22.540000915527344,14.388842499265543
34,2020-08-19,HON,157.57000732421875,158.1300048828125,156.16000366210938,148.00132751464844,2098100.0,2.0,2.692321048654378,153.77959291329694,136.141307050082,55.507164278605316,73.1607003000922,23.472105575173856,143.4973627726237,141.04830373128254,22.540000915527344,14.388842499265543
34,2020-08-19,IBM,119.34034729003906,119.98088073730469,118.06883239746094,101.99605560302734,3916119.0,2.0,0.7351590619888952,105.04104339535803,99.86589172427088,51.58437762561212,7.455461932688398,7.543329793190362,101.55483016967773,100.88612823486328,22.540000915527344,14.388842499265543
34,2020-08-19,INTC,48.790000915527344,48.97999954223633,48.25,44.10150909423828,27775000.0,2.0,-1.8504520243700355,49.6616854583802,40.04949923400262,38.690558344574576,-56.24099903137834,31.708052222568796,47.92745513916016,51.446149571736655,22.540000915527344,14.388842499265543
34,2020-08-19,JNJ,149.5800018310547,151.5800018310547,149.32000732421875,137.95562744140625,7816300.0,2.0,0.8677499242812132,138.07879653738664,133.4816328449376,56.226798156126684,121.8440273091083,12.807699268151564,135.59720865885416,133.737344233195,22.540000915527344,14.388842499265543
34,2020-08-19,JPM,98.91999816894531,100.58999633789062,98.33999633789062,89.66471862792969,13533000.0,2.0,0.7600188082843857,94.4101277298822,85.65264235068419,50.42850019334171,21.113199697690312,14.391893143031531,89.64258066813152,89.60105489095052,22.540000915527344,14.388842499265543
34,2020-08-19,KO,48.119998931884766,48.380001068115234,47.220001220703125,42.89650344848633,17371000.0,2.0,0.3777789463283199,44.45867921132668,42.183742129615695,51.20906052874541,26.952858702739956,1.2151989982014157,42.80685094197591,42.29471626281738,22.540000915527344,14.388842499265543
34,2020-08-19,MCD,210.22000122070312,211.1699981689453,208.63999938964844,194.7684783935547,2711100.0,2.0,4.3776521593433415,197.46074103156056,177.8918392296699,63.25018736711984,134.91043761526717,49.62525001276068,184.06371612548827,179.677476755778,22.540000915527344,14.388842499265543
34,2020-08-19,MMM,164.94000244140625,165.69000244140625,163.77999877929688,143.47348022460938,2012800.0,2.0,2.038057964049017,148.6547343827643,129.7644260786615,55.89490051541285,103.35849356621483,28.860260910307456,138.60320485432942,138.42601521809897,22.540000915527344,14.388842499265543
34,2020-08-19,MRK,80.68701934814453,81.78434753417969,80.68701934814453,73.20880126953125,6896050.0,2.0,1.3175449803671029,73.8951228689826,66.11249660733576,60.14277123663426,164.40288526901585,37.41046760430793,69.19262720743815,68.26043796539307,22.540000915527344,14.388842499265543
34,2020-08-19,MSFT,211.49000549316406,212.10000610351562,209.25,204.09573364257812,27627600.0,2.0,1.5961336476965187,211.41094667107842,192.94911650030832,55.220336763334444,42.00543031303263,16.40234953663064,202.43932139078777,195.5386644999186,22.540000915527344,14.388842499265543
34,2020-08-19,NKE,107.69000244140625,109.69000244140625,107.3499984741211,104.98873138427734,9508100.0,2.0,2.4888705006537464,106.50210657253058,90.15101156101434,61.32939693669426,168.55976643715533,44.0201269041274,96.97307459513347,96.56151606241862,22.540000915527344,14.388842499265543
34,2020-08-19,PG,135.5399932861328,136.32000732421875,135.5,126.12635803222656,6827700.0,2.0,3.0706773593464476,129.2639649966678,116.30015548673062,66.4214484311746,100.36947220581627,60.46655073980135,120.22216415405273,114.62881342569987,22.540000915527344,14.388842499265543
34,2020-08-19,TRV,115.26000213623047,116.02999877929688,112.77999877929688,105.0670166015625,1200700.0,2.0,0.11769016727100734,112.15277230880868,104.03654959060539,48.859224522934845,-80.11524916929177,6.522917435022024,108.4745854695638,107.31693420410156,22.540000915527344,14.388842499265543
34,2020-08-19,UNH,316.7699890136719,319.489990234375,315.17999267578125,301.24176025390625,2066700.0,2.0,4.851837486437091,313.2340783138871,281.1796301822066,55.76484259798818,80.12428402476799,31.85006135371288,294.4018575032552,288.99088185628256,22.540000915527344,14.388842499265543
34,2020-08-19,V,198.9199981689453,202.83999633789062,198.89999389648438,196.82333374023438,9467600.0,2.0,1.3771858987040275,197.8547519216287,186.60610012915254,55.63538990262176,146.1304667904494,31.638175935988777,191.58162587483724,190.90349324544272,22.540000915527344,14.388842499265543
34,2020-08-19,VZ,59.36000061035156,59.439998626708984,58.93000030517578,49.3676643371582,10816300.0,2.0,0.7115301406946486,49.93224663401357,46.94292464589365,59.37606110904301,110.42875324598474,46.90987563463215,47.70034586588542,46.98353169759115,22.540000915527344,14.388842499265543
34,2020-08-19,WBA,40.77000045776367,40.88999938964844,40.130001068115234,34.970890045166016,4973200.0,2.0,0.017424559337023027,36.43193915952088,34.14698044191955,47.67156072238635,-28.13523226321904,3.460442547756398,35.0888724009196,35.92706451416016,22.540000915527344,14.388842499265543
34,2020-08-19,WMT,134.2100067138672,134.66000366210938,131.85000610351562,126.3997802734375,12718400.0,2.0,1.599738435120571,128.54406211165065,121.49138710709934,56.88850018132619,100.78485574796056,43.62413649414712,124.93385899861654,119.99302177429199,22.540000915527344,14.388842499265543
35,2020-08-20,AAPL,115.75,118.39250183105469,115.73249816894531,116.1750717163086,126907200.0,3.0,5.6577671088330135,123.04331289220718,89.0424376876268,71.24873247730036,107.57013335814452,60.819841640653735,102.21777140299479,93.93561935424805,22.719999313354492,11.94666740886764
35,2020-08-20,AMGN,240.1300048828125,240.69000244140625,237.3000030517578,217.18679809570312,1172800.0,3.0,-1.2451397301356053,229.33011454633714,211.47232228227614,49.7424282848489,-87.55055017531417,8.82703104687092,223.6653839111328,217.14527587890626,22.719999313354492,11.94666740886764
35,2020-08-20,AXP,95.73999786376953,97.58000183105469,95.68000030517578,92.61894226074219,3102500.0,3.0,0.5689466792812681,98.75642259266387,87.26860029551973,50.05740365138329,5.70355729981751,0.4447682733058246,92.46093393961588,93.84865341186523,22.719999313354492,11.94666740886764
35,2020-08-20,BA,168.5399932861328,170.83999633789062,165.86000061035156,169.5800018310547,23213400.0,3.0,-0.8465383948229999,182.3809782446851,158.96802230463132,48.48906618960302,-63.763312872837496,1.6007931641002875,173.30433349609376,178.16933415730793,22.719999313354492,11.94666740886764
35,2020-08-20,CAT,136.02000427246094,137.97999572753906,135.64999389648438,128.81381225585938,2279700.0,3.0,1.7535968572959604,135.34316106418504,122.65554804226026,55.180970753237325,6.354139999171533,8.726446411278252,128.1117919921875,122.94235877990722,22.719999313354492,11.94666740886764
35,2020-08-20,CRM,203.85000610351562,210.11000061035156,203.50999450683594,209.50999450683594,5175100.0,3.0,3.3636123102913302,210.17532473886277,184.91767758047317,59.92099781004629,163.5953293786479,41.01712149265882,195.16100006103517,189.41766688028972,22.719999313354492,11.94666740886764
35,2020-08-20,CSCO,41.869998931884766,42.41999816894531,41.72999954223633,38.315032958984375,18443900.0,3.0,-0.9838231144824334,45.677090470469096,37.090074141347316,42.546532903151764,-172.05831620710484,38.016011912036774,41.65812352498372,41.60678946177165,22.719999313354492,11.94666740886764
35,2020-08-20,CVX,85.41999816894531,86.88999938964844,84.7300033569336,74.53142547607422,7872300.0,3.0,-0.06483471290451348,80.2108494181643,72.85852848100562,46.97832389665205,-79.52762518513556,8.816941869259946,76.49655049641927,77.96796569824218,22.719999313354492,11.94666740886764
35,2020-08-20,DIS,126.80000305175781,128.4499969482422,126.52999877929688,128.1199951171875,4918100.0,3.0,3.217586645633247,137.71185625390893,110.99314252538795,57.676178229535914,61.57457318058112,21.71966806143216,122.46033325195313,119.63716659545898,22.719999313354492,11.94666740886764
35,2020-08-20,GS,200.75999450683594,203.27999877929688,200.33999633789062,186.71539306640625,1764200.0,3.0,0.0044793934674487446,196.2917796482214,181.341319717013,49.90501055920143,-65.30178021046255,4.61843968203458,190.7580118815104,189.64027938842773,22.719999313354492,11.94666740886764
35,2020-08-20,HD,280.5400085449219,281.9100036621094,279.44000244140625,259.8853759765625,3530000.0,3.0,6.55194668753029,267.70920843437494,238.5088671271485,63.99669334309361,102.87381944872543,45.21908176314119,248.53302256266275,239.23087158203126,22.719999313354492,11.94666740886764
35,2020-08-20,HON,155.5,157.02000427246094,155.2100067138672,147.3596649169922,1600300.0,3.0,2.48338238411327,153.99204611721333,136.240647364232,54.93253505857302,54.42582324671647,19.070088963854534,143.98786468505858,141.18064854939777,22.719999313354492,11.94666740886764
35,2020-08-20,IBM,117.78202819824219,118.5850830078125,117.4091796875,101.42776489257812,2679015.0,3.0,0.5790087428796653,104.9247362623121,99.77346548939688,50.77457782266293,-35.29798574951823,3.3665552851845235,101.80014165242513,100.87559305826822,22.719999313354492,11.94666740886764
35,2020-08-20,INTC,49.810001373291016,50.20000076293945,49.0,44.86801528930664,55081300.0,3.0,-1.7063306275464356,45.58157234462355,43.142044446147935,40.620582907387174,-41.2061600847549,15.739097187518993,47.658085123697916,51.23382034301758,22.719999313354492,11.94666740886764
35,2020-08-20,JNJ,149.75,151.5800018310547,149.5500030517578,138.90048217773438,4874700.0,3.0,1.002251910289516,138.4815222058794,133.2449411119917,57.56731918713048,140.68194215664462,12.807699268151577,135.8702641805013,133.83717918395996,22.719999313354492,11.94666740886764
35,2020-08-20,JPM,97.26000213623047,98.02999877929688,96.80000305175781,88.59110260009766,13672600.0,3.0,0.5332653558971003,94.38390743643664,85.53237826912975,49.271291737898046,-55.57770161526768,5.741199142763837,89.82727788289388,89.55523312886557,22.719999313354492,11.94666740886764
35,2020-08-20,KO,47.27000045776367,47.599998474121094,47.09000015258789,42.87838363647461,11308700.0,3.0,0.3111938317547711,44.41667731561443,42.14152657232503,51.142100085229444,-2.8332475743632566,1.3187310312450276,42.910688654581705,42.31042346954346,22.719999313354492,11.94666740886764
35,2020-08-20,MCD,208.1199951171875,210.99000549316406,208.10000610351562,195.11245727539062,2084900.0,3.0,4.388904995950952,198.3776414744165,178.12118207294677,63.49147445867254,122.72767960108494,45.91846069327978,184.85545705159504,180.04008661905925,22.719999313354492,11.94666740886764
35,2020-08-20,MMM,163.02000427246094,163.66000366210938,162.3800048828125,142.5984649658203,1990300.0,3.0,1.9497204287299894,148.9368538141909,129.80430676930519,54.96100467165471,73.28927892061783,21.419885515048357,138.93920440673827,138.4963071187337,22.719999313354492,11.94666740886764
35,2020-08-20,MRK,80.91603088378906,81.40267181396484,80.52481079101562,73.20880126953125,6380434.0,3.0,1.3681563536596428,74.21281446392608,66.39490648333954,60.142771236634275,144.1645686152076,35.317681100382444,69.43197911580404,68.37654908498128,22.719999313354492,11.94666740886764
35,2020-08-20,MSFT,209.5399932861328,215.0,208.91000366210938,208.84532165527344,26981500.0,3.0,1.9054301823258584,212.09365729757195,193.4857662253773,57.61772518851304,90.05082401457716,23.628036235131272,202.4645233154297,196.07734654744465,22.719999313354492,11.94666740886764
35,2020-08-20,NKE,107.55999755859375,108.73999786376953,107.3499984741211,104.62065887451172,4304000.0,3.0,2.571866109650216,107.29451565205291,90.29913287699982,60.774861785655034,141.06439198029324,44.020126904127416,97.3288813273112,96.69693756103516,22.719999313354492,11.94666740886764
35,2020-08-20,PG,135.24000549316406,136.97999572753906,135.19000244140625,127.129638671875,4352200.0,3.0,3.0438859813673815,129.4748779328152,117.08231048271215,67.56225750196285,101.28642012477383,62.70556741423415,120.69092407226563,114.99535725911458,22.719999313354492,11.94666740886764
35,2020-08-20,TRV,112.0,113.44000244140625,111.87000274658203,104.44515991210938,895100.0,3.0,-0.17835810074883796,112.06693726615528,103.55806578560252,48.25657080121469,-123.70170852208209,10.544417662647403,108.55162251790365,107.41623649597167,22.719999313354492,11.94666740886764
35,2020-08-20,UNH,314.8299865722656,315.2799987792969,312.010009765625,299.26458740234375,2245600.0,3.0,4.286824003134484,313.315757676011,282.0874405661765,54.73993111090365,45.72321504383231,20.42731260256011,295.10768229166666,289.16379903157554,22.719999313354492,11.94666740886764
35,2020-08-20,V,199.89999389648438,204.44000244140625,199.60000610351562,199.91783142089844,8849200.0,3.0,1.7767002805964012,199.1647582830973,185.9833496270589,57.60241629856986,185.53136385421575,35.857128953172406,191.98084615071613,191.0931625366211,22.719999313354492,11.94666740886764
35,2020-08-20,VZ,58.599998474121094,59.09000015258789,58.59000015258789,49.29243087768555,8061500.0,3.0,0.6923083004148083,49.8619907051426,47.273186907162085,58.96482799093506,92.96426303713,36.69606079096941,47.84024175008138,47.045291137695315,22.719999313354492,11.94666740886764
35,2020-08-20,WBA,40.0,40.13999938964844,39.61000061035156,34.501712799072266,3645100.0,3.0,-0.0587151308217031,36.44381012145489,34.120204313359565,46.46031145570014,-110.05873784278926,3.864836869456345,35.1219851175944,35.88692881266276,22.719999313354492,11.94666740886764
35,2020-08-20,WMT,131.2100067138672,132.07000732421875,130.0500030517578,124.6432876586914,8936900.0,3.0,1.3707031064456032,128.52199272899634,121.46276526660914,54.173602729197015,-20.602820727036356,27.713036290889555,125.04023564656576,120.12971318562826,22.719999313354492,11.94666740886764
36,2020-08-21,AAPL,119.26249694824219,124.86750030517578,119.25,122.16188049316406,338054800.0,4.0,6.142063776183903,124.47761041991775,90.74363439209397,74.48462436546944,137.89586656155302,70.03696092807526,103.1549201965332,94.67149620056152,22.540000915527344,24.2154697316435
36,2020-08-21,AMGN,238.8800048828125,238.8800048828125,235.50999450683594,216.19517517089844,1959900.0,4.0,-1.375962021115015,228.9451692421604,211.0666914145779,49.1269611795164,-97.66677842709102,13.084610728417841,223.36992797851562,217.37273635864258,22.540000915527344,24.2154697316435
36,2020-08-21,AXP,96.48999786376953,97.6500015258789,95.95999908447266,92.0730972290039,2845100.0,4.0,0.3940580612774198,98.75665033737464,87.34689504226402,49.52188634887174,-1.1819869937659808,0.07469650194239492,92.5541399637858,93.8252384185791,22.540000915527344,24.2154697316435
36,2020-08-21,BA,168.35000610351562,170.0800018310547,167.27000427246094,167.5,16945900.0,4.0,-1.1532220627449874,182.05536332540686,158.66763777322598,47.8207111421121,-65.20357893922122,1.6007931641002862,172.93966674804688,178.4640007019043,22.540000915527344,24.2154697316435
36,2020-08-21,CAT,136.8000030517578,139.0,136.8000030517578,129.7039337158203,2524600.0,4.0,1.6355497839576145,135.3905478569899,122.68780144720928,55.90959642760168,25.197817516707612,12.421399040473553,128.46695048014323,123.23262265523275,22.540000915527344,24.2154697316435
36,2020-08-21,CRM,209.94000244140625,210.0,206.25,207.52999877929688,5727800.0,4.0,3.7066658920013253,211.1233566123785,185.87364503557072,58.749752009903126,151.9687262800496,41.01712149265882,195.44933319091797,189.8581667582194,22.540000915527344,24.2154697316435
36,2020-08-21,CSCO,42.04999923706055,42.29999923706055,41.810001373291016,38.26069259643555,17389600.0,4.0,-1.0439185912224644,45.696088846207786,36.69526056480295,42.41752181598091,-148.97254747331363,38.01601191203677,41.52500343322754,41.56160729726155,22.540000915527344,24.2154697316435
36,2020-08-21,CVX,84.66999816894531,85.08999633789062,83.51000213623047,74.76870727539062,9003600.0,4.0,-0.2091102719517295,80.05035791759613,72.68779058093904,47.27762137473037,-115.57317567226883,14.078619747509766,76.52763849894205,77.90207633972167,22.540000915527344,24.2154697316435
36,2020-08-21,DIS,127.72000122070312,128.30999755859375,127.2300033569336,127.44000244140625,6064700.0,4.0,2.9649060925937647,137.87823709791473,111.80976186448758,56.91095522244844,56.712116202104625,21.719668061432163,122.73033345540365,119.81533330281576,22.540000915527344,24.2154697316435
36,2020-08-21,GS,200.11000061035156,203.35000610351562,199.82000732421875,187.25189208984375,1780900.0,4.0,-0.16638667756006953,196.28521542265955,181.43668856903966,50.19821551375491,-63.98825981867393,3.103942033814682,190.661501566569,189.67820561726887,22.540000915527344,24.2154697316435
36,2020-08-21,HD,279.9700012207031,283.54998779296875,278.4200134277344,262.2464599609375,5519100.0,4.0,6.412714989808052,268.6404912835413,239.23682957827515,65.1436175183437,101.49252290582145,48.034477176366245,249.55523274739582,239.84112675984701,22.540000915527344,24.2154697316435
36,2020-08-21,HON,155.9600067138672,157.75999450683594,155.9600067138672,148.61465454101562,2507800.0,4.0,2.3914964786642656,154.22790621851374,136.8455389108808,55.8571391441425,66.52114491639739,21.40330306221669,144.48642171223958,141.35001703898112,22.540000915527344,24.2154697316435
36,2020-08-21,IBM,117.60037994384766,118.04971313476562,116.93116760253906,101.4360122680664,3540815.0,4.0,0.4507282693386969,104.91555369871215,99.69993778688355,50.78617667568182,-64.9665474699349,0.3476331928251936,101.97418746948242,100.87888043721517,22.540000915527344,24.2154697316435
36,2020-08-21,INTC,49.02000045776367,49.310001373291016,48.650001525878906,44.96839141845703,34621500.0,4.0,-1.5659624273957675,45.361310478213156,43.27390756988255,40.872734260229194,-44.23359516084652,18.759778114628382,47.35852597554525,51.05126094818115,22.540000915527344,24.2154697316435
36,2020-08-21,JNJ,151.77999877929688,153.64999389648438,150.58999633789062,140.1296844482422,6722800.0,4.0,1.1942653065440538,139.31593509258667,132.83616604266726,59.24692462131624,215.61819720324033,25.6077214893777,136.1879623413086,133.92570050557455,22.540000915527344,24.2154697316435
36,2020-08-21,JPM,97.2699966430664,98.56999969482422,96.94000244140625,88.54562377929688,12228300.0,4.0,0.3459044789383654,94.37969478547976,85.44924655973509,49.221795013416646,-52.380700278297866,8.339429328424796,89.85912221272787,89.531329981486,22.540000915527344,24.2154697316435
36,2020-08-21,KO,47.34000015258789,47.5,46.970001220703125,42.81500244140625,14734100.0,4.0,0.2504235887443471,44.339121286978305,42.10950923670334,50.9012593008872,-19.26995947737976,3.6976514784631243,42.974983596801756,42.31968975067139,22.540000915527344,24.2154697316435
36,2020-08-21,MCD,209.9600067138672,212.19000244140625,209.25999450683594,196.68356323242188,3484800.0,4.0,4.4730356993133,199.49839209231988,178.1950161108051,64.58997958553849,127.42130023135887,48.924280778397524,185.68252563476562,180.41333694458007,22.540000915527344,24.2154697316435
36,2020-08-21,MMM,160.92999267578125,162.69000244140625,160.74000549316406,142.7838592529297,2005600.0,4.0,1.873080360671338,149.2031679724606,129.83040899287144,55.12534017606662,55.00784651863057,13.232799972860656,139.2405512491862,138.58908437093098,22.540000915527344,24.2154697316435
36,2020-08-21,MRK,81.2022933959961,81.27862548828125,80.26717376708984,73.16573333740234,6890495.0,4.0,1.3887819950875695,74.28730424375806,66.9988651898357,60.01886716027062,128.18553414556098,31.906769981043126,69.66874694824219,68.47073027292888,22.540000915527344,24.2154697316435
36,2020-08-21,MSFT,213.86000061035156,216.25,212.85000610351562,207.3270263671875,36249300.0,4.0,2.004924650210114,212.2190512074475,194.54829803571656,56.615383948584274,111.65392724878286,26.553098785601787,202.46015268961588,196.59735844930012,22.540000915527344,24.2154697316435
36,2020-08-21,NKE,108.0,109.7699966430664,107.75,106.3060531616211,5564000.0,4.0,2.7420295514578896,108.3062370256737,90.38388824898452,62.38588794406643,142.16075331744926,47.38663845658266,97.7085807800293,96.88315467834472,22.540000915527344,24.2154697316435
36,2020-08-21,PG,136.60000610351562,138.10000610351562,135.91000366210938,127.67774963378906,5706600.0,4.0,3.031931377560767,129.55696041180786,118.06668765948122,68.17335593087996,108.07531890793251,66.1802305026046,121.13456675211589,115.33764902750652,22.540000915527344,24.2154697316435
36,2020-08-21,TRV,112.04000091552734,112.91999816894531,111.51000213623047,103.79544067382812,1082600.0,4.0,-0.46010163343927957,112.0191153745031,103.0072273989344,47.62170073976428,-136.88878926722856,12.142825550636736,108.48943557739258,107.49287808736166,22.540000915527344,24.2154697316435
36,2020-08-21,UNH,311.2799987792969,315.2799987792969,310.0899963378906,300.03826904296875,2488500.0,4.0,3.8570151199912743,313.1852831311782,283.4929822496811,55.07417452225449,36.8410804309919,14.031075564333362,295.8370666503906,289.34644012451173,22.540000915527344,24.2154697316435
36,2020-08-21,V,204.5,205.13999938964844,203.33999633789062,199.8982696533203,9998300.0,4.0,2.067902344430678,200.3228161348991,185.73352389195637,57.5857196422743,212.89462830390264,37.65649880028366,192.3683314005534,191.25903854370117,22.540000915527344,24.2154697316435
36,2020-08-21,VZ,59.0,59.040000915527344,58.540000915527344,49.317508697509766,11059300.0,4.0,0.6713594106041683,49.89511917745753,47.41896888101415,59.062596500458206,88.21264466536792,35.21824519135658,47.965646489461264,47.09947681427002,22.540000915527344,24.2154697316435
36,2020-08-21,WBA,39.529998779296875,39.91999816894531,39.29999923706055,34.284515380859375,5629500.0,4.0,-0.13502590569441253,36.48396397463565,34.028823653538176,45.90178378597514,-144.54405444778615,8.015231301508008,35.116075897216795,35.85949370066325,22.540000915527344,24.2154697316435
36,2020-08-21,WMT,130.5500030517578,132.6699981689453,130.10000610351562,125.65515899658203,8288000.0,4.0,1.2563580057320394,128.576694542896,121.49658502863718,55.44086901549614,9.81931062152405,30.458112052710977,125.08749008178711,120.26409670511882,22.540000915527344,24.2154697316435
37,2020-08-24,AAPL,128.69749450683594,128.78500366210938,123.9375,123.62296295166016,345937600.0,0.0,6.568057044715687,125.9777819546047,92.30985079686016,75.18959883757343,149.85158591711988,73.99372831339808,104.15523325602213,95.43299115498861,22.3700008392334,11.089267812515097
37,2020-08-24,AMGN,237.72999572753906,238.44000244140625,233.55999755859375,214.31195068359375,1565300.0,0.0,-1.6130063731930875,227.41514696439026,211.10541425387146,47.961102755858604,-105.91846576451906,17.56730097818413,222.98157399495443,217.48491541544595,22.3700008392334,11.089267812515097
37,2020-08-24,AXP,96.68000030517578,99.37000274658203,96.38999938964844,95.11827087402344,4141100.0,0.0,0.4954662090392077,98.96191113164818,87.48062426874245,52.4572088237824,52.86007456805967,8.755338155237306,92.7383181254069,93.90008125305175,22.3700008392334,11.089267812515097
37,2020-08-24,BA,168.77999877929688,178.27000427246094,167.92999267578125,178.27000427246094,39317100.0,0.0,-0.5212135180118196,182.98026960783054,158.54873124666167,51.408286565674096,20.86388437629234,13.078707990114252,173.0270004272461,179.00433400472005,22.3700008392334,11.089267812515097
37,2020-08-24,CAT,139.75999450683594,142.25,139.0800018310547,132.74905395507812,2921700.0,0.0,1.7673395913517709,135.62979681551462,122.61626946866505,58.308265936098415,99.26905730148071,23.033700706957212,128.84425252278646,123.58309389750163,22.3700008392334,11.089267812515097
37,2020-08-24,CRM,208.8800048828125,209.2899932861328,205.14999389648438,208.4600067138672,5699000.0,0.0,4.0073875261044805,212.22224336836175,186.52475827958747,59.13784512032237,132.78044737520875,37.27361717473272,196.12000020345053,190.41933364868163,22.3700008392334,11.089267812515097
37,2020-08-24,CSCO,42.06999969482422,42.470001220703125,42.0,38.19729995727539,17742900.0,0.0,-1.0841623964506866,45.59823098014753,36.33942351509173,42.26286773656935,-127.2091153829478,34.662410963251986,41.41180585225423,41.48212381998698,22.3700008392334,11.089267812515097
37,2020-08-24,CVX,85.5999984741211,87.33999633789062,84.88999938964844,76.63177490234375,8738700.0,0.0,-0.17114287621237168,79.74970187335727,72.76468945354704,49.58895559656079,-49.743034713938286,2.4264169948032857,76.61591974894206,77.85525398254394,22.3700008392334,11.089267812515097
37,2020-08-24,DIS,128.14999389648438,130.8800048828125,127.93000030517578,130.69000244140625,7613600.0,0.0,2.9924081539720078,138.19538291056264,112.93061654012095,59.563527287035264,75.4175338423436,32.03669524023193,123.21266682942708,120.0384999593099,22.3700008392334,11.089267812515097
37,2020-08-24,GS,203.11000061035156,207.42999267578125,201.32000732421875,191.79376220703125,3097400.0,0.0,0.06395446334855137,196.5790281632748,181.54248978106114,52.62651039139636,-12.95219640021126,13.59517694874752,190.61401824951173,189.8454803466797,22.3700008392334,11.089267812515097
37,2020-08-24,HD,284.989990234375,286.8500061035156,281.9200134277344,265.5056457519531,4430900.0,0.0,6.490542982160122,270.0815489637883,239.58556071638748,66.66023411112144,118.20831045168354,53.20731064812455,250.70120544433593,240.45446599324544,22.3700008392334,11.089267812515097
37,2020-08-24,HON,158.10000610351562,159.4499969482422,156.50999450683594,150.37913513183594,2087000.0,0.0,2.4330088622250514,154.70804217385302,137.2578086562251,57.13617754361135,86.45043928311222,26.571457426513412,145.01126759847006,141.57553431193034,22.3700008392334,11.089267812515097
37,2020-08-24,IBM,118.34607696533203,120.51625061035156,117.93498992919922,103.51148986816406,4258057.0,0.0,0.5106522850127959,105.0136385288824,99.69254509538517,53.630528296569345,14.303811887724082,14.17386832840716,102.19438171386719,100.91174558003743,22.3700008392334,11.089267812515097
37,2020-08-24,INTC,49.2599983215332,49.400001525878906,48.81999969482422,44.84064865112305,36295300.0,0.0,-1.4483319223653837,45.34688757931071,43.27960511172933,40.645503556104096,-41.335024760679154,17.600920028612798,47.0834098815918,50.847992451985675,22.3700008392334,11.089267812515097
37,2020-08-24,JNJ,152.74000549316406,152.89999389648438,150.35000610351562,140.49905395507812,5387900.0,0.0,1.3605586653338833,140.10005714645143,132.60084617386104,59.74228003953812,186.87790837211057,23.36328613701076,136.4311330159505,133.99316393534343,22.3700008392334,11.089267812515097
37,2020-08-24,JPM,98.44999694824219,100.20999908447266,97.41999816894531,91.03858184814453,17898300.0,0.0,0.3940382876230757,94.47090908468806,85.64554217873967,51.95850072752543,12.285021226652,15.868274974951674,89.93221282958984,89.58727137247722,22.3700008392334,11.089267812515097
37,2020-08-24,KO,47.43000030517578,47.97999954223633,47.18000030517578,43.439842224121094,9257700.0,0.0,0.24980251391006902,44.27534483156195,42.1271030596734,53.15125131394254,15.36665086102306,5.992586363884556,43.0570878346761,42.34550228118896,22.3700008392334,11.089267812515097
37,2020-08-24,MCD,212.25999450683594,213.5,210.92999267578125,197.65968322753906,2463900.0,0.0,4.565842424357925,200.68819522126458,178.06221218840338,65.26177404978885,131.7305381017307,52.03521266021154,186.5408920288086,180.82082824707032,22.3700008392334,11.089267812515097
37,2020-08-24,MMM,161.5500030517578,163.9499969482422,161.14999389648438,144.39085388183594,2604400.0,0.0,1.9198823818980202,149.41723522600864,129.77195697369837,56.547025731727146,70.42258675338655,17.785575036005362,139.53858998616536,138.7141866048177,22.3700008392334,11.089267812515097
37,2020-08-24,MRK,81.2977066040039,81.55534362792969,80.61068725585938,73.54457092285156,7582280.0,0.0,1.4193357723095374,74.55632207175718,67.2886211655475,60.75458848346024,128.77177088991525,33.82200688009169,69.90034942626953,68.54730803171793,22.3700008392334,11.089267812515097
37,2020-08-24,MSFT,214.7899932861328,215.52000427246094,212.42999267578125,207.97909545898438,25460100.0,0.0,2.1120449198330107,212.55646412073028,195.216431692258,56.948129413506344,102.27302202887635,24.83575575308681,202.69112141927084,197.0983009338379,22.3700008392334,11.089267812515097
37,2020-08-24,NKE,110.0,112.0,109.9000015258789,108.3207778930664,8173100.0,0.0,3.0048190693261176,109.51311736107766,90.59313035010399,64.20395784691985,157.83500163723286,53.81475775463914,98.20483703613282,97.09705810546875,22.3700008392334,11.089267812515097
37,2020-08-24,PG,137.49000549316406,138.77999877929688,137.1999969482422,128.67172241210938,7420500.0,0.0,3.0673045862100707,129.65363041414125,119.10243113981385,69.25977371226985,117.46429007769282,68.10859126173101,121.60641835530599,115.69866091410319,22.3700008392334,11.089267812515097
37,2020-08-24,TRV,112.16999816894531,114.95999908447266,111.5199966430664,106.64488220214844,1361900.0,0.0,-0.44829166809211074,111.94072797587629,102.92504503437763,50.57195280562417,-88.03770741380393,1.1904002054185492,108.50985514322916,107.62638409932454,22.3700008392334,11.089267812515097
37,2020-08-24,UNH,316.80999755859375,316.8999938964844,306.489990234375,294.9761962890625,2922200.0,0.0,3.0725036087271747,312.44485659520916,285.2114422329159,52.45235964709998,9.523743769107726,3.0599279945422087,296.1277384440104,289.4307652791341,22.3700008392334,11.089267812515097
37,2020-08-24,V,205.00999450683594,206.4499969482422,204.6699981689453,202.13101196289062,6159600.0,0.0,2.450596768489561,201.85273789583812,185.1630168038689,58.98930771982975,236.78863691061358,40.96924682288803,192.94529469807944,191.446156056722,22.3700008392334,11.089267812515097
37,2020-08-24,VZ,59.099998474121094,59.61000061035156,59.0,49.80241012573242,10931500.0,0.0,0.6859772386665313,49.992646085776336,47.54717096134281,60.92481534665951,114.03362434227333,42.75948453575192,48.10832926432292,47.13887074788411,22.3700008392334,11.089267812515097
37,2020-08-24,WBA,39.619998931884766,40.189998626708984,38.9900016784668,34.52777862548828,5500900.0,0.0,-0.17386917810925695,36.45160662758986,34.09183018576463,46.644945347635925,-135.10354685311856,12.07300378551386,35.133736801147464,35.82022202809652,22.3700008392334,11.089267812515097
37,2020-08-24,WMT,132.25,132.47999572753906,130.3300018310547,125.36878967285156,6604600.0,0.0,1.1296096416761685,128.60816686956602,121.52784997613712,54.99561821353803,2.883793944473123,30.458112052710977,125.16195831298828,120.38784523010254,22.3700008392334,11.089267812515097
38,2020-08-25,AAPL,124.69750213623047,125.18000030517578,123.05249786376953,122.60879516601562,211495600.0,1.0,6.746060528104081,126.36396899714855,95.04134182438465,73.72689728096843,127.01254916065508,68.61656131489332,105.07010192871094,96.16160952250162,22.030000686645508,42.70664848452747
38,2020-08-25,AMGN,242.89999389648438,249.9600067138672,240.8000030517578,225.82041931152344,6392100.0,1.0,-0.8622885662035742,225.93167398882392,212.10203572797295,54.74978203785162,5.5141447562661945,11.317148986531812,222.8849604288737,217.83092498779297,22.030000686645508,42.70664848452747
38,2020-08-25,AXP,100.62000274658203,100.79000091552734,98.02999877929688,94.85014343261719,2946600.0,1.0,0.547881614848194,99.06882433167698,87.81707959898708,52.18082279621082,77.41051374326508,15.347116671901087,92.87270151774088,93.94376360575357,22.030000686645508,42.70664848452747
38,2020-08-25,BA,180.4600067138672,180.6300048828125,172.44000244140625,174.72999572753906,31318500.0,1.0,-0.302504217111931,183.30303094023037,158.61496985322668,50.23389894799778,36.97528371506603,16.782288153640845,172.85266672770183,179.3933339436849,22.030000686645508,42.70664848452747
38,2020-08-25,CAT,142.6699981689453,144.92999267578125,140.5399932861328,132.2524871826172,2467500.0,1.0,1.8108409276454438,135.92508914320632,122.6133111253484,57.77801018428822,126.06929505072496,30.4613560440951,129.00939280192057,123.91955375671387,22.030000686645508,42.70664848452747
38,2020-08-25,CRM,213.22000122070312,218.35000610351562,210.8000030517578,216.0500030517578,27096500.0,1.0,4.80279720341187,214.6901166970569,186.71188525606811,62.14471130583763,188.74105999722482,49.15688879942912,197.00300038655598,191.08083368937176,22.030000686645508,42.70664848452747
38,2020-08-25,CSCO,42.22999954223633,42.29999923706055,41.779998779296875,37.998077392578125,15417400.0,1.0,-1.119229714580257,45.56297149750974,35.983473586108424,41.76778195704869,-119.29976680274723,36.78722801416623,41.28200658162435,41.422082138061526,22.030000686645508,42.70664848452747
38,2020-08-25,CVX,88.01000213623047,88.04000091552734,85.76000213623047,75.69144439697266,6835800.0,1.0,-0.21445811500785794,79.65393423188456,72.7098650540041,48.479272400337386,-41.281669554951286,0.9386227233604334,76.5876693725586,77.77702153523764,22.030000686645508,42.70664848452747
38,2020-08-25,DIS,130.8300018310547,131.08999633789062,129.30999755859375,129.7899932861328,5494400.0,1.0,2.908058233503283,138.1956535467002,114.29134520207907,58.531300040331445,72.73291688459764,32.810152868142325,123.5836664835612,120.22216657002767,22.030000686645508,42.70664848452747
38,2020-08-25,GS,209.99000549316406,210.49000549316406,205.1699981689453,190.55421447753906,2627600.0,1.0,0.14481104303715142,196.70937342133934,181.81730504545752,51.911890396118594,18.0266020751706,20.49653803622738,190.36703847249348,189.9390619913737,22.030000686645508,42.70664848452747
38,2020-08-25,HD,287.2699890136719,287.4800109863281,283.8900146484375,264.9316101074219,2854500.0,1.0,6.431761010425959,271.03688129413143,240.5607658005951,66.13592917156484,113.70017949247146,54.138951318978044,251.57588653564454,241.0764923095703,22.030000686645508,42.70664848452747
38,2020-08-25,HON,164.33999633789062,167.0,163.52000427246094,155.248046875,7400500.0,1.0,2.826209428717675,156.10885404459313,137.11901155599278,60.41063893102524,192.3563157440211,44.11907802500779,145.55422821044922,141.8770393371582,22.030000686645508,42.70664848452747
38,2020-08-25,IBM,120.45889282226562,121.24282836914062,119.01529693603516,102.65495300292969,3114674.0,1.0,0.48345417374146393,105.03216101035483,99.8205176700651,52.339090145522796,24.4789104253401,17.766583053836634,102.34808629353842,100.93047065734864,22.030000686645508,42.70664848452747
38,2020-08-25,INTC,49.349998474121094,49.880001068115234,49.209999084472656,45.10527038574219,38384300.0,1.0,-1.3185566370601123,45.4220230730731,43.25211594975405,41.34430843865381,-33.02803765695608,11.403364069189518,46.80502955118815,50.665297508239746,22.030000686645508,42.70664848452747
38,2020-08-25,JNJ,152.77999877929688,153.07000732421875,151.5399932861328,140.4159393310547,3863500.0,1.0,1.4687103164256143,140.7127261930154,132.56077234214084,59.57372143695,187.01019944940884,24.386446625003178,136.5886698404948,134.083092880249,22.030000686645508,42.70664848452747
38,2020-08-25,JPM,101.2699966430664,101.9800033569336,99.80000305175781,91.43891143798828,13648900.0,1.0,0.45919462025392477,94.59644284445997,85.80933718483689,52.38480754038622,72.43921143049685,23.150762106447104,90.00166397094726,89.63051211039225,22.030000686645508,42.70664848452747
38,2020-08-25,KO,48.0,48.04999923706055,47.650001525878906,43.38550567626953,7827800.0,1.0,0.24213462509266748,44.248031526886216,42.12996644369483,52.93303658602015,26.970650740534392,7.342374791987546,43.118666076660155,42.36577269236247,22.030000686645508,42.70664848452747
38,2020-08-25,MCD,213.9600067138672,214.19000244140625,212.22000122070312,197.6875762939453,2302400.0,1.0,4.58874694159212,201.53674491736305,178.739198075801,65.28124515903139,129.13000352828632,53.625583153016876,187.2204584757487,181.21189626057944,22.030000686645508,42.70664848452747
38,2020-08-25,MMM,164.86000061035156,165.25,162.4199981689453,144.01121520996094,1938500.0,1.0,1.904387064226313,149.85076952740175,130.1481989784576,56.112573685223424,78.59317005850187,22.28311872911935,139.7148910522461,138.84550399780272,22.030000686645508,42.70664848452747
38,2020-08-25,MRK,81.97518920898438,82.33778381347656,81.2977066040039,73.76842498779297,10245982.0,1.0,1.4449564545464568,74.85530285458282,67.50536532779023,61.19112888128281,135.7089832641231,39.007303587881474,70.11358413696288,68.6441307703654,22.030000686645508,42.70664848452747
38,2020-08-25,MSFT,213.10000610351562,216.61000061035156,213.10000610351562,210.68482971191406,23043700.0,1.0,2.3877442176934096,212.98375334379048,196.24294038179548,58.32032339040798,120.41670522606321,27.562674729934187,202.97085571289062,197.65113576253256,22.030000686645508,42.70664848452747
38,2020-08-25,NKE,112.0,112.27999877929688,111.08999633789062,108.01082611083984,4380900.0,1.0,3.1517398420728853,110.3192183740062,91.26320578981216,63.71384593102215,146.04677653369134,54.55990386089772,98.68107528686524,97.29029769897461,22.030000686645508,42.70664848452747
38,2020-08-25,PG,139.0,139.14999389648438,137.8000030517578,129.1826629638672,4718300.0,1.0,3.100822391004769,129.89716609490048,119.89748493659364,69.80782296015411,118.46137459708311,69.13230218132044,122.06329930623373,116.04772542317708,22.030000686645508,42.70664848452747
38,2020-08-25,TRV,116.2699966430664,116.43000030517578,114.75,107.31316375732422,1356500.0,1.0,-0.38061989975089716,111.95768206204983,102.96285245333104,51.238313588259814,-34.91262014840348,5.889511838726961,108.41920572916666,107.73768272399903,22.030000686645508,42.70664848452747
38,2020-08-25,UNH,312.20001220703125,312.3599853515625,307.79998779296875,298.2044372558594,1879300.0,1.0,2.6803670475811714,311.73877333467357,287.0913536184515,53.900178052447174,7.6544613368988195,3.0599279945422087,296.2455352783203,289.5517766316732,22.030000686645508,42.70664848452747
38,2020-08-25,V,207.19000244140625,208.1999969482422,205.5399932861328,203.7859344482422,5828300.0,1.0,2.8545181620282563,203.57771684728922,184.5795661727303,60.00416426105316,243.90041396274714,45.13259643930926,193.43694610595702,191.67535985310872,22.030000686645508,42.70664848452747
38,2020-08-25,VZ,59.70000076293945,59.75,59.18000030517578,49.67699432373047,11316800.0,1.0,0.6796078691691818,50.08916772346696,47.61283842582503,60.192205529598866,111.91294655652467,44.45707898841726,48.219242350260416,47.198221079508464,22.030000686645508,42.70664848452747
38,2020-08-25,WBA,39.939998626708984,40.099998474121094,39.130001068115234,34.31926345825195,5564700.0,1.0,-0.21895421481655575,36.48803930785652,33.9930428454638,46.08359875289553,-142.053239326748,12.073003785513867,35.129272079467775,35.77232125600179,22.030000686645508,42.70664848452747
38,2020-08-25,WMT,130.8000030517578,131.24000549316406,129.6699981689453,124.7005615234375,7240800.0,1.0,0.9641263742526149,128.58237479477575,121.49726692885707,53.9497294862791,-50.92482966918391,24.51459222239588,125.13524500528972,120.50204060872396,22.030000686645508,42.70664848452747
39,2020-08-26,AAPL,126.18000030517578,126.99250030517578,125.0824966430664,124.27616119384766,163022400.0,2.0,6.941653019838256,126.723808874287,97.79065645774425,74.56832593779106,131.3423569026852,70.60533702748981,106.01873524983723,96.91193059285482,23.270000457763672,354.942376075595
39,2020-08-26,AMGN,248.3300018310547,251.3800048828125,245.75999450683594,227.603515625,3125000.0,2.0,-0.12205139251614128,226.63628631148268,211.66905884232594,55.67655057017961,37.59341687011304,14.098012078903158,222.84115447998047,218.25469970703125,23.270000457763672,354.942376075595
39,2020-08-26,AXP,98.55999755859375,99.13999938964844,97.80999755859375,94.22769927978516,2936500.0,2.0,0.5330504862407395,99.14610506816058,87.9035470314488,51.528828852528484,46.98171338975518,13.983357798588933,92.90589828491211,93.94021212259928,23.270000457763672,354.942376075595
39,2020-08-26,BA,173.8000030517578,174.42999267578125,171.35000610351562,171.89999389648438,16189800.0,2.0,-0.35345856655243324,183.37950446013372,159.12749627228817,49.30246380379958,-2.084682610495821,14.37621994390366,172.31799977620443,179.7031672159831,23.270000457763672,354.942376075595
39,2020-08-26,CAT,140.47999572753906,142.44000244140625,139.80999755859375,132.88963317871094,2379900.0,2.0,1.875113268559403,136.0998628127773,122.56034073946881,58.281589146629486,94.47351628748753,26.895628098534342,129.14989166259767,124.22292264302571,23.270000457763672,354.942376075595
39,2020-08-26,CRM,251.9600067138672,277.9700012207031,249.47000122070312,272.32000732421875,63253400.0,2.0,9.860023961459689,239.27383887778146,169.99916374673026,75.80132573003245,499.1104934018965,78.20361154166248,199.8106674194336,192.71566721598307,23.270000457763672,354.942376075595
39,2020-08-26,CSCO,41.650001525878906,42.279998779296875,41.45000076293945,38.26069259643555,21625800.0,2.0,-1.1129999935526271,45.43013891660117,35.712418227563866,42.68338373783652,-107.74193132828705,39.92006520075,41.15673484802246,41.357582028706865,23.270000457763672,354.942376075595
39,2020-08-26,CVX,85.70999908447266,85.83999633789062,84.66000366210938,74.50505065917969,7486500.0,2.0,-0.3405916844293131,79.44051989340788,72.57088223671907,47.10352397452659,-90.5734719427925,4.340493788861048,76.50427831013998,77.65158259073893,23.270000457763672,354.942376075595
39,2020-08-26,DIS,130.0,132.60000610351562,129.52000427246094,132.17999267578125,8447800.0,2.0,2.9994870706749452,138.18859514691687,115.95540280840541,60.41577833550457,81.87663220834048,38.21504009174022,123.95966618855795,120.4459997812907,23.270000457763672,354.942376075595
39,2020-08-26,GS,205.88999938964844,207.27999877929688,205.02999877929688,191.6826934814453,2563200.0,2.0,0.2965310639818597,196.94409663551767,182.01178562766592,52.519106055772355,14.397828002866076,20.027676337396485,190.06856486002604,189.9865458170573,23.270000457763672,354.942376075595
39,2020-08-26,HD,287.7300109863281,292.1199951171875,286.2699890136719,270.3018493652344,4001900.0,2.0,6.7408054917654,272.72832147928733,241.39429052022442,68.53130610903938,134.49299681823737,60.353524346449674,252.62926686604817,241.70487848917642,23.270000457763672,354.942376075595
39,2020-08-26,HON,164.8000030517578,166.42999267578125,163.33999633789062,155.9840545654297,3466600.0,2.0,3.1607778999502614,157.49822295761038,136.82411896133493,60.87799064044964,170.7553939524955,43.24661723118041,146.00193634033204,142.15687662760416,23.270000457763672,354.942376075595
39,2020-08-26,IBM,119.45507049560547,119.61759185791016,118.4990463256836,102.26785278320312,3544162.0,2.0,0.4257558733228848,105.04017795350154,99.85118404601019,51.756415205514486,-31.626053208367612,14.137687738569985,102.42384974161784,100.92770398457846,23.270000457763672,354.942376075595
39,2020-08-26,INTC,49.38999938964844,49.66999816894531,49.22999954223633,45.21476745605469,28616600.0,2.0,-1.1931197482397735,45.508595764763086,43.33018330323007,41.63843178829973,-31.13715097344531,11.40336406918951,46.52878863016765,50.48049996693929,23.270000457763672,354.942376075595
39,2020-08-26,JNJ,151.86000061035156,152.64999389648438,150.63999938964844,140.6375732421875,8008300.0,2.0,1.554387274534605,141.25395422707453,132.64090661276924,59.88593218930503,149.39791625475337,15.649294253282154,136.74319712320963,134.16050910949707,23.270000457763672,354.942376075595
39,2020-08-26,JPM,99.94000244140625,100.2699966430664,99.05000305175781,90.1560287475586,12052400.0,2.0,0.40267182156571835,94.56355364165853,85.78854444183756,50.887840451575514,20.573982664951235,18.504482361598875,89.98225351969401,89.64741554260254,23.270000457763672,354.942376075595
39,2020-08-26,KO,47.7599983215332,48.18000030517578,47.470001220703125,43.611900329589844,10124200.0,2.0,0.2514276232915691,44.26331330754792,42.12736242792572,53.751437644923605,30.60802732425134,3.2666533915738025,43.17179247538249,42.39116242726644,23.270000457763672,354.942376075595
39,2020-08-26,MCD,212.08999633789062,214.4199981689453,211.60000610351562,198.7194366455078,2316700.0,2.0,4.636712310016065,202.35732882641582,179.5501266179201,66.01032976777228,121.65721868883999,48.88398115603339,187.9018814086914,181.61737289428712,23.270000457763672,354.942376075595
39,2020-08-26,MMM,162.8699951171875,164.77000427246094,161.69000244140625,144.71759033203125,2503400.0,2.0,1.9268934539737472,150.3389760001422,130.45990705649845,56.75213902468302,71.24943967976692,18.395339308387953,139.89169464111328,138.95855204264322,23.270000457763672,354.942376075595
39,2020-08-26,MRK,81.40267181396484,81.75572204589844,80.78244018554688,73.64789581298828,7844175.0,2.0,1.4389480354650601,75.01948038821575,67.87413151974323,60.81434523667964,111.77752490591759,31.74081251126238,70.28864924112956,68.72072213490804,23.270000457763672,354.942376075595
39,2020-08-26,MSFT,217.8800048828125,222.08999633789062,217.36000061035156,215.23971557617188,39600800.0,2.0,2.9398898992889997,214.51870557917636,196.4192048822494,60.51213274826758,182.8172612884493,39.381743443577726,203.4124516805013,198.246226755778,23.270000457763672,354.942376075595
39,2020-08-26,NKE,111.91999816894531,112.08999633789062,111.29000091552734,108.03018951416016,4477900.0,2.0,3.2324761054063202,110.97276899562202,92.01996629490533,63.73173843037465,131.62611766127404,54.55990386089772,99.10048751831054,97.46448783874511,23.270000457763672,354.942376075595
39,2020-08-26,PG,138.57000732421875,139.32000732421875,138.25,128.56024169921875,4746200.0,2.0,3.042093933296414,129.84407832050886,120.88697255229387,68.27389656175147,111.88243798356473,69.61144459255931,122.51758829752605,116.37395375569662,23.270000457763672,354.942376075595
39,2020-08-26,TRV,114.7300033569336,114.7300033569336,113.41999816894531,105.38261413574219,1200100.0,2.0,-0.4772671177322678,111.8704221576154,102.74289571347836,49.253947611411256,-77.14545483857195,0.8217361928936429,108.24595057169596,107.78837750752767,23.270000457763672,354.942376075595
39,2020-08-26,UNH,310.9800109863281,311.3599853515625,303.6099853515625,294.95709228515625,3178900.0,2.0,2.083544592637679,311.64630893434673,287.3882094982705,52.2447381458002,-24.310439896184565,8.631409370954508,296.3967600504557,289.6126429239909,23.270000457763672,354.942376075595
39,2020-08-26,V,208.10000610351562,210.8000030517578,207.3000030517578,205.90115356445312,7035200.0,2.0,3.3071860988628146,205.53754485651038,183.79287811712246,61.27135169422131,248.62613812652236,50.65934243827851,193.89415639241537,191.90706100463868,23.270000457763672,354.942376075595
39,2020-08-26,VZ,59.29999923706055,59.5,58.900001525878906,49.71044158935547,15096400.0,2.0,0.6695409613317267,50.16666258318984,47.70338517681993,60.32383097700798,95.71105190432586,35.84388560023302,48.34186032613118,47.24958578745524,23.270000457763672,354.942376075595
39,2020-08-26,WBA,39.189998626708984,39.380001068115234,38.36000061035156,33.59811782836914,7776600.0,2.0,-0.30930933126088433,36.59799345644326,33.70738869992881,44.18132161266759,-214.19110157879632,21.857113687286116,35.084449005126956,35.7088223139445,23.270000457763672,354.942376075595
39,2020-08-26,WMT,130.2100067138672,130.8800048828125,129.6999969482422,124.76737976074219,6271600.0,2.0,0.8288172762641608,128.59147941217878,121.54019707097552,54.04014221458751,-52.993096706066964,24.51459222239588,125.11107533772787,120.61766649881999,23.270000457763672,354.942376075595
40,2020-08-27,AAPL,127.14250183105469,127.48500061035156,123.8324966430664,122.79052734375,155552400.0,3.0,6.89727574161833,126.18346545993421,101.17883693874742,72.43021706272361,119.6503377838866,62.9907905810932,106.95714772542318,97.63021901448568,24.469999313354492,41.98719385551133
40,2020-08-27,AMGN,252.24000549316406,256.9100036621094,250.41000366210938,229.9962158203125,3928300.0,3.0,0.6501680770076348,228.3558207698724,210.70533493081118,56.90186026150665,84.55963684435207,24.016797654233525,222.82017161051434,218.75932083129882,24.469999313354492,41.98719385551133
40,2020-08-27,AXP,98.76000213623047,102.13999938964844,98.52999877929688,97.22499084472656,3992100.0,3.0,0.754456188538029,99.53475135025865,88.17372719588393,54.368999819497716,108.23450346537153,26.628360589080113,93.07220102945963,93.88604507446288,24.469999313354492,41.98719385551133
40,2020-08-27,BA,174.7100067138672,181.30999755859375,173.55999755859375,174.1999969482422,29548100.0,3.0,-0.20587602062849442,183.22672146885668,160.50527926356517,50.08066073473095,56.38647791035473,24.826398598604964,172.16799977620443,179.72050043741862,24.469999313354492,41.98719385551133
40,2020-08-27,CAT,142.1300048828125,144.33999633789062,141.27999877929688,134.33253479003906,3010300.0,3.0,2.019203541477623,136.73889672752068,122.54344732765509,59.41557921518644,128.09144384556785,32.06187830274676,129.33228607177733,124.49190521240234,24.469999313354492,41.98719385551133
40,2020-08-27,CRM,267.0,278.2799987792969,260.8399963378906,276.32000732421875,22817100.0,3.0,14.028962031594517,255.4607790984196,162.27422456368976,76.42670443216099,406.624218963138,78.27260417646528,202.8376678466797,194.40450057983398,24.469999313354492,41.98719385551133
40,2020-08-27,CSCO,42.400001525878906,42.470001220703125,42.02000045776367,38.29692459106445,22456800.0,3.0,-1.0925450958135485,45.291052006138614,35.475689937220764,42.81171899146436,-90.11007464125801,35.77839781930079,41.05138626098633,41.29293708801269,24.469999313354492,41.98719385551133
40,2020-08-27,CVX,85.16000366210938,85.62999725341797,83.97000122070312,74.61930847167969,7438200.0,3.0,-0.42641831150392306,79.44417753783789,72.55545396240625,47.25265357831571,-92.69101586476428,7.581537240741726,76.44000142415365,77.49209582010904,24.469999313354492,41.98719385551133
40,2020-08-27,DIS,133.0,136.36000061035156,132.82000732421875,133.72999572753906,13667600.0,3.0,3.1605841287624656,138.07779563427076,117.8732015275945,61.58691591331661,105.24926984281733,49.11125942635305,124.43633270263672,120.63849970499675,24.469999313354492,41.98719385551133
40,2020-08-27,GS,206.67999267578125,213.0,206.41000366210938,194.39303588867188,3692400.0,3.0,0.6282304055949908,197.36784130257726,182.57041553336026,53.96342206722498,79.48730128407668,31.644269765039734,189.92919514973957,189.9800702412923,24.469999313354492,41.98719385551133
40,2020-08-27,HD,292.2200012207031,292.95001220703125,286.55999755859375,267.24639892578125,3430900.0,3.0,6.6623764265135605,273.57592331881494,242.61333601956392,65.79216901156288,119.32733609294763,61.35489765566072,253.57215728759766,242.28558095296225,24.469999313354492,41.98719385551133
40,2020-08-27,HON,166.19000244140625,168.69000244140625,165.08999633789062,156.62570190429688,4281100.0,3.0,3.438069476809062,158.57073568365942,137.41879831292263,61.29011147017837,175.09554988386003,47.51117188291857,146.43506469726563,142.36921819051108,24.469999313354492,41.98719385551133
40,2020-08-27,IBM,119.1204605102539,119.59847259521484,118.52772521972656,102.66319274902344,3580144.0,3.0,0.407235824703406,104.88795185516655,100.27836436797797,52.31724626747614,-27.07681405095539,14.137687738569992,102.48542175292968,100.89020067850748,24.469999313354492,41.98719385551133
40,2020-08-27,INTC,49.790000915527344,49.93000030517578,49.16999816894531,45.07789611816406,24420600.0,3.0,-1.0921646885314686,45.53374796348071,43.463234610982184,41.37018159669537,-28.18865343554554,7.884266284729017,46.24466222127278,50.296291224161784,24.469999313354492,41.98719385551133
40,2020-08-27,JNJ,152.4199981689453,153.25999450683594,151.88999938964844,141.26548767089844,5575400.0,3.0,1.653889321217605,141.8532481446081,132.69824721672003,60.77379905625148,168.15323819257597,19.734197743701767,136.888383992513,134.24227561950684,24.469999313354492,41.98719385551133
40,2020-08-27,JPM,99.0,102.6500015258789,99.0,93.1220932006836,22163900.0,3.0,0.5904078550756253,94.89815575812221,85.93888571526645,54.02979728529861,90.78521528619251,27.751040943719147,90.05322011311848,89.63355941772461,24.469999313354492,41.98719385551133
40,2020-08-27,KO,48.25,48.81999969482422,48.20000076293945,43.6752815246582,10931600.0,3.0,0.26089924002502585,44.309067875904105,42.13050770087813,53.98316869359693,85.2125570361285,15.465954678976548,43.23457794189453,42.402651659647624,24.469999313354492,41.98719385551133
40,2020-08-27,MCD,214.33999633789062,216.10000610351562,212.10000610351562,197.25990295410156,3226800.0,3.0,4.505021950235829,202.58133392395737,180.88605194030046,64.04245166052331,115.7240646178257,53.07883735024214,188.56099446614584,181.91020863850912,24.469999313354492,41.98719385551133
40,2020-08-27,MMM,164.5,165.36000061035156,163.17999267578125,144.87649536132812,2325900.0,3.0,1.9352439502272034,150.4934355988036,131.48262488703628,56.8983111621811,78.8165761229147,20.576935876228983,140.0396708170573,139.02218653361004,24.469999313354492,41.98719385551133
40,2020-08-27,MRK,81.53626251220703,82.21373748779297,81.1832046508789,73.88896179199219,6464902.0,3.0,1.4370726509148426,75.08250190386045,68.39915626874696,61.30729164291653,113.98008609265564,34.97084728750167,70.47289784749348,68.78396282196044,24.469999313354492,41.98719385551133
40,2020-08-27,MSFT,222.88999938964844,231.14999389648438,219.39999389648438,220.52459716796875,57602200.0,3.0,3.7605656469013695,217.20000741255856,195.99314444291016,62.85658446152785,241.9890517459068,52.9492237872209,204.1635513305664,198.9221171061198,24.469999313354492,41.98719385551133
40,2020-08-27,NKE,111.98999786376953,112.79000091552734,110.5,107.36184692382812,4390800.0,3.0,3.205578599610803,111.2624188778037,93.0883219364053,62.62906552186718,117.1860025155575,46.91782442503723,99.53894933064778,97.57313448588053,24.469999313354492,41.98719385551133
40,2020-08-27,PG,138.83999633789062,139.69000244140625,138.17999267578125,128.39305114746094,6156100.0,3.0,2.9480767337174996,130.0744385440901,121.28738549155442,67.85955167892091,107.79375684517431,70.67055370180549,122.9583028157552,116.69016431172689,24.469999313354492,41.98719385551133
40,2020-08-27,TRV,113.69000244140625,118.81999969482422,113.66999816894531,108.76107025146484,1543900.0,3.0,-0.27804246027845636,111.97345057409875,102.75588673669226,52.57871190127958,0.06949890025684566,16.56218161268387,108.14323450724284,107.84205780029296,24.469999313354492,41.98719385551133
40,2020-08-27,UNH,310.4100036621094,314.7699890136719,305.489990234375,297.67919921875,2321000.0,3.0,1.809352685687827,311.4002164153419,288.24939906317377,53.48361791574592,3.7639035149608295,1.126535809627168,296.54066365559896,289.7340932210287,24.469999313354492,41.98719385551133
40,2020-08-27,V,211.2100067138672,212.17999267578125,209.0500030517578,206.65521240234375,8619600.0,3.0,3.684304576626346,207.35862242356396,183.6623065315142,61.71863900665036,233.300421646578,53.32674367411574,194.47591044108074,192.14301884969075,24.469999313354492,41.98719385551133
40,2020-08-27,VZ,59.599998474121094,59.790000915527344,59.40999984741211,49.685359954833984,11405300.0,3.0,0.6520228722513011,50.19818166612908,47.84993997693733,60.16949520991114,106.36355467140643,39.81678596401565,48.44357732137044,47.29460735321045,24.469999313354492,41.98719385551133
40,2020-08-27,WBA,38.650001525878906,39.45000076293945,38.459999084472656,34.18024826049805,6072300.0,3.0,-0.33013772897466964,36.62288039263682,33.609681863222555,46.04130648669567,-166.2584920236987,20.55350339539611,35.03984680175781,35.65416660308838,24.469999313354492,41.98719385551133
40,2020-08-27,WMT,131.0800018310547,139.35000610351562,130.89999389648438,130.42822265625,39672900.0,3.0,1.1649378746183743,129.5994067567892,121.20457807597448,60.78746719929432,236.7142130109012,54.74749182256418,125.2692626953125,120.83508707682292,24.469999313354492,41.98719385551133
41,2020-08-28,AAPL,126.01249694824219,126.44249725341797,124.57749938964844,122.59160614013672,187630000.0,4.0,6.768037427720543,126.86825156773813,102.33465599451773,72.14368955576859,113.41987715586542,62.990790581093215,107.89530283610026,98.35663096110027,22.959999084472656,25.519077903104048
41,2020-08-28,AMGN,253.39999389648438,254.13999938964844,247.7899932861328,230.2781982421875,12838400.0,4.0,1.2702683323452675,230.02859222761523,209.9494198573457,57.04662627183742,69.61506773483987,17.165144174876875,222.71038564046225,219.27044906616212,22.959999084472656,25.519077903104048
41,2020-08-28,AXP,102.1500015258789,102.9000015258789,100.73999786376953,98.19215393066406,4382900.0,4.0,0.996477014133049,99.87806132983678,88.71332355785853,55.244391498863436,133.2521170875091,29.437464947610252,93.30713170369467,93.82988522847494,22.959999084472656,25.519077903104048
41,2020-08-28,BA,175.11000061035156,177.27999877929688,172.57000732421875,175.8000030517578,20383900.0,4.0,0.03973331016928228,182.1640802424305,163.34792079516717,50.626062956276854,41.09018171106134,22.526206194615085,172.17266642252605,179.57883377075194,22.959999084472656,25.519077903104048
41,2020-08-28,CAT,144.27999877929688,145.85000610351562,142.69000244140625,134.57614135742188,3698700.0,4.0,2.1285169169001676,137.13625425395063,123.15332399311968,59.60733985953541,141.30032397762827,35.90970582326479,129.5424769083659,124.73596254984538,22.959999084472656,25.519077903104048
41,2020-08-28,CRM,271.2799987792969,275.75,267.3999938964844,271.1000061035156,28068000.0,4.0,16.71893948738085,266.3801936125209,158.97981004958845,73.85016465753525,309.01735883188826,78.27260417646528,205.61500142415363,196.06550064086915,22.959999084472656,25.519077903104048
41,2020-08-28,CSCO,42.13999938964844,42.29999923706055,42.0,38.215415954589844,16573600.0,4.0,-1.0705706358699274,45.03831879213945,35.284689554418165,42.58979430556065,-85.08606575540846,35.991592659860075,40.91404037475586,41.228131739298504,22.959999084472656,25.519077903104048
41,2020-08-28,CVX,85.05000305175781,85.7300033569336,84.31999969482422,75.25203704833984,7307900.0,4.0,-0.43832785296550014,79.23246325569906,73.02052060050212,48.091021034505914,-74.96039615384876,7.019764985217254,76.43060201009115,77.35614891052246,22.959999084472656,25.519077903104048
41,2020-08-28,DIS,134.5,136.8000030517578,133.5800018310547,135.5399932861328,11020100.0,4.0,3.395168989445196,138.1154395420266,119.69555670431129,62.91242566967698,108.94146063641557,50.209682222237106,124.99933242797852,120.83599955240885,22.959999084472656,25.519077903104048
41,2020-08-28,GS,211.88999938964844,212.0,207.08999633789062,192.13597106933594,3697400.0,4.0,0.7008987314634112,197.12744209652337,183.71270682925788,52.585413987120084,68.39765340461696,31.64426976503974,189.8151092529297,189.87045491536458,22.959999084472656,25.519077903104048
41,2020-08-28,HD,288.30999755859375,288.8299865722656,284.7699890136719,265.0797424316406,3100100.0,4.0,6.352165940797761,273.697336242003,244.41782794256727,63.91809532864538,91.5415848418151,52.476663979352104,254.37183787027996,242.861808013916,22.959999084472656,25.519077903104048
41,2020-08-28,HON,166.32000732421875,168.6999969482422,165.4600067138672,158.880859375,13011800.0,4.0,3.79603903495331,159.89274923533287,137.96978738576087,62.71803813268872,168.1714824772759,47.52981031242987,146.88331502278646,142.5791130065918,22.959999084472656,25.519077903104048
41,2020-08-28,IBM,119.46463012695312,119.7896728515625,118.75717163085938,103.00910186767578,3242182.0,4.0,0.41567884080910744,104.68247217374221,100.7901382998906,52.81374997969501,-11.769484795915606,15.242995573833632,102.52871526082357,100.86063028971354,22.959999084472656,25.519077903104048
41,2020-08-28,INTC,49.56999969482422,50.79999923706055,49.459999084472656,46.017784118652344,35384700.0,4.0,-0.9256457022420577,45.71101035914742,43.5617294327227,43.935947404831836,-7.962217875670136,3.068038690599498,45.96588325500488,50.11203721364339,22.959999084472656,25.519077903104048
41,2020-08-28,JNJ,152.74000549316406,153.6999969482422,151.89999389648438,141.87496948242188,5395700.0,4.0,1.7616186553361786,142.37722214560515,132.99092513222686,61.62663322810146,163.3367384086807,22.62348522931066,137.0508290608724,134.3635545094808,22.959999084472656,25.519077903104048
41,2020-08-28,JPM,103.13999938964844,103.25,101.80999755859375,93.5042495727539,13756700.0,4.0,0.7612516049698996,95.21815110769755,86.17662275704855,54.41846982786474,127.33955051275919,29.8945924099826,90.19303232828776,89.59348424275716,22.959999084472656,25.519077903104048
41,2020-08-28,KO,48.75,49.849998474121094,48.529998779296875,45.12419128417969,16420300.0,4.0,0.38092935657261506,44.69764947521956,41.97646742236344,58.85816026149384,192.79743056947115,30.53670773147676,43.32543627421061,42.43799044291178,22.959999084472656,25.519077903104048
41,2020-08-28,MCD,212.82000732421875,216.7100067138672,211.77000427246094,199.78854370117188,3212500.0,4.0,4.552221392336861,202.76283448264834,182.62239653541806,65.86620911323317,118.38282211969926,54.52725516635086,189.28704223632812,182.2459627787272,22.959999084472656,25.519077903104048
41,2020-08-28,MMM,164.63999938964844,166.1699981689453,163.9199981689453,146.27157592773438,3046300.0,4.0,2.0310207779427856,150.41730754557724,133.01981251057512,58.181966625357994,89.18616725046026,23.57534609183163,140.25369160970052,139.08953018188475,22.959999084472656,25.519077903104048
41,2020-08-28,MRK,81.94656372070312,81.94656372070312,81.02098846435547,73.74258422851562,6134049.0,4.0,1.4075495935578175,75.18257629332525,68.76486785950677,60.82664237213221,99.33144508112053,32.59536288563501,70.63877894083659,68.852024269104,22.959999084472656,25.519077903104048
41,2020-08-28,MSFT,228.17999267578125,230.63999938964844,226.5800018310547,222.7923583984375,26292900.0,4.0,4.541593802055019,220.02015495843818,195.54724158697195,63.810362180888376,252.57105808524372,52.94922378722089,205.0239018758138,199.67528813680013,22.959999084472656,25.519077903104048
41,2020-08-28,NKE,111.01000213623047,112.66999816894531,110.56999969482422,109.0073013305664,3731100.0,4.0,3.2792355651277916,111.72724872766376,94.06952174963116,64.20633911054338,115.09236725871862,46.91782442503723,100.06390101114908,97.75489222208658,22.959999084472656,25.519077903104048
41,2020-08-28,PG,138.32000732421875,138.91000366210938,136.9499969482422,128.9132843017578,4166300.0,4.0,2.882320299248093,130.2565619844101,121.81592641891022,68.47538979771362,95.66269485466866,51.862166940964435,123.3895871480306,117.05320218404134,22.959999084472656,25.519077903104048
41,2020-08-28,TRV,118.0999984741211,118.0999984741211,114.7300033569336,107.56376647949219,1725800.0,4.0,-0.21429760265544928,112.00932185664983,102.85645496830135,51.3454095885244,-5.669943970033741,16.562181612683872,108.0420659383138,107.82153956095378,22.959999084472656,25.519077903104048
41,2020-08-28,UNH,312.3399963378906,315.82000732421875,308.9700012207031,300.2579345703125,2883500.0,4.0,1.779621644918052,310.814825788515,289.94176600836,54.63689989526253,28.273870300833845,3.9659828882532597,296.79026489257814,290.0137542724609,22.959999084472656,25.519077903104048
41,2020-08-28,V,212.0,216.16000366210938,211.22000122070312,211.2382049560547,7349800.0,4.0,4.303376242103184,209.70518429634924,183.82242037894375,64.31022277270759,245.4285222800703,59.994441353475146,195.15860799153646,192.50799713134765,22.959999084472656,25.519077903104048
41,2020-08-28,VZ,59.40999984741211,59.40999984741211,58.81999969482422,49.543235778808594,11873900.0,4.0,0.619529872493942,50.2004365821391,47.996498308607976,59.28044859370194,76.03794635129212,23.221910102841214,48.526065572102866,47.331886545817056,22.959999084472656,25.519077903104048
41,2020-08-28,WBA,39.36000061035156,39.400001525878906,38.630001068115234,33.676307678222656,6035600.0,4.0,-0.38289440920003415,36.69002063829277,33.41331417005684,44.707202610736694,-164.708811098363,20.55350339539611,34.97644220987956,35.582665316263835,22.959999084472656,25.519077903104048
41,2020-08-28,WMT,141.0,141.07000732421875,137.83999633789062,133.93165588378906,21350300.0,4.0,1.6944807333649123,131.4691488648049,120.42593933099586,64.15645832504862,356.3490343748767,58.36710672572829,125.55880864461263,121.13244743347168,22.959999084472656,25.519077903104048
42,2020-08-31,AAPL,127.58000183105469,131.0,126.0,126.74895477294922,225702700.0,0.0,6.921294053606516,128.42714379922683,102.76958090170093,74.33845427865427,129.94975462625152,68.79361248993973,108.9056905110677,99.11482887268066,26.40999984741211,24.692262882828743
42,2020-08-31,AMGN,252.92999267578125,256.04998779296875,250.10000610351562,230.46017456054688,4053900.0,0.0,1.7561425027228381,231.32210719774312,209.34785740186626,57.142731864194275,93.28214789172206,20.584252955367035,222.53165791829426,219.71246465047201,26.40999984741211,24.692262882828743
42,2020-08-31,AXP,102.9000015258789,102.9000015258789,101.36000061035156,97.28244018554688,4665800.0,0.0,1.1021688492293862,99.94623296615893,89.41601907851881,54.23205066720571,118.89630198139653,29.43746494761025,93.54940388997396,93.70788116455078,26.40999984741211,24.692262882828743
42,2020-08-31,BA,174.64999389648438,175.27000427246094,171.6999969482422,171.82000732421875,16264300.0,0.0,-0.08578306488021781,181.2701491935554,165.19685214921802,49.24165235820802,7.192021825543508,20.441281801224743,172.08600006103515,179.0186673482259,26.40999984741211,24.692262882828743
42,2020-08-31,CAT,143.5,143.60000610351562,142.27000427246094,133.3394012451172,2886500.0,0.0,2.0912473654160237,137.0125630286429,124.26364088981416,58.16400486423152,102.38739087777755,33.65893440186144,129.78234125773113,124.86392758687337,26.40999984741211,24.692262882828743
42,2020-08-31,CRM,270.0,274.7099914550781,265.9100036621094,272.6499938964844,16010100.0,0.0,18.75958820702428,275.9116927809322,156.394310026685,74.11818476737848,245.68097186024343,75.22632236181633,208.20033467610676,197.71166712443033,26.40999984741211,24.692262882828743
42,2020-08-31,CSCO,42.099998474121094,42.349998474121094,41.939998626708984,38.2335319519043,21298000.0,0.0,-1.0397087926996136,44.73271871765048,35.142933977051676,42.6581377113715,-78.42527414771304,36.66583889083355,40.77065709431966,41.149102465311685,26.40999984741211,24.692262882828743
42,2020-08-31,CVX,85.83000183105469,85.9000015258789,83.87000274658203,73.7580795288086,9437500.0,0.0,-0.5618395995094971,79.19756592295809,73.08400603749112,46.293803229667624,-92.81149526213513,9.297936752063734,76.42684783935547,77.12989629109701,26.40999984741211,24.692262882828743
42,2020-08-31,DIS,135.25,135.5399932861328,131.25,131.8699951171875,11617500.0,0.0,3.247505775768559,136.81943965568607,122.54355625495849,58.66620224198556,79.66205006043262,33.854825668111445,125.46866556803386,120.95349947611491,26.40999984741211,24.692262882828743
42,2020-08-31,GS,205.5,206.41000366210938,203.6300048828125,190.65626525878906,3046200.0,0.0,0.6318059451177191,196.81896675713313,184.6428267609333,51.69022382883569,5.452172858967024,19.632812910144974,189.64244893391927,189.68838551839193,26.40999984741211,24.692262882828743
42,2020-08-31,HD,285.0,286.69000244140625,282.8699951171875,263.92230224609375,4105400.0,0.0,5.944402771195598,273.446711916157,246.41472454624534,62.92752602359137,73.04121877101396,43.51667295145219,255.13941802978516,243.32692489624023,26.40999984741211,24.692262882828743
42,2020-08-31,HON,168.5800018310547,168.58999633789062,164.69000244140625,156.21054077148438,4561900.0,0.0,3.8202229422223013,160.21617631756388,139.33114729083454,60.006643197439075,137.02531377611967,43.33802232769968,147.29290822347005,142.65911839803059,26.40999984741211,24.692262882828743
42,2020-08-31,IBM,119.74187469482422,119.74187469482422,117.61949920654297,101.5595474243164,5049983.0,0.0,0.3019226859708226,104.62805808400803,100.89451424265214,50.53272687871491,-67.15070767488695,6.52113924179986,102.48954518636067,100.76394894917806,26.40999984741211,24.692262882828743
42,2020-08-31,INTC,51.0,51.5,50.31999969482422,46.49228286743164,46114100.0,0.0,-0.7467816879845728,46.055433626586876,43.488851193969765,45.1886590505585,20.993358826804656,10.852030362417997,45.66817741394043,49.91499659220378,26.40999984741211,24.692262882828743
42,2020-08-31,JNJ,153.0,154.39999389648438,152.25999450683594,141.66256713867188,6362700.0,0.0,1.8090027768069774,142.86477534890517,133.15292789816513,61.1473548560375,154.6281798761719,27.086931755704395,137.19854838053385,134.47257855733235,26.40999984741211,24.692262882828743
42,2020-08-31,JPM,102.12000274658203,102.18000030517578,100.0199966430664,91.15685272216797,14219400.0,0.0,0.6991715849831337,95.13740682839187,86.62949151755538,51.643903129810084,56.47554439211224,18.66670597557844,90.28068033854167,89.44235089619954,26.40999984741211,24.692262882828743
42,2020-08-31,KO,49.79999923706055,50.06999969482422,49.349998474121094,44.85252380371094,18510800.0,0.0,0.44895749096341575,44.834749911332146,42.131864239668836,57.67307434893774,213.1610752244605,33.25366496139797,43.42836888631185,42.4513017654419,26.40999984741211,24.692262882828743
42,2020-08-31,MCD,213.52000427246094,214.99000549316406,212.80999755859375,199.65765380859375,2900900.0,0.0,4.52688248640024,202.45296587716797,184.8258640788867,65.68780535660444,109.48951087786085,54.52725516635086,190.00469818115235,182.51879908243816,26.40999984741211,24.692262882828743
42,2020-08-31,MMM,165.16000366210938,165.75,162.08999633789062,143.9405517578125,2881100.0,0.0,1.8969634211114226,149.65555222292568,135.0147755358634,55.33348791887371,60.50203257846945,13.249792696224016,140.49092814127604,139.04714838663736,26.40999984741211,24.692262882828743
42,2020-08-31,MRK,81.67938995361328,81.99427795410156,81.2404556274414,73.41542053222656,7929273.0,0.0,1.3422800133768789,75.33197144754601,68.85051756612586,59.74365891446427,91.7589937235161,32.96631917191518,70.806955464681,68.9045254389445,26.40999984741211,24.692262882828743
42,2020-08-31,MSFT,227.0,228.6999969482422,224.30999755859375,219.50267028808594,28774200.0,0.0,4.839329130742129,221.53065150752735,194.96254307255077,61.44271813006179,188.93284450022085,43.73847817461189,205.49237976074218,200.30437164306642,26.40999984741211,24.692262882828743
42,2020-08-31,NKE,112.13999938964844,112.5199966430664,111.13999938964844,108.61898040771484,3519800.0,0.0,3.268596640389376,111.97080877614846,95.16341821359762,63.55151124707061,107.96644395572841,46.917824425037225,100.59625040690104,97.9070925394694,26.40999984741211,24.692262882828743
42,2020-08-31,PG,138.19000244140625,138.72999572753906,137.82000732421875,128.50450134277344,5596800.0,0.0,2.7653453034428424,130.25595483971364,122.47052755164378,67.42523071819096,93.60769546891653,51.86216694096446,123.81924641927084,117.37434730529785,26.40999984741211,24.692262882828743
42,2020-08-31,TRV,116.68000030517578,116.97000122070312,114.8499984741211,107.70296478271484,2297900.0,0.0,-0.1508087743158768,112.0482327217825,102.96975891640109,51.4822810251591,-12.264771396416203,16.56218161268388,107.957603708903,107.7056100209554,26.40999984741211,24.692262882828743
42,2020-08-31,UNH,314.8900146484375,319.55999755859375,312.5400085449219,298.51959228515625,4341600.0,0.0,1.597376326468634,310.085423604629,291.52503476939444,53.70831233770361,45.78639512754506,13.43163492118851,297.0796610514323,290.0461853027344,26.40999984741211,24.692262882828743
42,2020-08-31,V,215.5399932861328,215.9600067138672,211.55999755859375,207.59530639648438,9326900.0,0.0,4.448760981048338,210.6699930706019,184.97164358711296,60.9190332101654,189.57463730233363,59.99444135347514,195.60971221923828,192.71497090657553,26.40999984741211,24.692262882828743
42,2020-08-31,VZ,59.040000915527344,59.439998626708984,59.02000045776367,49.551605224609375,14555500.0,0.0,0.5876798726625196,50.13276648778308,48.23388390284192,59.317068093464606,77.62442108012942,23.714034049245196,48.62081604003906,47.36213995615641,26.40999984741211,24.692262882828743
42,2020-08-31,WBA,38.61000061035156,38.709999084472656,38.0,33.03337478637695,7940100.0,0.0,-0.47115261545887677,36.80362029724834,33.0744120056081,43.06044350537805,-204.71900279792965,28.427833022069827,34.91909357706706,35.483985137939456,26.40999984741211,24.692262882828743
42,2020-08-31,WMT,137.47999572753906,138.88999938964844,135.52999877929688,132.5474395751953,15078800.0,0.0,1.9796326039666354,132.49174190667878,120.36553272100676,61.97995370460941,220.3375622303777,42.0545740006227,125.81076990763346,121.41545257568359,26.40999984741211,24.692262882828743
43,2020-09-01,AAPL,132.75999450683594,134.8000030517578,130.52999877929688,131.79769897460938,151948100.0,1.0,7.365240587938999,130.95051543253723,102.67357056599792,76.64970435941304,152.41057445964296,72.61995848854855,110.1287358601888,99.9491652170817,26.1200008392334,67.25542168334744
43,2020-09-01,AMGN,250.0500030517578,252.0399932861328,248.67999267578125,228.22213745117188,2869000.0,1.0,1.9382672542340913,232.27699587652165,209.20181729486507,55.561126648120286,68.24924583704605,16.754260216138345,222.36990559895833,220.11597442626953,26.1200008392334,67.25542168334744
43,2020-09-01,AXP,100.54000091552734,102.77999877929688,100.16000366210938,98.12512969970703,3142500.0,1.0,1.239638608919023,99.93702194902237,90.31388060835069,55.02186693515405,104.88068461765016,21.074053667568844,93.74539260864258,93.53732350667318,26.1200008392334,67.25542168334744
43,2020-09-01,BA,170.7100067138672,175.49000549316406,169.25,172.10000610351562,18977300.0,1.0,-0.16080843541803347,180.6778110494172,166.49219017128593,49.34246884738047,0.9088671876031191,14.572518538652451,171.8683334350586,178.04533411661785,26.1200008392334,67.25542168334744
43,2020-09-01,CAT,141.6699981689453,146.1199951171875,140.91000366210938,136.84359741210938,2673900.0,1.0,2.317752711729355,137.2546825327937,125.38292733048753,60.93650584656266,130.2044238382952,40.02891052752926,130.10028406778972,125.00999590555827,26.1200008392334,67.25542168334744
43,2020-09-01,CRM,271.0,281.92999267578125,270.5799865722656,281.25,13293600.0,1.0,20.830642953384057,286.10236012511257,154.18764231629373,75.55619185637173,216.82031377115965,77.24078958375283,211.2153345743815,199.4566670735677,26.1200008392334,67.25542168334744
43,2020-09-01,CSCO,42.0,42.06999969482422,41.5,38.06147384643555,23325100.0,1.0,-1.017406185606987,44.29327703118625,35.07162966131864,42.164969078138256,-80.601195673563,41.49660901925957,40.62002919514974,41.06271317799886,26.1200008392334,67.25542168334744
43,2020-09-01,CVX,83.26000213623047,83.62999725341797,82.44999694824219,73.01110076904297,8990600.0,1.0,-0.7117933806348731,79.37023935549799,72.71968145138679,45.41591734407532,-132.12254811210198,16.22213302420327,76.22146581013997,76.85610809326172,26.1200008392334,67.25542168334744
43,2020-09-01,DIS,131.9199981689453,133.61000061035156,130.88999938964844,133.5500030517578,7351200.0,1.0,3.2288243378877297,134.8524370965109,126.13655902775669,59.94639899465406,74.11473082137381,31.490250976188022,125.96633224487304,121.0579995473226,26.1200008392334,67.25542168334744
43,2020-09-01,GS,203.60000610351562,206.7100067138672,203.00999450683594,191.2053680419922,2457000.0,1.0,0.6142764234771505,196.7227149279362,185.20750357792318,52.003882739556516,12.287964866250817,17.577836607308864,189.47853444417316,189.47091267903645,26.1200008392334,67.25542168334744
43,2020-09-01,HD,284.0299987792969,286.67999267578125,283.5,264.7557067871094,3235100.0,1.0,5.623670134224312,273.20883409511805,248.32573469150304,63.35059245021898,72.2143657878543,43.51667295145219,255.8653350830078,243.77707443237304,26.1200008392334,67.25542168334744
43,2020-09-01,HON,163.7899932861328,168.16000366210938,163.5,158.49398803710938,3974600.0,1.0,3.9777904811612643,160.41536715522554,141.15768277153225,61.47977071137725,127.78811549449696,36.911473912184874,147.73576914469402,142.7529426574707,26.1200008392334,67.25542168334744
43,2020-09-01,IBM,117.44741821289062,118.4990463256836,116.77820587158203,101.6336669921875,3300444.0,1.0,0.21526945114456453,104.65228945871549,100.80327389577671,50.6454806843196,-107.89106896364379,0.5081610368837596,102.46124699910482,100.61850535074869,26.1200008392334,67.25542168334744
43,2020-09-01,INTC,50.90999984741211,51.0,50.220001220703125,46.34628677368164,30472800.0,1.0,-0.609782143689003,46.31947369173501,43.40652919217612,44.86954369579456,31.2909486681873,9.509128607957047,45.37920036315918,49.725643666585285,26.1200008392334,67.25542168334744
43,2020-09-01,JNJ,153.8699951171875,154.0800018310547,150.07000732421875,139.91732788085938,6307700.0,1.0,1.6862903069451534,142.96945299462752,133.53521009131,57.355813814683806,96.03150911830038,6.534605067673834,137.2838134765625,134.56061871846518,26.1200008392334,67.25542168334744
43,2020-09-01,JPM,99.55000305175781,100.87000274658203,99.04000091552734,91.11136627197266,11595600.0,1.0,0.6389370766020335,94.91870339147225,87.26581122644767,51.59117491759191,25.77125181965791,12.952731416828216,90.30281982421874,89.25712064107259,26.1200008392334,67.25542168334744
43,2020-09-01,KO,49.310001373291016,49.349998474121094,48.83000183105469,44.48123550415039,12588400.0,1.0,0.46752112231930454,44.88971817518252,42.29694755052549,56.07674386970515,132.6950740062613,21.26923901174223,43.48632494608561,42.44705766042073,26.1200008392334,67.25542168334744
43,2020-09-01,MCD,210.83999633789062,213.61000061035156,210.5800018310547,198.8815460205078,2926700.0,1.0,4.3935299304328055,202.5025083645586,186.13120898163282,64.61428798525662,88.04365611405916,36.87679349674208,190.6540303548177,182.69363861083986,26.1200008392334,67.25542168334744
43,2020-09-01,MMM,162.1699981689453,165.5500030517578,161.63999938964844,145.51222229003906,2901100.0,1.0,1.8956903387446857,148.71486340558968,137.27583788835565,56.80838597935841,61.83043054856839,10.815878656298228,140.7388458251953,139.03883641560873,26.1200008392334,67.25542168334744
43,2020-09-01,MRK,81.44084167480469,81.87023162841797,80.07633972167969,72.69220733642578,6797433.0,1.0,1.2181540188307594,75.34938608107379,69.07073110642622,57.406369184341386,66.85886374213541,16.27699574534269,70.96594924926758,68.93586177825928,26.1200008392334,67.25542168334744
43,2020-09-01,MSFT,225.50999450683594,227.4499969482422,224.42999267578125,221.19619750976562,25725500.0,1.0,5.152544689354755,223.42236165475362,194.48153543997296,62.189845029254585,168.37402871081386,43.73847817461189,206.10954691569012,200.94290873209636,26.1200008392334,67.25542168334744
43,2020-09-01,NKE,112.0,114.9000015258789,111.83000183105469,111.48274230957031,4912400.0,1.0,3.451460578814803,112.33454898823405,96.5203719712386,66.18273115010273,125.37230348846445,55.08938576157012,101.13655954996744,98.08151524861654,26.1200008392334,67.25542168334744
43,2020-09-01,PG,137.86000061035156,138.22000122070312,137.07000732421875,128.36514282226562,5671800.0,1.0,2.631067401350464,130.42905482707175,122.70524311604348,67.0625166284079,81.53891411926588,41.032914389075295,124.24949162801107,117.68209215799968,26.1200008392334,67.25542168334744
43,2020-09-01,TRV,115.16000366210938,115.33999633789062,113.58000183105469,106.44995880126953,969900.0,1.0,-0.19930308938660346,111.99472225692541,103.1708439967367,50.16808842439683,-55.860565791333165,9.40717508581729,107.78032582600912,107.51286315917969,26.1200008392334,67.25542168334744
43,2020-09-01,UNH,310.1600036621094,314.7200012207031,310.0,298.7870788574219,2487100.0,1.0,1.4577257741722178,309.2881351677979,293.11793172673333,53.833210610211395,16.711739151323584,5.856809220192662,297.3254435221354,290.12063954671225,26.1200008392334,67.25542168334744
43,2020-09-01,V,212.2100067138672,213.88999938964844,211.1199951171875,208.92710876464844,5642900.0,1.0,4.618208917214503,211.75975386535268,185.97264817322153,61.683181173638935,159.01823367306167,57.15820085651417,196.1700693766276,192.94430440266927,26.1200008392334,67.25542168334744
43,2020-09-01,VZ,59.119998931884766,59.29999923706055,58.779998779296875,49.45963668823242,13358400.0,1.0,0.5486924411444463,50.11966202327996,48.35149276187629,58.71681043577334,62.835492897572614,17.284883053517376,48.7133368174235,47.38603789011638,26.1200008392334,67.25542168334744
43,2020-09-01,WBA,37.88999938964844,37.959999084472656,36.5,31.938634872436523,10728300.0,1.0,-0.6222612019251983,37.069978375118325,32.48616157086556,40.436839153128034,-259.34782503828217,42.84571074051873,34.82668501536052,35.343151315053305,26.1200008392334,67.25542168334744
43,2020-09-01,WMT,141.1999969482422,149.58999633789062,140.0500030517578,140.89073181152344,35599400.0,1.0,2.8460440473193103,136.0384267537996,118.39290106602462,68.61820569554024,370.72892660991295,61.626204236320156,126.3135882059733,121.84258257548014,26.1200008392334,67.25542168334744
44,2020-09-02,AAPL,137.58999633789062,137.97999572753906,127.0,129.0670623779297,200119000.0,2.0,7.4112990206530895,132.36574476567677,103.37366563471386,72.97242437544375,135.13957112351397,53.883515473915054,111.25185368855794,100.69497248331706,26.56999969482422,31.523075051685428
44,2020-09-02,AMGN,251.22000122070312,258.79998779296875,251.22000122070312,234.82701110839844,2871600.0,2.0,2.5857535791657256,234.63335301639245,208.50638087032632,59.02363630424151,137.33065030413923,28.337198062076407,222.45632985432943,220.6423683166504,26.56999969482422,31.523075051685428
44,2020-09-02,AXP,102.58000183105469,104.87000274658203,102.29000091552734,99.97329711914062,3536900.0,2.0,1.480648059697117,100.4870679948275,90.62663058305336,56.71653114172699,142.37031679331236,29.54907534934875,93.99628346761068,93.4485689798991,26.56999969482422,31.523075051685428
44,2020-09-02,BA,172.74000549316406,175.0,171.4499969482422,174.77999877929688,16552100.0,2.0,-0.003967832097117707,180.71663661682516,166.50336460387797,50.3195052207725,28.448614291003555,14.57251853865245,171.70133361816406,177.34600067138672,26.56999969482422,31.523075051685428
44,2020-09-02,CAT,146.8699951171875,149.5500030517578,146.39999389648438,139.86062622070312,4515500.0,2.0,2.709475691871461,138.60232604619884,125.37514129999259,63.113718193171295,200.45881861710785,47.38021787455324,130.48412704467773,125.26106300354004,26.56999969482422,31.523075051685428
44,2020-09-02,CRM,283.4700012207031,284.5,268.57000732421875,276.69000244140625,12963800.0,2.0,21.852117459921885,293.8565452945625,153.8384574520195,73.3216543064107,177.10089030783348,77.92384195539842,214.06133473714192,201.1588338216146,26.56999969482422,31.523075051685428
44,2020-09-02,CSCO,42.040000915527344,42.689998626708984,42.029998779296875,38.41464614868164,30045700.0,2.0,-0.9601649714879272,43.84909195927264,35.07117629023908,43.55072480269917,-62.03470052286863,26.91532612211368,40.48479601542155,40.983407974243164,26.56999969482422,31.523075051685428
44,2020-09-02,CVX,83.05999755859375,83.95999908447266,82.69999694824219,73.10774993896484,10821900.0,2.0,-0.8134570260169909,79.4950776321128,72.35134952242821,45.554112690067726,-117.88908668427642,14.059056391812014,76.02941258748372,76.60862045288086,26.56999969482422,31.523075051685428
44,2020-09-02,DIS,133.6300048828125,135.9199981689453,133.25999450683594,135.38999938964844,8187800.0,2.0,3.3241724994038293,135.53627178903173,126.23072421316556,61.30428456796013,94.25878024653655,38.89435203332967,126.51166559855143,121.24966621398926,26.56999969482422,31.523075051685428
44,2020-09-02,GS,205.7899932861328,210.92999267578125,205.3699951171875,195.4676055908203,3565200.0,2.0,0.9335497204062619,197.30712170965666,185.2513392888785,54.38217093711121,88.92332822152447,26.734397235839598,189.6423141479492,189.3662567138672,26.56999969482422,31.523075051685428
44,2020-09-02,HD,284.8500061035156,288.0400085449219,283.6000061035156,267.3246765136719,3464600.0,2.0,5.513228529209357,272.8690358674512,250.63167061448237,64.63743991840335,78.03813656003865,46.107006341464086,256.5920094807943,244.27019373575845,26.56999969482422,31.523075051685428
44,2020-09-02,HON,168.72999572753906,172.92999267578125,167.9199981689453,162.7401123046875,4111900.0,2.0,4.3946320503229686,161.8450232991056,141.8509026042147,64.02856736718037,168.37532075780274,47.078260525661385,148.32485860188802,142.99291076660157,26.56999969482422,31.523075051685428
44,2020-09-02,IBM,118.27915954589844,123.04015350341797,118.14531707763672,105.57052612304688,6895650.0,2.0,0.45897696761825557,105.17726325138796,100.63668099299682,56.1387905183102,127.39705377720303,24.95206520793293,102.49344863891602,100.59124806722005,26.56999969482422,31.523075051685428
44,2020-09-02,INTC,51.209999084472656,52.68000030517578,51.09000015258789,47.67854309082031,53000700.0,2.0,-0.3892203769199938,46.93129049464895,43.12868989780711,48.315043365787425,134.63971797052344,25.678549000525734,45.12405776977539,49.56801153818766,26.56999969482422,31.523075051685428
44,2020-09-02,JNJ,150.7899932861328,154.3300018310547,149.25,142.0504150390625,6881900.0,2.0,1.7410918738679584,143.44437388742506,133.65231342946947,60.456051577373216,104.01135116921442,0.05793897804912964,137.43192647298176,134.69659360249838,26.56999969482422,31.523075051685428
44,2020-09-02,JPM,99.94999694824219,101.94000244140625,99.55999755859375,92.48522186279297,14475700.0,2.0,0.6940587815358015,94.95534038674927,87.63314227926637,53.087730092051714,58.04342693109632,17.584445754482722,90.3925910949707,89.1384890238444,26.56999969482422,31.523075051685428
44,2020-09-02,KO,49.36000061035156,51.36000061035156,49.36000061035156,46.355751037597656,26332600.0,2.0,0.6262714045703603,45.5066146281552,42.03955961195711,61.62435965617426,266.9169710288795,42.60011786993082,43.568127695719404,42.48676897684733,26.56999969482422,31.523075051685428
44,2020-09-02,MCD,213.25,217.1300048828125,212.69000244140625,202.19168090820312,4092000.0,2.0,4.503039059329325,202.89031832753358,187.43859860361874,66.99420303275045,114.64287046197474,47.07678979621353,191.23892822265626,182.97214330037434,26.56999969482422,31.523075051685428
44,2020-09-02,MMM,165.16000366210938,170.0,165.13999938964844,149.6709747314453,3943700.0,2.0,2.20484193234455,149.12302841180673,138.2416764832128,60.38872083357711,118.1632538685947,27.326324039624172,141.09884694417318,139.1023162841797,26.56999969482422,31.523075051685428
44,2020-09-02,MRK,80.61068725585938,83.21565246582031,80.4103012084961,74.84465026855469,11571597.0,2.0,1.2787270602099738,75.65061024583753,69.22496348463122,61.98526970689342,99.47589951032113,27.516829514761515,71.19984817504883,69.01218344370524,26.56999969482422,31.523075051685428
44,2020-09-02,MSFT,227.97000122070312,232.86000061035156,227.35000610351562,225.45912170410156,34080800.0,2.0,5.6792853654301325,226.0754677863016,193.6994055657492,64.00601535040737,189.92206300242043,51.66538965998101,206.77171885172527,201.62919209798176,26.56999969482422,31.523075051685428
44,2020-09-02,NKE,115.05999755859375,117.41000366210938,114.5,113.38544464111328,6775400.0,2.0,3.707179684327457,113.42553038088373,96.99068360837408,67.78134028211288,145.87922039266556,61.730866255541095,101.72253341674805,98.3144479115804,26.56999969482422,31.523075051685428
44,2020-09-02,PG,138.11000061035156,141.44000244140625,137.61000061035156,130.5296630859375,8384800.0,2.0,2.668548525857574,130.9374293314852,122.85364961748942,69.68298992702441,115.67740006770754,55.57268173761024,124.71896209716797,118.03683624267578,26.56999969482422,31.523075051685428
44,2020-09-02,TRV,114.52999877929688,117.72000122070312,114.0199966430664,109.03952026367188,1391400.0,2.0,-0.028451247049389394,112.13653003998326,103.2517924087472,52.74694654901555,16.16372636874403,19.32731606112979,107.63305867513021,107.3900375366211,26.56999969482422,31.523075051685428
44,2020-09-02,UNH,312.55999755859375,321.2799987792969,312.55999755859375,305.8644714355469,2846500.0,2.0,1.8962790140848256,309.805754154395,293.3424331014644,57.00814094511338,73.94011258996923,20.511451306468043,297.7561981201172,290.3173299153646,26.56999969482422,31.523075051685428
44,2020-09-02,V,214.1300048828125,217.35000610351562,213.77000427246094,211.99220275878906,9863800.0,2.0,4.942847032920412,213.5725015621856,186.18463649933784,63.38756740622554,171.02254732841638,62.71425573986371,196.7550252278646,193.2331970214844,26.56999969482422,31.523075051685428
44,2020-09-02,VZ,59.150001525878906,60.7400016784668,59.0,50.60499954223633,21711900.0,2.0,0.6032618043355029,50.27798606675507,48.44314239699005,63.4782345922408,132.81222985481236,37.96253946063426,48.84654452006022,47.43219439188639,26.56999969482422,31.523075051685428
44,2020-09-02,WBA,36.900001525878906,37.56999969482422,36.68000030517578,32.294857025146484,7672400.0,2.0,-0.7051432423658213,37.180713472456105,32.09946402540767,41.6338933037262,-212.44376586369754,42.845710740518726,34.73813355763753,35.23316450119019,26.56999969482422,31.523075051685428
44,2020-09-02,WMT,151.25,151.3300018310547,145.61000061035156,140.9766387939453,17222000.0,2.0,3.499275859970396,138.64910758800687,117.53884102039154,68.67645975561615,322.35280012382884,63.75431771693435,126.80881195068359,122.26940167744955,26.56999969482422,31.523075051685428
45,2020-09-03,AAPL,126.91000366210938,128.83999633789062,120.5,118.73383331298828,257599600.0,3.0,6.538622265939139,132.42455505156894,104.02035385346036,61.4345836308694,68.98599105403392,26.794200355516214,112.17523295084635,101.23240407307942,33.599998474121094,44.64174678355107
45,2020-09-03,AMGN,259.2900085449219,260.05999755859375,246.35000610351562,225.53839111328125,3137700.0,3.0,2.3226036224029087,235.0148141224161,208.84974581410734,53.01424514721228,84.63424752527912,15.916452406093459,222.37591857910155,220.98051427205402,33.599998474121094,44.64174678355107
45,2020-09-03,AXP,104.97000122070312,109.02999877929688,103.8499984741211,100.0307388305664,6747900.0,3.0,1.657181890594856,100.95859479235142,90.97289324475796,56.76890177407114,169.46358195379483,42.6515224508465,94.24493967692057,93.4290896097819,33.599998474121094,44.64174678355107
45,2020-09-03,BA,175.0,180.85000610351562,168.1199951171875,168.77000427246094,27799400.0,3.0,-0.3604715612987661,180.84752136136146,166.02948059176353,48.16445646409279,12.6471349756253,24.59732797920354,171.4453338623047,176.7686673482259,33.599998474121094,44.64174678355107
45,2020-09-03,CAT,148.58999633789062,151.1999969482422,145.3000030517578,137.5088653564453,4479100.0,3.0,2.797899089513521,138.97008737944125,126.16640477754113,60.39916955794617,168.2184821201096,50.500368205547865,130.80144551595052,125.5000592549642,33.599998474121094,44.64174678355107
45,2020-09-03,CRM,270.5799865722656,271.75,257.4100036621094,265.010009765625,14000600.0,3.0,21.47165371216218,298.60582168912543,154.81118270540583,67.99339286169227,125.59135528156078,56.167708138858075,216.61033528645834,202.54066721598306,33.599998474121094,44.64174678355107
45,2020-09-03,CSCO,41.75,41.83000183105469,40.66999816894531,37.08344268798828,39288100.0,3.0,-1.010568684111071,43.27585312957183,35.02681105499849,39.8295335771869,-89.17901873274435,41.138404194197456,40.289794794718425,40.891350428263344,33.599998474121094,44.64174678355107
45,2020-09-03,CVX,83.05000305175781,84.48999786376953,81.70999908447266,72.30804443359375,16179900.0,3.0,-0.9476320360637374,79.6713298650755,71.82824136295184,44.58784142705989,-125.08325652145211,18.899531916450236,75.81156921386719,76.40483690897624,33.599998474121094,44.64174678355107
45,2020-09-03,DIS,135.24000549316406,137.24000549316406,132.02000427246094,133.24000549316406,12079200.0,3.0,3.1894836826453172,135.77470634734402,126.23428947174779,58.89097050533773,84.35364410767026,42.67848294985042,127.01566569010417,121.43399963378906,33.599998474121094,44.64174678355107
45,2020-09-03,GS,211.75,215.22999572753906,205.8300018310547,193.15965270996094,3533500.0,3.0,0.9889436722860978,197.46836297219946,185.51252234274196,52.913457528900715,98.18844902637458,34.64303518854661,189.8210484822591,189.2937444051107,33.599998474121094,44.64174678355107
45,2020-09-03,HD,287.29998779296875,287.70001220703125,272.1700134277344,255.6245574951172,5380100.0,3.0,4.430528563353278,272.0146173076654,252.10721954536203,55.46230283395214,11.520264162030497,3.474949319789733,256.9706568400065,244.60395889282228,33.599998474121094,44.64174678355107
45,2020-09-03,HON,173.3699951171875,173.82000732421875,165.05999755859375,156.918212890625,3527700.0,3.0,4.2067110238968155,161.88886033366302,143.18261336018466,58.53496822597004,124.99791115080579,33.30915450097393,148.74740804036458,143.19808654785157,33.599998474121094,44.64174678355107
45,2020-09-03,IBM,122.55258178710938,124.23518371582031,118.21223449707031,102.49845886230469,5979773.0,3.0,0.3996202036838099,105.17681088348827,100.6338389883379,51.510632752811446,90.90822517279578,29.803596165434126,102.45956064860026,100.53988850911459,33.599998474121094,44.64174678355107
45,2020-09-03,INTC,52.5,52.619998931884766,50.13999938964844,45.981285095214844,47394300.0,3.0,-0.34737381426413805,47.028872737399794,43.19718469668224,44.638391618085144,154.40261440554963,13.427167630776097,44.831977462768556,49.369554074605304,33.599998474121094,44.64174678355107
45,2020-09-03,JNJ,154.8300018310547,155.47000122070312,148.3000030517578,138.09815979003906,8672800.0,3.0,1.4489064506076659,143.35278028465316,134.01867662452653,53.0620605001009,58.69336409215361,8.339174815938193,137.4605270385742,134.7385664621989,33.599998474121094,44.64174678355107
45,2020-09-03,JPM,103.31999969482422,104.98999786376953,100.63999938964844,92.19407653808594,23281200.0,3.0,0.7061105326436206,94.90849078771562,88.05211788538007,52.730357780941574,95.55712325758314,29.082384086181527,90.46386210123698,89.08228391011556,33.599998474121094,44.64174678355107
45,2020-09-03,KO,51.400001525878906,52.13999938964844,50.099998474121094,45.71279525756836,22289400.0,3.0,0.6922214904961095,45.80429339686608,42.01354908665443,58.98109879979061,252.95739124116378,48.39947099616661,43.63453559875488,42.52144788106283,33.599998474121094,44.64174678355107
45,2020-09-03,MCD,218.11000061035156,218.11000061035156,211.89999389648438,199.9194793701172,3126700.0,3.0,4.356261883098057,203.12317212583014,188.3093046808105,63.94045195913,100.77769457582305,49.50509467413611,191.78124338785807,183.27041549682616,33.599998474121094,44.64174678355107
45,2020-09-03,MMM,170.0,170.4199981689453,164.99000549316406,146.84548950195312,3481300.0,3.0,2.1965334824436695,148.64030662009574,139.75897774269723,57.064112353339006,98.2588864698747,28.658811018670033,141.34774780273438,139.15953826904297,33.599998474121094,44.64174678355107
45,2020-09-03,MRK,83.67366027832031,83.77862548828125,81.04962158203125,73.60484313964844,12983672.0,3.0,1.2127101899224328,75.62398233191688,69.63386602623741,58.25374649085321,93.87160342501814,31.622833038838632,71.41308339436848,69.07481746673584,33.599998474121094,44.64174678355107
45,2020-09-03,MSFT,229.27000427246094,229.30999755859375,214.9600067138672,211.49264526367188,58400300.0,3.0,4.9131178558203885,226.16297393990666,193.75513976858943,55.044799981642484,79.5403182676156,12.768307940944181,207.26641642252605,201.96877924601236,33.599998474121094,44.64174678355107
45,2020-09-03,NKE,116.80000305175781,116.9000015258789,112.0,109.55091094970703,7264400.0,3.0,3.559393621419474,113.35356490731492,98.28795273184524,61.700578885251815,109.43585503267374,39.7302014101221,102.20038528442383,98.49170532226563,33.599998474121094,44.64174678355107
45,2020-09-03,PG,140.74000549316406,141.6999969482422,137.08999633789062,128.43948364257812,7277900.0,3.0,2.5007653085412187,130.86984705770556,123.43681035196242,64.5526233804233,95.34746238891341,49.22094974547217,125.09364624023438,118.34305076599121,33.599998474121094,44.64174678355107
45,2020-09-03,TRV,118.30999755859375,120.87999725341797,114.44000244140625,107.06255340576172,1299400.0,3.0,-0.05197549317632877,112.10980141912269,103.42795492853357,50.675772009197836,42.90337714392501,30.17868330188734,107.53219884236654,107.30294558207194,33.599998474121094,44.64174678355107
45,2020-09-03,UNH,322.0,323.82000732421875,313.7300109863281,302.034423828125,3872500.0,3.0,1.9127339767965168,309.8760393638702,293.4794049720673,54.894704831482876,69.30852163189223,25.322828010855343,298.17835591634116,290.5050267537435,33.599998474121094,44.64174678355107
45,2020-09-03,V,214.92999267578125,214.92999267578125,207.08999633789062,204.6281280517578,11310200.0,3.0,4.553416838876416,213.98411825855706,186.80027505198981,57.07740630473403,97.73507238070009,28.359268438853768,197.14112040201823,193.37653986612955,33.599998474121094,44.64174678355107
45,2020-09-03,VZ,60.83000183105469,61.279998779296875,60.13999938964844,50.6718864440918,23126800.0,3.0,0.6444765077889301,50.44157391887874,48.51197260516911,63.73094383371373,177.9560206030201,43.61304097486144,48.97919514973958,47.476847585042314,33.599998474121094,44.64174678355107
45,2020-09-03,WBA,37.27000045776367,38.33000183105469,36.7400016784668,32.2253532409668,8278000.0,3.0,-0.7675879549263342,37.241979127854904,31.748414510755936,41.46568952979988,-168.44764134049785,27.925798959529992,34.65728651682536,35.13633553187052,33.599998474121094,44.64174678355107
45,2020-09-03,WMT,146.6999969482422,149.60000610351562,141.80999755859375,137.97915649414062,16005000.0,3.0,3.732073981465078,139.98392618934213,117.70462666710317,64.36383417121769,213.34988309209362,44.98378958763236,127.23644383748372,122.64927317301432,33.599998474121094,44.64174678355107
46,2020-09-04,AAPL,120.06999969482422,123.69999694824219,110.88999938964844,118.81242370605469,332607200.0,4.0,5.7866562670666895,132.24937448593897,105.16280202773291,61.48249962701611,28.13576297329136,0.8036558342463224,113.10874913533529,101.84035097757975,30.75,18.56018531080353
46,2020-09-04,AMGN,251.3300018310547,252.27000427246094,244.5800018310547,225.9841766357422,2910200.0,4.0,2.1255248247662166,235.384349255292,209.32733439949314,53.2505534637816,44.55374631183219,11.715777125138374,222.43869323730468,221.44989776611328,30.75,18.56018531080353
46,2020-09-04,AXP,106.3499984741211,108.27999877929688,104.4800033569336,101.189453125,5235100.0,4.0,1.8690396574855725,101.75916421260742,90.7957201257715,57.83354740287136,158.54961512044295,42.6515224508465,94.57499237060547,93.5490348815918,30.75,18.56018531080353
46,2020-09-04,BA,171.30999755859375,172.8300018310547,164.0,171.0500030517578,18867300.0,4.0,-0.4537954173242156,180.81278838152497,166.1672134495297,49.02128402341919,-40.67347832277111,14.4832873753086,171.3550008138021,176.78616739908855,30.75,18.56018531080353
46,2020-09-04,CAT,148.6999969482422,150.77999877929688,146.0399932861328,138.83935546875,5129400.0,4.0,2.9414277537244686,139.4876737452748,126.89123250472521,61.37152090272644,161.77635251090075,50.500368205547865,131.13250630696615,125.93002522786459,30.75,18.56018531080353
46,2020-09-04,CRM,262.9800109863281,265.6700134277344,243.1999969482422,254.6999969482422,14374300.0,4.0,20.10642720398755,301.26086340475143,157.52114037942823,63.76225815459259,88.90352465265326,33.88477273853708,218.8173350016276,203.9181671142578,30.75,18.56018531080353
46,2020-09-04,CSCO,41.20000076293945,41.43000030517578,40.439998626708984,36.96570587158203,34867400.0,4.0,-1.047934430818458,42.67300107998082,35.03107416110805,39.52057450134351,-90.27027907794265,43.13888423332143,40.12135683695475,40.85348688761393,30.75,18.56018531080353
46,2020-09-04,CVX,82.45999908447266,83.63999938964844,80.9000015258789,72.0004653930664,10516600.0,4.0,-1.0664919014579368,79.8521524930803,71.32784933797438,44.2146875645817,-137.9550620489118,22.70704137269639,75.60888468424479,76.31446812947591,30.75,18.56018531080353
46,2020-09-04,DIS,133.75,134.8800048828125,129.4199981689453,131.99000549316406,11248300.0,4.0,2.947895764300057,135.8689711582005,126.3460259426296,57.52888302912523,58.42468462861882,26.22050637601715,127.49499918619792,121.75649973551432,30.75,18.56018531080353
46,2020-09-04,GS,210.88999938964844,213.35000610351562,205.32000732421875,196.30516052246094,3668900.0,4.0,1.271997178918042,198.01259902182932,185.33340317543633,54.640625834410955,96.05061683038417,32.8252496712197,190.15242563883464,189.572593943278,30.75,18.56018531080353
46,2020-09-04,HD,275.54998779296875,276.7699890136719,264.6700134277344,250.99847412109375,5253500.0,4.0,3.16273671339178,272.10600902729834,251.96416614360012,52.41887807799203,-57.052430446456526,14.104815802697548,257.1488057454427,245.09179280598957,30.75,18.56018531080353
46,2020-09-04,HON,168.72000122070312,169.66000366210938,164.5800018310547,157.28622436523438,3326500.0,4.0,4.0408967644275435,162.093468629408,144.15296996922484,58.76631065737062,100.80224137003844,31.107148127419915,149.31671091715495,143.57640940348307,30.75,18.56018531080353
46,2020-09-04,IBM,118.88145446777344,119.83747863769531,115.90821838378906,100.72769165039062,6295037.0,4.0,0.2073037568738414,105.26710405588271,100.32446393728135,49.097090701037764,-112.1506379330431,14.542769370543196,102.40837987263997,100.61971270243326,30.75,18.56018531080353
46,2020-09-04,INTC,50.529998779296875,51.22999954223633,49.4900016784668,45.69840621948242,43318400.0,4.0,-0.33319520609630615,47.03904379417583,43.37407800147846,44.060304191181544,88.7564799960732,5.878289942997795,44.82684504191081,49.229373359680174,30.75,18.56018531080353
46,2020-09-04,JNJ,150.1699981689453,150.9499969482422,147.1300048828125,137.21165466308594,7200100.0,4.0,1.1327561350700819,143.31819177416264,134.14306921216547,51.59776228400398,-13.232478216189264,0.6887809730701431,137.50513865152996,134.87171490987143,30.75,18.56018531080353
46,2020-09-04,JPM,104.05000305175781,105.20999908447266,101.37000274658203,94.1866226196289,26325500.0,4.0,0.8664554890746388,95.26145401264962,88.07582931254568,54.880715720300074,117.48871815090057,29.837141976195753,90.62278060913086,89.19219449361165,30.75,18.56018531080353
46,2020-09-04,KO,50.939998626708984,51.470001220703125,50.279998779296875,46.21992492675781,21019500.0,4.0,0.7764580101681915,46.18739835428231,41.92384699178703,60.368151942163536,219.19744489698726,48.39947099616662,43.71150856018066,42.61064592997233,30.75,18.56018531080353
46,2020-09-04,MCD,215.2899932861328,217.77999877929688,210.75999450683594,197.9838409423828,3828600.0,4.0,4.037211606822979,203.09889039652916,189.1115710292521,61.47118177286362,83.09962240734647,41.43536159024499,192.222780863444,183.6648722330729,30.75,18.56018531080353
46,2020-09-04,MMM,168.17999267578125,169.11000061035156,163.89999389648438,146.36866760253906,3267000.0,4.0,2.126955217953366,148.24045319291503,140.94185271528812,56.52088696963173,78.84459070005853,22.431146906337602,141.56471354166666,139.37681248982747,30.75,18.56018531080353
46,2020-09-04,MRK,81.63167572021484,82.9103012084961,80.39122009277344,73.38959503173828,9359688.0,4.0,1.129996722371871,75.4968416783789,70.12433828377931,57.63064384634782,71.7446240357331,22.917923400919626,71.64669494628906,69.19678910573323,30.75,18.56018531080353
46,2020-09-04,MSFT,215.10000610351562,218.36000061035156,205.19000244140625,208.5241241455078,59664100.0,4.0,4.02004911543699,226.19879659577353,193.94145456389444,53.400915216709926,-7.819211102518625,7.276713119018656,207.702294921875,202.42993596394857,30.75,18.56018531080353
46,2020-09-04,NKE,112.95999908447266,113.75,110.20999908447266,109.11406707763672,5157600.0,4.0,3.3681959855125285,113.20570323724041,99.48085682135334,61.0550637256061,82.13537290230639,26.553849294854597,102.65947799682617,98.77388038635254,30.75,18.56018531080353
46,2020-09-04,PG,137.80999755859375,139.19000244140625,136.1199951171875,128.1608123779297,7437700.0,4.0,2.3185822845916135,130.79914640880102,123.91718736195092,63.903720599155164,65.2648927149888,37.98715338015823,125.46523488362631,118.69031651814778,30.75,18.56018531080353
46,2020-09-04,TRV,117.19999694824219,119.0,114.87999725341797,108.19490814208984,1460700.0,4.0,0.020516435327891713,112.04420494100388,103.42022834757033,51.79726717234563,42.99231008101906,30.178683301887343,107.47929433186849,107.39607060750326,30.75,18.56018531080353
46,2020-09-04,UNH,316.4800109863281,317.8299865722656,306.6300048828125,297.99432373046875,2901000.0,4.0,1.5815413161245715,309.77784571349315,293.0971695452959,52.76032873622918,-1.5485493455666381,6.128082768133458,298.5352467854818,290.9744110107422,30.75,18.56018531080353
46,2020-09-04,V,208.49000549316406,210.5,200.14999389648438,200.41725158691406,13243600.0,4.0,3.860506549038206,213.8194160288447,187.80679399312797,53.90324602675335,37.758266922620514,3.978195883986328,197.46116383870444,193.63874053955078,30.75,18.56018531080353
46,2020-09-04,VZ,60.47999954223633,61.5,60.060001373291016,50.56319046020508,22250100.0,4.0,0.6607518635430836,50.60187762585243,48.51469456347862,62.99813160893941,172.02776209428407,45.76440904477697,49.08035469055176,47.54173590342204,30.75,18.56018531080353
46,2020-09-04,WBA,37.119998931884766,37.540000915527344,36.54999923706055,32.05158233642578,6994400.0,4.0,-0.8216265004009315,37.20882064422882,31.420295986325375,41.03688929804439,-169.64464711072165,29.882978094602237,34.565779813130696,35.087146218617754,30.75,18.56018531080353
46,2020-09-04,WMT,144.02000427246094,145.0399932861328,140.10000610351562,136.34678649902344,11327400.0,4.0,3.7417173650032396,140.81258537045747,118.15439308413234,62.164645205207876,144.088312982971,37.40731325562167,127.62233861287434,123.01889266967774,30.75,18.56018531080353
47,2020-09-08,AAPL,113.94999694824219,118.98999786376953,112.68000030517578,110.81693267822266,231366600.0,1.0,4.493747368099477,132.24270470717812,105.17855536362265,54.37262802985759,-7.022233022359569,0.8036558342463285,113.70401077270508,102.30319226582846,31.459999084472656,53.04150692002567
47,2020-09-08,AMGN,246.22999572753906,246.99000549316406,239.52999877929688,219.41571044921875,3358600.0,1.0,1.4229156456442524,235.24178223852127,209.88791441675218,49.45898207764751,-26.0688790561385,0.5973906117169725,222.11171875,221.82486852010092,31.459999084472656,53.04150692002567
47,2020-09-08,AXP,104.41999816894531,105.08000183105469,103.30000305175781,99.27423858642578,4517000.0,1.0,1.860944843197629,102.00360012467512,90.74759082381122,55.49664870269013,104.35648379766003,34.54120901410369,94.82652130126954,93.5881248474121,31.459999084472656,53.04150692002567
47,2020-09-08,BA,165.8000030517578,166.89999389648438,160.5,161.0800018310547,22622700.0,1.0,-1.3170686734991364,181.24131756715616,163.90568408079304,45.61079054392159,-137.51339960290647,6.62361562983712,171.05066731770833,176.3123341878255,31.459999084472656,53.04150692002567
47,2020-09-08,CAT,147.0,150.75999450683594,145.72000122070312,139.15794372558594,4775200.0,1.0,3.0457728900051677,140.33308842923853,126.65484644624976,61.60504647294962,144.4129272580321,48.54837348696116,131.40204162597655,126.34050089518229,31.459999084472656,53.04150692002567
47,2020-09-08,CRM,240.57000732421875,253.67999267578125,240.13999938964844,241.27000427246094,15229600.0,1.0,17.736333775252973,301.9939518820202,161.19905196319462,58.82913005570736,59.781737288284255,29.62714569759205,220.49433492024738,205.02083384195964,31.459999084472656,53.04150692002567
47,2020-09-08,CSCO,40.04999923706055,40.61000061035156,39.970001220703125,36.223140716552734,29101800.0,1.0,-1.124503282562273,41.89559553544044,35.1084678800869,37.61676823243408,-102.9210153603956,47.06848727506501,39.90431989034017,40.7822821299235,31.459999084472656,53.04150692002567
47,2020-09-08,CVX,80.5,80.58000183105469,78.04000091552734,69.39920043945312,14942500.0,1.0,-1.3549702891466637,80.12652765820198,70.21994756152458,41.198204501323765,-208.28390053734665,34.34169386578494,75.29321314493815,76.13714014689127,31.459999084472656,53.04150692002567
47,2020-09-08,DIS,131.99000549316406,137.13999938964844,130.86000061035156,134.1999969482422,17257300.0,1.0,2.9013188416221283,136.19943137350734,126.5565660935337,59.25257742601185,82.1382853740799,33.36270655371642,128.0913324991862,122.06833305358887,31.459999084472656,53.04150692002567
47,2020-09-08,GS,209.50999450683594,209.9600067138672,201.27000427246094,188.43212890625,4574700.0,1.0,0.8512189463089044,197.83420084415198,184.9869356304574,49.9012239174153,-9.545118425353785,19.16775466363253,190.17357584635417,189.60228627522787,31.459999084472656,53.04150692002567
47,2020-09-08,HD,267.1099853515625,271.0400085449219,262.80999755859375,250.62620544433594,5241200.0,1.0,2.1037132702516033,272.63317221755483,251.06200753098028,52.18051481197979,-80.99314493888674,17.80678577853939,257.24942067464195,245.52743530273438,31.459999084472656,53.04150692002567
47,2020-09-08,HON,165.19000244140625,166.44000244140625,163.3000030517578,155.00274658203125,2796800.0,1.0,3.6827774301214333,162.24103216955686,144.5466860311267,56.73451816523349,69.01534942018786,25.21140742731034,149.76829986572267,143.89994227091472,31.459999084472656,53.04150692002567
47,2020-09-08,IBM,116.78776550292969,117.46653747558594,115.40152740478516,99.8299560546875,5449974.0,1.0,-0.017348193496331987,105.1902196477547,99.91541694892499,47.919536716138,-180.4066051991745,11.462135718980033,102.31589279174804,100.63173179626465,31.459999084472656,53.04150692002567
47,2020-09-08,INTC,49.2599983215332,49.900001525878906,48.849998474121094,44.630775451660156,39752700.0,1.0,-0.4034566403654978,47.038733655569466,43.34610101545105,41.939725513625454,-0.4639785488737649,1.0528192785252615,44.81694081624349,49.0769879023234,31.459999084472656,53.04150692002567
47,2020-09-08,JNJ,150.25,150.88999938964844,146.89999389648438,135.98350524902344,8756800.0,1.0,0.7741790840533724,143.30256518877394,134.1779706998979,49.63474367411283,-31.28331924370781,2.3979690291225846,137.5375544230143,134.9648245493571,31.459999084472656,53.04150692002567
47,2020-09-08,JPM,102.9800033569336,103.56999969482422,99.4800033569336,90.91120147705078,22108600.0,1.0,0.720920586140295,95.24453823552737,88.02723681940428,50.94004795145977,40.08313809899205,18.27721977565082,90.71437123616536,89.20756746927897,31.459999084472656,53.04150692002567
47,2020-09-08,KO,50.93000030517578,51.040000915527344,49.36000061035156,45.106075286865234,17776700.0,1.0,0.7447526567555371,46.292623992452086,42.00788450669342,56.060902997614804,134.49990312643553,30.61351900559062,43.751655451456706,42.67418619791667,31.459999084472656,53.04150692002567
47,2020-09-08,MCD,211.17999267578125,216.3000030517578,211.05999755859375,199.71376037597656,4107600.0,1.0,3.8792346032266494,203.09356593104906,190.11249638584547,62.79939503539872,79.80618239018659,41.43536159024499,192.64358317057292,184.06244049072265,31.459999084472656,53.04150692002567
47,2020-09-08,MMM,165.5800018310547,165.6300048828125,161.8800048828125,144.07298278808594,2863900.0,1.0,1.8650719746161997,148.04151039452185,141.42212333350548,53.96237546863268,38.27663589716281,11.718600441269105,141.60598958333333,139.51951319376627,31.459999084472656,53.04150692002567
47,2020-09-08,MRK,82.00381469726562,82.00381469726562,79.19847106933594,71.74512481689453,9095592.0,1.0,0.921132458891762,75.22162571233143,70.60790996271739,53.13848764690493,25.801370241389325,8.962812318661237,71.77297134399414,69.29766648610433,31.459999084472656,53.04150692002567
47,2020-09-08,MSFT,206.5,210.02999877929688,202.1999969482422,197.24388122558594,52924300.0,1.0,2.3746904207789044,226.59918842672994,193.04588145852398,47.79046289617309,-92.80859543559541,12.372384085927557,207.67963663736978,202.6793009440104,31.459999084472656,53.04150692002567
47,2020-09-08,NKE,111.29000091552734,113.83999633789062,110.54000091552734,109.42472839355469,5300100.0,1.0,3.204795367362209,113.39826357794927,100.02054593132807,61.35251961981411,80.63761163699911,26.92420050066111,103.16831715901692,99.04089190165202,31.459999084472656,53.04150692002567
47,2020-09-08,PG,138.52000427246094,138.63999938964844,135.0399932861328,126.28428649902344,6847500.0,1.0,1.9997293349224208,130.67188544636733,124.21537727946276,59.72172376262116,33.60948219273697,26.640080789308744,125.76312484741212,119.01615346272787,31.459999084472656,53.04150692002567
47,2020-09-08,TRV,116.30999755859375,116.44000244140625,112.66000366210938,105.5682144165039,1686800.0,1.0,-0.13245852113666956,111.68149362048494,103.28359198132169,49.117344986273416,-60.697653113369526,17.49171713256402,107.3898821512858,107.40241292317708,31.459999084472656,53.04150692002567
47,2020-09-08,UNH,311.0299987792969,311.4599914550781,303.8299865722656,293.4575500488281,2594500.0,1.0,0.9421287519217003,309.77514730919995,291.96805642615163,50.48029825727728,-65.95446873468575,0.30878935313314076,298.8106363932292,291.3456766764323,31.459999084472656,53.04150692002567
47,2020-09-08,V,200.77999877929688,202.25,199.2100067138672,195.9713592529297,14186900.0,1.0,2.918975662276864,213.6055527269229,188.3758391798154,50.81664625582906,-13.542385415301416,1.1952066911270862,197.57564697265624,193.7717613220215,31.459999084472656,53.04150692002567
47,2020-09-08,VZ,60.79999923706055,60.79999923706055,59.619998931884766,50.128456115722656,18469700.0,1.0,0.631293612069328,50.665790171747574,48.53187675940477,60.13712584163191,120.83912402452977,34.771145105156485,49.16646588643392,47.59827632904053,31.459999084472656,53.04150692002567
47,2020-09-08,WBA,36.900001525878906,37.220001220703125,36.029998779296875,31.365198135375977,8261200.0,1.0,-0.909355422433137,36.97100116147802,31.113099180318844,39.373170289847636,-174.2761776099123,35.04336758766238,34.47057685852051,35.01721165974935,31.459999084472656,53.04150692002567
47,2020-09-08,WMT,141.41000366210938,141.89999389648438,138.25999450683594,132.1656036376953,11322300.0,1.0,3.373090415988429,141.0402566217675,118.60544497735359,57.00371903298784,85.69487132177427,29.61623541786193,127.86981150309245,123.35606180826822,31.459999084472656,53.04150692002567
48,2020-09-09,AAPL,117.26000213623047,119.13999938964844,115.26000213623047,115.2370376586914,176940500.0,2.0,3.782174726403582,131.68021087881965,106.52144164803582,57.20294348432734,7.4164118541457915,0.41383131705193105,114.49751154581706,102.82258453369141,28.809999465942383,17.986894440168044
48,2020-09-09,AMGN,242.63999938964844,247.49000549316406,241.82000732421875,223.4095458984375,2244300.0,2.0,1.1748193656927413,234.80484993167934,211.46034934810584,51.62549412673318,9.698436687555901,1.6335257959061236,221.86907246907552,222.23808746337892,28.809999465942383,17.986894440168044
48,2020-09-09,AXP,104.56999969482422,104.70999908447266,102.69000244140625,99.37957000732422,2474700.0,2.0,1.8417979101012634,102.07934915958427,90.72163426937081,55.59872367692783,91.48770495916486,30.443002309417544,95.12529169718424,93.59290517171225,28.809999465942383,17.986894440168044
48,2020-09-09,BA,161.61000061035156,163.05999755859375,157.0,160.77999877929688,21951400.0,2.0,-2.00234490199864,181.01078400235605,162.2012170352416,45.51222744493825,-157.5317707243176,0.6663019248098674,170.7153340657552,175.8096674601237,28.809999465942383,17.986894440168044
48,2020-09-09,CAT,149.8000030517578,155.47999572753906,149.2100067138672,143.06504821777344,5345100.0,2.0,3.404492966069057,142.03868071656868,125.9012103356774,64.34003941666874,191.18123065785824,57.284070024258625,131.85990498860676,126.80896492004395,28.809999465942383,17.986894440168044
48,2020-09-09,CRM,246.39999389648438,253.4499969482422,242.9600067138672,250.42999267578125,9988600.0,2.0,16.40801083305911,302.81401823899864,166.2229843244779,60.96025113035193,63.02251085140486,29.627145697592045,222.52533467610678,206.21783370971679,28.809999465942383,17.986894440168044
48,2020-09-09,CSCO,40.099998474121094,40.47999954223633,39.720001220703125,36.34086990356445,23351600.0,2.0,-1.1622867693513612,41.063060750118474,35.3016647442663,38.10578348921341,-99.97417975789156,49.06980874523196,39.718676503499346,40.70884660085042,28.809999465942383,17.986894440168044
48,2020-09-09,CVX,79.97000122070312,81.06999969482422,79.68000030517578,70.33074188232422,9269800.0,2.0,-1.491233864808848,80.06418843697544,69.55144342947965,42.64772977529131,-160.80132206127763,30.737522014242497,75.06432571411133,75.99208666483561,28.809999465942383,17.986894440168044
48,2020-09-09,DIS,134.27999877929688,135.5500030517578,132.25999450683594,133.36000061035156,8891800.0,2.0,2.764755233178107,136.40212541589958,126.64087156286021,58.321880750526816,76.95296296415623,33.36270655371643,128.66399917602538,122.33966636657715,28.809999465942383,17.986894440168044
48,2020-09-09,GS,204.19000244140625,204.8300018310547,202.02999877929688,188.19015502929688,4681400.0,2.0,0.4925461306181944,197.37064017394923,184.74603310485938,49.763986422474524,-42.90866327467709,19.16775466363252,190.22982737223307,189.55810623168946,28.809999465942383,17.986894440168044
48,2020-09-09,HD,272.4599914550781,279.739990234375,271.75,257.8678283691406,4754700.0,2.0,1.8276994296532507,272.42213925213554,251.60461550860666,56.18948335931296,-11.550415105779958,3.0788626694110004,257.6574737548828,246.10059204101563,28.809999465942383,17.986894440168044
48,2020-09-09,HON,165.25,167.5500030517578,164.86000061035156,156.39923095703125,2807500.0,2.0,3.4716310934984733,162.52002108984144,144.86887203759997,57.66061837473978,79.6146300979604,28.2042779551534,150.2273442586263,144.2135965983073,28.809999465942383,17.986894440168044
48,2020-09-09,IBM,116.75907897949219,118.26004028320312,115.95602416992188,100.69473266601562,3944152.0,2.0,-0.1241748272872627,104.98058797820508,99.75524499908985,49.13522147646701,-117.74683011974214,15.276694057559178,102.29938379923503,100.66168670654297,28.809999465942383,17.986894440168044
48,2020-09-09,INTC,49.529998779296875,49.970001220703125,49.040000915527344,45.27864456176758,33437300.0,2.0,-0.4022251098229219,47.0126170366577,43.502705839318864,43.64246549626043,27.47570942806063,0.2852622849353066,44.83860206604004,48.92376887003581,28.809999465942383,17.986894440168044
48,2020-09-09,JNJ,148.14999389648438,151.10000610351562,148.1199951171875,138.23663330078125,6960700.0,2.0,0.6641568050887088,143.09529889321124,134.72705981040207,53.026352523672244,6.65665478493788,0.7063725050528953,137.65577596028646,135.10924593607584,28.809999465942383,17.986894440168044
48,2020-09-09,JPM,100.80000305175781,101.69000244140625,99.55999755859375,91.77555084228516,13434000.0,2.0,0.6676328413398807,94.85907477022126,88.14429742216156,51.88322237733674,26.76484786979365,18.27721977565083,90.82203547159831,89.21662216186523,28.809999465942383,17.986894440168044
48,2020-09-09,KO,49.599998474121094,50.7599983215332,49.54999923706055,45.45018768310547,15252300.0,2.0,0.7388756319100196,46.4398299731126,42.065335889924505,57.04050191581853,127.96031708544379,30.613519005590632,43.81232821146647,42.73289680480957,28.809999465942383,17.986894440168044
48,2020-09-09,MCD,215.0,218.1699981689453,214.44000244140625,201.70545959472656,3213200.0,2.0,3.8701376337767783,203.37693637779827,190.94208828040487,64.2665571958162,101.98101210782966,46.816153170509956,193.28602447509766,184.48824615478514,28.809999465942383,17.986894440168044
48,2020-09-09,MMM,164.0,167.33999633789062,164.0,146.306884765625,2721700.0,2.0,1.8168414206415946,148.1696600541502,141.6289407148928,55.968761141118684,65.86679027347928,18.19576895652815,141.9524373372396,139.6577372233073,28.809999465942383,17.986894440168044
48,2020-09-09,MRK,79.9332046508789,81.88931274414062,79.8282470703125,73.07964324951172,8862307.0,2.0,0.8534524412868763,74.81085832528122,71.36048490591996,56.0166264588348,44.81222666488553,8.96281231866125,71.92192026774089,69.45350303649903,28.809999465942383,17.986894440168044
48,2020-09-09,MSFT,207.60000610351562,214.83999633789062,206.6999969482422,205.64320373535156,45679000.0,2.0,1.7285611545661936,226.11504887547514,194.34760981593112,51.69933405722872,-31.115067597569084,2.6697096629063983,207.99618174235027,203.04923629760742,28.809999465942383,17.986894440168044
48,2020-09-09,NKE,113.0199966430664,116.20999908447266,112.83000183105469,111.54100036621094,5997900.0,2.0,3.2090724721302735,113.80075276485925,100.590022534213,63.32645112841569,103.76491352605231,36.00782737501278,103.77804845174154,99.3204121907552,28.809999465942383,17.986894440168044
48,2020-09-09,PG,136.4199981689453,139.55999755859375,136.27000427246094,128.33731079101562,6002900.0,2.0,1.8909008496719082,130.41508710468264,124.92923281108882,62.49926265832946,66.58095759749997,31.7506564622463,126.08114293416341,119.35974489847818,28.809999465942383,17.986894440168044
48,2020-09-09,TRV,114.20999908447266,115.4000015258789,112.93000030517578,106.26022338867188,957600.0,2.0,-0.19559820125775218,111.05174736854222,103.40893836143825,49.82485006464287,-58.08526196775034,17.491717132564027,107.37303797403972,107.39677530924479,28.809999465942383,17.986894440168044
48,2020-09-09,UNH,309.67999267578125,315.32000732421875,308.4200134277344,298.013427734375,2195600.0,2.0,0.793859820388434,309.69289852316376,291.7131531125784,52.607885809365385,-15.024131607357692,7.92114528613681,299.19554545084634,291.77496236165365,28.809999465942383,17.986894440168044
48,2020-09-09,V,204.35000610351562,206.2899932861328,201.9499969482422,199.8297119140625,7532600.0,2.0,2.4558331494656045,213.4285181224204,189.19807336927883,53.22144343350464,23.517162228066834,12.014585664232238,197.82428232828775,193.97723566691081,28.809999465942383,17.986894440168044
48,2020-09-09,VZ,60.119998931884766,60.75,59.970001220703125,50.19533920288086,15896200.0,2.0,0.6063549591829087,50.71063682170532,48.614943012279056,60.42317954909423,125.52035273423883,34.77114510515648,49.23780708312988,47.66116746266683,28.809999465942383,17.986894440168044
48,2020-09-09,WBA,36.09000015258789,36.27000045776367,35.22999954223633,30.713558197021484,9506300.0,2.0,-1.0197085567438293,36.92010435661027,30.640570692217864,37.86547817466267,-188.3759325914229,42.05651799289495,34.3296017964681,34.93512795766195,28.809999465942383,17.986894440168044
48,2020-09-09,WMT,140.08999633789062,142.61000061035156,139.4499969482422,133.5402374267578,11223000.0,2.0,3.15549774775684,141.26764557104806,119.35395934838552,58.184402822874084,93.16207322566942,31.224751671813465,128.1456756591797,123.71075401306152,28.809999465942383,17.986894440168044
49,2020-09-10,AAPL,120.36000061035156,120.5,112.5,111.47503662109375,182274400.0,3.0,2.8814704402932705,131.6415060282075,106.60729386803274,54.240547982094625,-16.662460850397366,7.453169858887803,115.10719223022461,103.24214134216308,29.709999084472656,9.449245091615715
49,2020-09-10,AMGN,244.55999755859375,246.13999938964844,238.89999389648438,218.92445373535156,2126400.0,3.0,0.6092685536817442,234.79014801432254,211.52311950276732,49.17654588631386,-30.512337638086315,4.575951112303636,221.67031555175782,222.46976623535156,29.709999084472656,9.449245091615715
49,2020-09-10,AXP,104.19000244140625,105.11000061035156,102.30999755859375,98.41242980957031,3288900.0,3.0,1.728656816713766,102.1879077350219,90.71745572933358,54.41326586233512,79.14250945411395,31.897118452687305,95.31936543782552,93.55503336588542,29.709999084472656,9.449245091615715
49,2020-09-10,BA,160.9600067138672,163.77999877929688,157.57000732421875,157.69000244140625,14532600.0,3.0,-2.7629189210592813,181.8003926289246,159.63660840867306,44.487887559027904,-152.92003543779364,0.8247791965390948,170.43800099690756,175.14166742960612,29.709999084472656,9.449245091615715
49,2020-09-10,CAT,152.00999450683594,153.25,148.75,140.41346740722656,4387000.0,3.0,3.4352217021316562,142.87433632760786,125.74860220998977,61.275655812752,145.9193440371618,54.55034910419685,132.15130055745442,127.13248608907064,29.709999084472656,9.449245091615715
49,2020-09-10,CRM,254.80999755859375,256.510009765625,246.97000122070312,247.8000030517578,5945000.0,3.0,14.97051635468813,302.85026653167245,171.70473682526114,60.03721021656068,60.93554197133663,32.094716122543836,224.3316680908203,207.3398338317871,29.709999084472656,9.449245091615715
49,2020-09-10,CSCO,40.029998779296875,40.63999938964844,39.41999816894531,35.8337516784668,25108800.0,3.0,-1.2190976585032942,39.45359127383673,36.138676716275576,36.81966007563364,-101.46510899710545,51.42571665526947,39.50314915974935,40.6100372950236,29.709999084472656,9.449245091615715
49,2020-09-10,CVX,80.62999725341797,80.88999938964844,78.05000305175781,68.67857360839844,11845900.0,3.0,-1.7127958577370066,79.92363976442613,68.70063620603287,40.80230943048294,-178.57547388721423,36.76972723074748,74.75264409383138,75.77906926472981,29.709999084472656,9.449245091615715
49,2020-09-10,DIS,133.5800018310547,136.75,132.74000549316406,133.22000122070312,9853400.0,3.0,2.6150857284345648,136.53174030085344,126.65425747136337,58.16436285616984,85.22195617887776,37.059512067686725,129.25099919637043,122.58599967956543,29.709999084472656,9.449245091615715
49,2020-09-10,GS,203.72999572753906,205.35000610351562,199.5500030517578,186.1334686279297,2510300.0,3.0,0.04185545233988819,196.73928385070244,184.36827687927806,48.58902761040755,-71.14250205073242,11.169434575962732,190.18792114257812,189.42908045450847,29.709999084472656,9.449245091615715
49,2020-09-10,HD,278.010009765625,280.9800109863281,271.1700134277344,253.828125,3156300.0,3.0,1.268365246692838,272.6958427055893,250.64185871042633,53.5964927147671,-26.396204185275067,5.628010820411727,257.9500045776367,246.47386042277017,29.709999084472656,9.449245091615715
49,2020-09-10,HON,167.3000030517578,167.3000030517578,163.82000732421875,155.00274658203125,2814900.0,3.0,3.155239841517499,162.61967475065285,145.25044701448388,56.411489460393504,64.16868305514808,23.263907520052506,150.55945943196613,144.46519419352214,29.709999084472656,9.449245091615715
49,2020-09-10,IBM,117.14149475097656,118.14531707763672,114.95220184326172,99.29460144042969,4161406.0,3.0,-0.3181471899646624,104.89300691475714,99.33712919364129,47.2865004908756,-150.87588765805344,8.930176222467892,102.21316986083984,100.62088317871094,29.709999084472656,9.449245091615715
49,2020-09-10,INTC,50.0,50.09000015258789,48.709999084472656,44.676387786865234,32649100.0,3.0,-0.44471974902168654,47.013943968314564,43.48039082477625,42.44540095359583,-0.39968177565591906,3.961401187114567,44.875536092122395,48.75598042805989,29.709999084472656,9.449245091615715
49,2020-09-10,JNJ,149.25,149.77999877929688,146.52000427246094,135.66029357910156,6191800.0,3.0,0.36486829755975236,143.20572399364767,134.4540645195359,49.11414560920077,-58.57127175786888,12.48120612842579,137.69698740641277,135.1616517384847,29.709999084472656,9.449245091615715
49,2020-09-10,JPM,101.4000015258789,102.41999816894531,99.63999938964844,90.82931518554688,15922800.0,3.0,0.5427916459719455,94.57007578497723,88.15033818597004,50.77769094774312,23.35440878073339,21.367131890681463,90.82658437093099,89.19774182637532,29.709999084472656,9.449245091615715
49,2020-09-10,KO,50.349998474121094,50.68000030517578,49.95000076293945,45.278133392333984,15439500.0,3.0,0.7121257615346366,46.54878754383787,42.09855132334963,56.39023816473643,117.60691446754737,30.613519005590632,43.8720952351888,42.78164628346761,29.709999084472656,9.449245091615715
49,2020-09-10,MCD,215.72000122070312,219.47999572753906,215.72000122070312,203.1361083984375,3325600.0,3.0,3.9330320764266276,203.91028556143743,191.56994209969537,65.28395523116362,112.68672088502576,50.23978209882737,193.97708435058593,184.925035349528,29.709999084472656,9.449245091615715
49,2020-09-10,MMM,166.24000549316406,166.6699981689453,162.75,144.05531311035156,2054200.0,3.0,1.5787366503474516,148.16452852102086,141.66688779977991,53.53603816376884,42.1330953854663,11.786826356442816,142.196999613444,139.73014348347982,29.709999084472656,9.449245091615715
49,2020-09-10,MRK,80.84923553466797,80.99236297607422,79.46565246582031,71.9517593383789,6907578.0,3.0,0.7007271873888214,74.69898862748968,71.5489804276861,53.16193423996613,9.791278611640285,4.828556481053696,72.04303029378255,69.54821001688639,29.709999084472656,9.449245091615715
49,2020-09-10,MSFT,213.39999389648438,214.74000549316406,204.11000061035156,199.88143920898438,35461500.0,3.0,0.7430078794521364,226.31969786100626,193.82026338166952,49.09114436396421,-66.98964285797422,7.277927332858118,208.0546447753906,203.24821853637695,29.709999084472656,9.449245091615715
49,2020-09-10,NKE,115.9000015258789,118.2300033569336,114.0,111.4342041015625,5032800.0,3.0,3.167333493533519,114.04279565642464,101.29958105255973,63.158049052921456,110.95278485051013,42.517895125789536,104.36161931355794,99.57878023783366,29.709999084472656,9.449245091615715
49,2020-09-10,PG,138.1199951171875,138.72000122070312,136.50999450683594,126.99030303955078,5242500.0,3.0,1.6766340294907138,130.35647001324193,125.10304002704126,59.70480323210723,43.96269547692759,31.75065646224631,126.34094492594402,119.65873095194499,29.709999084472656,9.449245091615715
49,2020-09-10,TRV,113.7300033569336,114.94999694824219,111.7699966430664,104.5489273071289,950200.0,3.0,-0.37935121980895303,110.65067971603933,103.23286062819894,48.11340646738656,-97.07464661728251,11.03076855252976,107.24284286499024,107.3425059000651,29.709999084472656,9.449245091615715
49,2020-09-10,UNH,312.7300109863281,314.44000244140625,303.7200012207031,290.926513671875,2421200.0,3.0,0.10330999359871385,309.20414647250067,290.5142251095306,49.20588190358209,-78.84958536149149,2.491768414802059,299.1293233235677,291.9796183268229,29.709999084472656,9.449245091615715
49,2020-09-10,V,204.86000061035156,207.0,200.4499969482422,197.36192321777344,7243000.0,3.0,1.8681248670808372,213.2841722190835,189.64598830337744,51.55362477776383,9.276666762802762,7.349098154597436,197.9306879679362,194.12332814534506,29.709999084472656,9.449245091615715
49,2020-09-10,VZ,60.22999954223633,60.25,59.40999984741211,49.76897048950195,15811200.0,3.0,0.5458937815330387,50.70122108683248,48.70211028828958,57.69298102837429,73.54102664121127,21.450206846711108,49.29577191670736,47.706342633565264,29.709999084472656,9.449245091615715
49,2020-09-10,WBA,35.70000076293945,35.70000076293945,34.5099983215332,30.122753143310547,7892700.0,3.0,-1.141676702648013,36.86007015594693,30.12067592254428,36.55269954148322,-189.7844234057664,47.50885911751208,34.15518964131673,34.83374888102214,29.709999084472656,9.449245091615715
49,2020-09-10,WMT,140.05999755859375,140.5399932861328,136.58999633789062,130.6000518798828,11236400.0,3.0,2.7145143572519714,141.28037578739227,119.86244571529326,54.851647973908676,50.35108510495687,19.46838012075865,128.35744298299153,123.99156646728515,29.709999084472656,9.449245091615715
50,2020-09-11,AAPL,114.56999969482422,115.2300033569336,110.0,110.0114974975586,180860300.0,4.0,2.0262036143659543,131.8641637189877,106.08898035449863,53.13316203628952,-57.98934685127173,13.381568887775186,115.6305035909017,103.63930740356446,26.8700008392334,16.587980520886
50,2020-09-11,AMGN,241.6999969482422,245.49000549316406,241.07000732421875,221.26251220703125,1899400.0,4.0,0.3457417436796959,234.70001304618648,212.0089972687549,50.444246560914024,-10.116870926776715,4.575951112303636,221.6311289469401,222.75396830240885,26.8700008392334,16.587980520886
50,2020-09-11,AXP,102.91000366210938,103.8499984741211,102.01000213623047,98.97738647460938,2604400.0,4.0,1.6653814852968907,102.43583922045629,90.75105882031521,54.99316005792467,67.8941123207538,29.722957040779992,95.59738744099936,93.55295143127441,26.8700008392334,16.587980520886
50,2020-09-11,BA,158.0,161.36000061035156,156.32000732421875,160.22999572753906,14722400.0,4.0,-3.124703443981616,181.84116268626764,158.14583835133004,45.530368892648454,-152.59888600990232,1.872635793259,170.38066762288412,174.60316747029623,26.8700008392334,16.587980520886
50,2020-09-11,CAT,150.47999572753906,154.39999389648438,150.24000549316406,144.13320922851562,3237100.0,4.0,3.716880638327609,144.4519639787021,125.4040205183682,63.77917720043694,160.79217939548312,56.567681717826815,132.68536987304688,127.54714317321778,26.8700008392334,16.587980520886
50,2020-09-11,CRM,250.72000122070312,251.3000030517578,239.4499969482422,243.10000610351562,5455200.0,4.0,13.298741535538397,302.19676564129566,177.15423838702463,58.402384059691485,43.618108824555705,20.953294020401948,226.0450017293294,208.36816736857097,26.8700008392334,16.587980520886
50,2020-09-11,CSCO,39.77000045776367,40.04999923706055,39.52000045776367,36.11446762084961,21853000.0,4.0,-1.227321469033349,39.42994869009058,35.905133936252184,38.0176168157966,-99.36348059700798,51.42571665526946,39.30512886047363,40.520548820495605,26.8700008392334,16.587980520886
50,2020-09-11,CVX,78.23999786376953,78.69000244140625,77.06999969482422,68.27433013916016,13732400.0,4.0,-1.8991126148964668,79.80404206422901,67.86642302366161,40.360265540286505,-188.03473341290103,40.1213451591405,74.53722127278645,75.59526646931967,26.8700008392334,16.587980520886
50,2020-09-11,DIS,133.74000549316406,133.74000549316406,131.08999633789062,131.75,7165300.0,4.0,2.350756694537438,136.56255263164286,126.70244446918724,56.506637235042795,47.5048247344745,26.726067359253225,129.78733240763347,122.82099965413411,26.8700008392334,16.587980520886
50,2020-09-11,GS,200.24000549316406,201.91000366210938,198.9499969482422,186.98036193847656,2376400.0,4.0,-0.2441683244139199,196.55478958344682,183.97430740141644,49.10094639950733,-97.24611746272024,9.2726417519076,190.2682902018229,189.3665875752767,26.8700008392334,16.587980520886
50,2020-09-11,HD,273.9800109863281,277.9800109863281,273.4599914550781,257.2069091796875,3729200.0,4.0,1.0852187957822252,272.6917453068839,250.287374566163,55.37816399330278,-22.69734861511518,5.62801082041172,258.30423736572266,246.8895528157552,26.8700008392334,16.587980520886
50,2020-09-11,HON,164.50999450683594,167.4499969482422,164.27000427246094,157.0597381591797,2116700.0,4.0,3.0354883044785197,162.8731492365238,145.70183245292932,57.80437391144942,69.9472387300387,23.71710855274879,151.1296579996745,144.76311645507812,26.8700008392334,16.587980520886
50,2020-09-11,IBM,116.05162811279297,117.30401611328125,115.42064666748047,100.03585815429688,3711313.0,4.0,-0.40736264007334455,104.86287168660965,99.07323518594893,48.35080323161252,-139.54245222222616,8.930176222467887,102.21724344889323,100.60598309834798,26.8700008392334,16.587980520886
50,2020-09-11,INTC,49.2599983215332,50.04999923706055,48.95000076293945,44.96839141845703,29333600.0,4.0,-0.44965150144049204,46.99727236183923,43.562762199317994,43.22646037788045,11.130114768206298,3.9614011871145607,44.92462043762207,48.59169915517171,26.8700008392334,16.587980520886
50,2020-09-11,JNJ,147.0500030517578,148.52999877929688,146.6300048828125,136.4636688232422,3934700.0,4.0,0.19031187042367037,143.1476251625648,134.58220577005238,50.29705307550155,-64.82199929045841,12.481206128425802,137.75580495198568,135.23417421976725,26.8700008392334,16.587980520886
50,2020-09-11,JPM,99.97000122070312,101.36000061035156,99.58999633789062,91.95750427246094,13784300.0,4.0,0.5287939226771243,94.41499157531102,88.18714160339992,52.038198583108056,20.387845232984166,21.032055913311794,90.9494125366211,89.23641001383463,26.8700008392334,16.587980520886
50,2020-09-11,KO,50.400001525878906,51.20000076293945,50.099998474121094,46.2380256652832,18272300.0,4.0,0.759625095560871,46.812581735606784,42.077447790150046,59.082373481140415,136.1695631010456,35.91626054496817,43.973819986979166,42.84926166534424,26.8700008392334,16.587980520886
50,2020-09-11,MCD,217.69000244140625,219.17999267578125,216.27999877929688,203.84677124023438,3616500.0,4.0,3.9941785237010095,204.4502490578186,192.2185543479431,65.78455660243142,112.89060810665372,50.239782098827376,194.71662343343098,185.36638666788738,26.8700008392334,16.587980520886
50,2020-09-11,MMM,163.44000244140625,166.6999969482422,163.05999755859375,146.72189331054688,1698500.0,4.0,1.5869146764819106,148.34289801821174,141.64798943296014,55.8852537972652,56.989372202435895,11.909364546177658,142.6509053548177,139.85355504353842,26.8700008392334,16.587980520886
50,2020-09-11,MRK,80.0,80.99236297607422,79.9427490234375,72.73526000976562,7171254.0,4.0,0.6355866324808801,74.64882991586151,71.68007175650177,54.816633802655375,22.602114172988806,4.8285564810537025,72.20058898925781,69.66573321024576,26.8700008392334,16.587980520886
50,2020-09-11,MSFT,207.1999969482422,208.6300048828125,201.24000549316406,198.57725524902344,33620100.0,4.0,-0.14165403807800203,226.60166716437976,193.13275666374523,48.51800039725236,-109.53908924252421,12.201901652180263,208.07481384277344,203.41462198893228,26.8700008392334,16.587980520886
50,2020-09-11,NKE,116.76000213623047,119.25,116.41999816894531,114.55037689208984,8565200.0,4.0,3.3471206304182033,114.94410787239853,101.53556665763075,65.89559543318896,133.73365163210207,45.510057470653365,105.05390548706055,99.88633995056152,26.8700008392334,16.587980520886
50,2020-09-11,PG,137.69000244140625,138.66000366210938,137.16000366210938,128.32803344726562,4398000.0,4.0,1.596367760967155,130.36710143993398,125.31164764453868,61.47447702090371,60.337523827277835,31.7506564622463,126.5490353902181,119.98308957417807,26.8700008392334,16.587980520886
50,2020-09-11,TRV,112.5199966430664,114.06999969482422,111.6500015258789,106.045166015625,1040100.0,4.0,-0.3996360955481322,109.98344534175523,103.43452035648697,49.67685417317143,-84.63688250658004,10.359699128777438,107.19098587036133,107.33374811808268,26.8700008392334,16.587980520886
50,2020-09-11,UNH,305.07000732421875,306.4599914550781,297.2900085449219,289.1330871582031,3085900.0,4.0,-0.5819617577527652,308.8183811011386,289.104607790463,48.38673841347077,-156.52763429495346,14.549254462021832,299.0494852701823,292.1607228597005,26.8700008392334,16.587980520886
50,2020-09-11,V,201.5800018310547,202.41000366210938,198.91000366210938,196.51976013183594,7439000.0,4.0,1.3191993869372993,213.07691439902575,190.1568182059547,50.98952666547917,-20.373208690776877,2.6566363249976277,198.15634155273438,194.24430338541666,26.8700008392334,16.587980520886
50,2020-09-11,VZ,59.58000183105469,59.959999084472656,59.36000061035156,49.9863395690918,13924800.0,4.0,0.5096428848056007,50.69133002003036,48.81817773143448,58.6776967396739,65.35173072940006,20.31520545164782,49.36516253153483,47.758860969543456,26.8700008392334,16.587980520886
50,2020-09-11,WBA,34.709999084472656,35.25,33.880001068115234,30.148820877075195,9634500.0,4.0,-1.222145753268098,36.81561859407947,29.65824176511242,36.65294318140186,-177.71108789445856,51.755049067475,33.99653542836507,34.73280426661174,26.8700008392334,16.587980520886
50,2020-09-11,WMT,137.0500030517578,138.44000244140625,135.5500030517578,130.4950408935547,9626600.0,4.0,2.3297029685481903,141.28119954350294,120.32460566279589,54.735809829574855,31.439250473258518,15.447955753105362,128.5837730407715,124.2804526011149,26.8700008392334,16.587980520886
51,2020-09-14,AAPL,114.72000122070312,115.93000030517578,112.80000305175781,113.31185150146484,140150100.0,0.0,1.5963082312374581,131.84349093925144,106.15410198677395,55.26381786728469,-38.35733335374751,11.248572306148585,115.93471349080404,104.09090716044108,25.850000381469727,14.88777699557527
51,2020-09-14,AMGN,244.83999633789062,247.83999633789062,244.25,224.48306274414062,2086500.0,0.0,0.3922448072517284,234.75157802324108,212.5979016520519,52.14513809060045,31.99893353686655,0.9871663228296003,221.743576558431,223.02632802327474,25.850000381469727,14.88777699557527
51,2020-09-14,AXP,104.6500015258789,107.69000244140625,104.22000122070312,102.72160339355469,3620100.0,0.0,1.8955120597972694,103.36740769434265,90.47640257787414,58.60346124082847,130.66061868176513,42.656594862666445,96.04267120361328,93.64187151590983,25.850000381469727,14.88777699557527
51,2020-09-14,BA,161.75,165.94000244140625,158.89999389648438,165.35000610351562,17228400.0,0.0,-2.9641098243245665,180.73390824687706,157.9800932179667,47.58301508823235,-103.04701251491663,7.789642207112886,170.62566782633465,174.15416768391927,25.850000381469727,14.88777699557527
51,2020-09-14,CAT,154.0,154.8000030517578,152.2100067138672,143.83335876464844,2569300.0,0.0,3.871276284801411,145.69592214897986,125.42964700385218,63.43717707327768,157.37672412030918,57.27284393875966,133.3296885172526,127.9667226155599,25.850000381469727,14.88777699557527
51,2020-09-14,CRM,246.30999755859375,248.8699951171875,244.0399932861328,246.63999938964844,4255200.0,0.0,12.119786466032394,300.98339729524923,183.68560600064922,59.26661477619658,44.125123208338685,20.953294020401948,227.77133483886718,209.35116729736328,25.850000381469727,14.88777699557527
51,2020-09-14,CSCO,40.220001220703125,40.63999938964844,40.04999923706055,36.55820083618164,19866700.0,0.0,-1.1843805345328775,39.355639336203204,35.7865538858427,39.88161131747639,-82.20168157413532,37.16682013460822,39.10197715759277,40.44354756673177,25.850000381469727,14.88777699557527
51,2020-09-14,CVX,77.4800033569336,77.9800033569336,76.91999816894531,67.92281341552734,8182800.0,0.0,-2.051486193303816,79.45906938846903,67.17651944820088,39.970728334004484,-180.7548805224081,40.63619782781345,74.37736460367839,75.39982948303222,25.850000381469727,14.88777699557527
51,2020-09-14,DIS,132.52999877929688,132.92999267578125,130.89999389648438,131.25,8391900.0,0.0,2.076986007643228,136.57511470802535,126.76188251487501,55.945592977189925,32.06302694269067,25.56079746207487,130.26433232625325,123.03566627502441,25.850000381469727,14.88777699557527
51,2020-09-14,GS,203.3000030517578,203.3000030517578,200.6699981689453,187.37118530273438,2756900.0,0.0,-0.43430168940088265,196.34885935472178,183.67970815016102,49.34175415633742,-77.85744476537067,12.950731030801007,190.41009470621745,189.34683837890626,25.850000381469727,14.88777699557527
51,2020-09-14,HD,278.54998779296875,282.4599914550781,278.0199890136719,261.2278747558594,3055800.0,0.0,1.2501216076034325,272.73654479207664,250.3888641434702,57.39216374270965,18.356637076036908,14.871311423345565,258.81781005859375,247.39756978352864,25.850000381469727,14.88777699557527
51,2020-09-14,HON,168.00999450683594,169.5399932861328,167.3699951171875,158.96580505371094,2134000.0,0.0,3.059124336225665,163.37645258842406,145.97132725776737,59.058484564616194,93.1908522015648,29.885013848543508,151.75682373046874,145.09452641805012,25.850000381469727,14.88777699557527
51,2020-09-14,IBM,116.97896575927734,117.95410919189453,116.40535736083984,100.55474090576172,3809009.0,0.0,-0.43122611921459963,104.73920509441484,98.93499534503829,49.09506729628851,-101.95179376519572,12.495275094263079,102.23752950032552,100.59959564208984,25.850000381469727,14.88777699557527
51,2020-09-14,INTC,48.849998474121094,49.720001220703125,48.849998474121094,45.08702087402344,27212500.0,0.0,-0.4389278580033249,46.99508375877215,43.612401058732736,43.54842462800341,-5.307479963685451,5.171972177120251,44.985514068603514,48.43558851877848,25.850000381469727,14.88777699557527
51,2020-09-14,JNJ,148.1199951171875,149.47000122070312,148.00999450683594,136.9900360107422,4375800.0,0.0,0.09337174593900954,143.07733428009334,134.75315735809028,51.06802762954431,-36.65260382742663,4.186805643470713,137.8651911417643,135.32479565938314,25.850000381469727,14.88777699557527
51,2020-09-14,JPM,101.51000213623047,103.45999908447266,101.37000274658203,93.23128509521484,19017400.0,0.0,0.6134130492877432,94.4247269765,88.18286274517969,53.431084945715305,79.62940068687581,29.740372538281523,91.12622451782227,89.30441780090332,25.850000381469727,14.88777699557527
51,2020-09-14,KO,50.970001220703125,51.22999954223633,50.56999969482422,46.29280471801758,10911700.0,0.0,0.7925528162205211,47.054724077233885,42.07713512991944,59.23095302099017,131.73991475783833,36.216864723716455,44.09095420837402,42.9116018931071,25.850000381469727,14.88777699557527
51,2020-09-14,MCD,219.72000122070312,222.58999633789062,219.33999633789062,206.24057006835938,2543800.0,0.0,4.187525891487752,205.45036253912232,192.59619812982297,67.4215233837824,146.281120583715,58.23655877577389,195.57097269694012,185.8677775065104,25.850000381469727,14.88777699557527
51,2020-09-14,MMM,167.66000366210938,169.42999267578125,166.42999267578125,148.74386596679688,2264200.0,0.0,1.7365344282085289,148.90966983338245,141.42188381651988,57.56809471146715,109.899097410043,22.396170808698805,143.2203348795573,140.01081212361655,25.850000381469727,14.88777699557527
51,2020-09-14,MRK,80.34351348876953,81.2022933959961,79.89503479003906,72.98676300048828,8575994.0,0.0,0.597370349320272,74.57896016403593,71.86119028762421,55.34054854859936,25.319713945095184,7.159008905990673,72.33065694173177,69.78845240275065,25.850000381469727,14.88777699557527
51,2020-09-14,MSFT,204.24000549316406,209.1999969482422,204.02999877929688,199.92039489746094,30375800.0,0.0,-0.7260058928136743,226.7614675518513,192.68231449160572,49.15048931273276,-93.48351294779278,10.951022639854525,208.10382995605468,203.56975301106772,25.850000381469727,14.88777699557527
51,2020-09-14,NKE,118.5,119.93000030517578,118.16999816894531,115.79295349121094,4990300.0,0.0,3.5489585930877325,115.92311836130288,101.82682746999593,66.90983986229699,142.63458867540757,47.459111872337566,105.76210378011068,100.22687861124675,25.850000381469727,14.88777699557527
51,2020-09-14,PG,138.44000244140625,139.5800018310547,138.3300018310547,128.78323364257812,4767400.0,0.0,1.551601124445483,130.30887398692792,125.69780478504474,62.06099718428094,85.4901837112379,37.10286390746641,126.78158849080404,120.29426396687826,25.850000381469727,14.88777699557527
51,2020-09-14,TRV,114.16999816894531,115.2300033569336,113.76000213623047,107.03639221191406,977300.0,0.0,-0.3319023717589289,109.43020633486685,103.683492243014,50.69500992249505,-29.915533880777907,15.629271648140755,107.21888656616211,107.32248344421387,25.850000381469727,14.88777699557527
51,2020-09-14,UNH,303.010009765625,311.1199951171875,303.010009765625,295.93280029296875,1795500.0,0.0,-0.5697962785995401,306.97776534878597,289.6215907303156,51.55021811703113,-79.40872099624819,4.535040727047945,299.27430623372396,292.47290802001953,25.850000381469727,14.88777699557527
51,2020-09-14,V,203.35000610351562,206.41000366210938,203.13999938964844,200.7306365966797,11730500.0,0.0,1.210006328328717,212.68076493865178,191.36967756623105,53.61479944148959,24.526889872161956,13.192377001273773,198.6416478474935,194.42975591023762,25.850000381469727,14.88777699557527
51,2020-09-14,VZ,60.02000045776367,60.779998779296875,60.0,50.42942810058594,11932500.0,0.0,0.5107793826476836,50.75618756909231,48.88123194079538,60.61095507845095,124.81028473803924,31.53268846958633,49.44430669148763,47.815457089742026,25.850000381469727,14.88777699557527
51,2020-09-14,WBA,34.849998474121094,35.16999816894531,34.599998474121094,30.505048751831055,5742100.0,0.0,-1.2428466803743206,36.49122940537103,29.43320182326667,38.036906722689174,-146.70323580133413,51.75504906747499,33.847750981648765,34.64023056030273,25.850000381469727,14.88777699557527
51,2020-09-14,WMT,136.13999938964844,141.10000610351562,135.8800048828125,131.08689880371094,15244600.0,0.0,2.048876979136878,141.3163250766759,120.74005614891003,55.28637378960183,45.161703907336815,22.572086367347627,128.85264892578124,124.5956817626953,25.850000381469727,14.88777699557527
52,2020-09-15,AAPL,118.33000183105469,118.83000183105469,113.61000061035156,113.4886474609375,184642000.0,1.0,1.2554074437159386,131.7990305550794,106.29015782993037,55.37623924015442,-26.713199990036628,2.6929045612931515,116.15730895996094,104.5536652882894,25.59000015258789,16.45213855858112
52,2020-09-15,AMGN,248.6999969482422,251.9199981689453,248.10000610351562,225.9386749267578,2243900.0,1.0,0.5403260162733261,234.96799167669843,212.86729885064534,52.900983865999315,75.32746807361339,9.88419993098505,221.8235107421875,223.1967305501302,25.59000015258789,16.45213855858112
52,2020-09-15,AXP,107.83999633789062,108.12000274658203,106.23999786376953,102.1566162109375,3371500.0,1.0,2.009142312319028,103.98609851359272,90.73199917317486,57.878717187561605,137.10834101222568,43.89262191770668,96.46209945678712,93.74075826009114,25.59000015258789,16.45213855858112
52,2020-09-15,BA,166.64999389648438,168.83999633789062,163.3300018310547,163.49000549316406,14881700.0,1.0,-2.9528857000705386,180.5256040492236,157.33639851425295,46.91855364866827,-83.87007820537306,13.352201421703866,170.6663345336914,173.76200103759766,25.59000015258789,16.45213855858112
52,2020-09-15,CAT,154.1999969482422,154.47000122070312,148.36000061035156,139.23287963867188,4092400.0,1.0,3.5811346384018066,145.92727994111885,126.12400942655695,58.46164021840561,108.23081589830285,34.76169448518822,133.85501302083333,128.3116424560547,25.59000015258789,16.45213855858112
52,2020-09-15,CRM,251.3699951171875,251.94000244140625,248.50999450683594,251.67999267578125,4133600.0,1.0,11.460037241056455,299.75007482660453,190.41292718755562,60.47602233510652,49.945565541812414,23.94574745347711,229.38766784667968,210.43000055948895,25.59000015258789,16.45213855858112
52,2020-09-15,CSCO,40.5099983215332,40.84000015258789,40.380001068115234,36.76648712158203,19024100.0,1.0,-1.12062470798881,39.30342511174062,35.703836927443945,40.746877225995966,-73.58539378261725,32.64089921541654,38.90395711263021,40.37765483856201,25.59000015258789,16.45213855858112
52,2020-09-15,CVX,77.55999755859375,78.4800033569336,75.95999908447266,67.09674072265625,11732000.0,1.0,-2.2133859787431334,78.94636797968477,66.5353512280789,39.054380794539355,-169.05224831764303,43.93417745641635,74.16484934488932,75.20953928629557,25.59000015258789,16.45213855858112
52,2020-09-15,DIS,131.4600067138672,132.5399932861328,131.00999450683594,131.24000549316406,7289100.0,1.0,1.8380266654270372,136.55412706798032,126.96987119251773,55.9341090876636,21.648080180319266,25.56079746207487,130.7606658935547,123.31716639200846,25.59000015258789,16.45213855858112
52,2020-09-15,GS,202.0,202.58999633789062,197.97999572753906,184.26290893554688,3717600.0,1.0,-0.8262709398141794,196.61491111174524,183.05555855378208,47.49310829372775,-128.94948427977693,4.210976644424975,190.4041976928711,189.30935567220052,25.59000015258789,16.45213855858112
52,2020-09-15,HD,283.0400085449219,286.70001220703125,282.3800048828125,265.8167419433594,4174900.0,1.0,1.7311360465505459,272.5857601415548,250.4327975977031,59.54769177053135,64.38773970805309,22.546363618009615,259.46304880777996,248.021573638916,25.59000015258789,16.45213855858112
52,2020-09-15,HON,169.27000427246094,169.99000549316406,168.07000732421875,158.8053741455078,1851200.0,1.0,3.0299828717124626,163.69611222430916,146.5518476755932,58.906043688031616,91.58434481307928,31.166033557736277,152.40491383870443,145.46798731486004,25.59000015258789,16.45213855858112
52,2020-09-15,IBM,117.41873931884766,117.97322845458984,116.86424255371094,100.84300231933594,3049299.0,1.0,-0.422013106983556,104.67225335171118,98.83722388217554,49.51316917877797,-85.50783752224581,12.602835818482488,102.23029861450195,100.62091102600098,25.59000015258789,16.45213855858112
52,2020-09-15,INTC,49.790000915527344,50.599998474121094,49.72999954223633,45.625404357910156,27598300.0,1.0,-0.38257614596325595,47.02053602272548,43.68458711570226,45.01244965401849,70.94541528700407,5.976513287265685,45.047133127848305,48.29539960225423,25.59000015258789,16.45213855858112
52,2020-09-15,JNJ,149.4499969482422,150.58999633789062,148.52000427246094,137.48866271972656,3658800.0,1.0,0.0561339300829502,143.040767318888,134.87145039351438,51.80069801927287,-13.877368959066667,4.758253768418813,137.9425796508789,135.41730613708495,25.59000015258789,16.45213855858112
52,2020-09-15,JPM,102.7300033569336,102.8499984741211,99.13999938964844,90.32889556884766,23683000.0,1.0,0.44118997487888123,94.4254075648069,88.14305785877707,50.00780629005611,1.4907728780136265,15.306365978201612,91.22266743977865,89.34102249145508,25.59000015258789,16.45213855858112
52,2020-09-15,KO,51.0,51.380001068115234,50.84000015258789,46.60318374633789,12838400.0,1.0,0.8340785276435696,47.32141922381402,42.10504027935981,60.08059074883913,131.95902073018854,37.77697072674477,44.24680862426758,42.99375508626302,25.59000015258789,16.45213855858112
52,2020-09-15,MCD,221.75999450683594,223.63999938964844,221.39999389648438,207.93307495117188,2640700.0,1.0,4.4263024136933495,206.83632917039617,192.60477800733818,68.52300314508972,162.03830525891604,60.334737316506235,196.47801971435547,186.4427739461263,25.59000015258789,16.45213855858112
52,2020-09-15,MMM,169.8699951171875,169.92999267578125,166.1699981689453,147.0750732421875,2056300.0,1.0,1.7008452479319658,149.11644285848132,141.5105239994288,55.75227693935284,105.52080825519197,24.16368319922064,143.7358881632487,140.15571416219075,25.59000015258789,16.45213855858112
52,2020-09-15,MRK,80.84923553466797,81.26908111572266,79.8187026977539,73.03011322021484,10826678.0,1.0,0.5640793148071594,74.57983012783005,71.86569980991409,55.43269313739214,23.778810095897285,6.14872403125756,72.39616165161132,69.88778711954753,25.59000015258789,16.45213855858112
52,2020-09-15,MSFT,208.4199981689453,209.77999877929688,206.92999267578125,203.20033264160156,21823900.0,1.0,-0.9139103932270984,226.78480535204503,192.56234278027918,50.68114731003234,-62.544188575750795,9.621683457187688,207.8690180460612,203.79848251342773,25.59000015258789,16.45213855858112
52,2020-09-15,NKE,119.69999694824219,120.4800033569336,119.18000030517578,115.78323364257812,5934200.0,1.0,3.6658744039140885,116.53574881947685,102.55808205210519,66.89374166535589,141.3873765257124,49.03526028692712,106.44673105875651,100.61035868326823,25.59000015258789,16.45213855858112
52,2020-09-15,PG,138.7899932861328,139.77000427246094,138.38999938964844,128.78323364257812,4046500.0,1.0,1.498845484726857,130.2466692355083,126.05077949496045,62.06099718428094,84.89606927708523,38.173265345340525,127.00887756347656,120.61097730000814,25.59000015258789,16.45213855858112
52,2020-09-15,TRV,114.47000122070312,114.68000030517578,112.05999755859375,104.876220703125,1042000.0,1.0,-0.44737365015501496,109.3459821681256,103.49710560042908,48.48354759554986,-85.27575105021845,5.8785966131216245,107.17540003458659,107.26732660929362,25.59000015258789,16.45213855858112
52,2020-09-15,UNH,310.04998779296875,311.4599914550781,306.04998779296875,294.6476135253906,1468300.0,1.0,-0.6562935367495584,305.7164365155656,289.7354433672469,50.93975488717094,-75.00263677717983,3.827116039788593,299.4298624674479,292.74759674072266,25.59000015258789,16.45213855858112
52,2020-09-15,V,206.75,208.2100067138672,204.77000427246094,201.13214111328125,6328600.0,1.0,1.1426958156055775,212.5060538719645,192.12803426280115,53.85859039575432,35.970681237831684,17.488250319863184,199.13088633219402,194.64976704915364,25.59000015258789,16.45213855858112
52,2020-09-15,VZ,60.11000061035156,61.099998474121094,60.099998474121094,50.66351318359375,9444300.0,1.0,0.5245224074345742,50.847847591102614,48.94172874861906,61.59297991306098,138.3429828042869,35.330381287063126,49.53794212341309,47.8860133488973,25.59000015258789,16.45213855858112
52,2020-09-15,WBA,35.20000076293945,35.70000076293945,34.869998931884766,30.644060134887695,8488400.0,1.0,-1.2338126333860835,36.208202617807295,29.24340470488557,38.578612604068354,-122.6610701247319,40.80541761150398,33.693006324768064,34.519193871816,25.59000015258789,16.45213855858112
52,2020-09-15,WMT,138.22999572753906,139.0800018310547,136.67999267578125,131.12509155273438,10142600.0,1.0,1.80855430668106,141.37330087277996,120.85108877565756,55.32265043709576,35.75587747849009,22.572086367347627,129.1259661356608,124.88207575480143,25.59000015258789,16.45213855858112
53,2020-09-16,AAPL,115.2300033569336,116.0,112.04000091552734,110.13917541503906,154679000.0,2.0,0.706818943350001,132.0215487382519,105.73048296951177,52.77691049687301,-59.709960350932654,6.8391768499349705,116.24447860717774,104.92321802775065,26.040000915527344,23.24328578976913
53,2020-09-16,AMGN,251.35000610351562,251.35000610351562,247.0,225.4019012451172,2325300.0,2.0,0.6073669431391693,235.08815478711745,213.31664562792162,52.58415059954384,60.15289414416198,7.110345946810572,221.9991190592448,223.42611541748047,26.040000915527344,23.24328578976913
53,2020-09-16,AXP,106.7300033569336,107.48999786376953,104.69000244140625,101.48628997802734,5798900.0,2.0,2.021799337027659,104.27327067616294,91.33635075328043,57.013333499343204,110.4735999778171,32.857997670629544,96.87035497029622,93.85230471293131,26.040000915527344,23.24328578976913
53,2020-09-16,BA,161.9499969482422,170.57000732421875,160.30999755859375,167.4600067138672,21851400.0,2.0,-2.5937454973644947,180.3879470333439,157.1970566287655,48.506270247089844,-71.85347176483359,6.219202692966286,170.74600118001302,173.41100107828777,26.040000915527344,23.24328578976913
53,2020-09-16,CAT,150.0,151.97999572753906,148.3699951171875,141.58465576171875,3302000.0,2.0,3.500611106013821,146.34280629155626,126.9021766186,60.11593055021155,99.73811587471334,34.76169448518822,134.46685028076172,128.7216433207194,26.040000915527344,23.24328578976913
53,2020-09-16,CRM,254.6699981689453,255.42999267578125,250.22999572753906,250.60000610351562,5441200.0,2.0,10.72638821012751,298.568457944629,196.25354522919912,60.080593764358895,49.47573370663656,27.290641997646464,231.02733459472657,211.41250076293946,26.040000915527344,23.24328578976913
53,2020-09-16,CSCO,40.720001220703125,41.16999816894531,40.38999938964844,36.603477478027344,24310200.0,2.0,-1.0709065281824124,39.258789763641225,35.60720068435682,40.27754419152749,-71.03917166054536,25.346119894231844,38.68510856628418,40.31144123077392,26.040000915527344,23.24328578976913
53,2020-09-16,CVX,76.3499984741211,79.4800033569336,75.95999908447266,69.03889465332031,13019000.0,2.0,-2.1600771098606515,78.41590234252568,66.26874044922236,42.27311361600585,-131.3956972638432,35.548941877840655,73.96855875651042,75.0377571105957,26.040000915527344,23.24328578976913
53,2020-09-16,DIS,132.1699981689453,133.6199951171875,131.39999389648438,132.08999633789062,6601000.0,2.0,1.6976671722110268,136.52277528557195,127.3182227918206,56.71578867095639,36.8112183872395,29.756087265392285,131.25399907430014,123.58666636149088,26.040000915527344,23.24328578976913
53,2020-09-16,GS,198.49000549316406,203.8000030517578,198.07000732421875,186.7570037841797,3571400.0,2.0,-0.9249940291095697,196.58523001402645,183.13935494691103,49.076802752381816,-101.44981233238471,7.6470296273207214,190.412060546875,189.285844930013,26.040000915527344,23.24328578976913
53,2020-09-16,HD,285.6099853515625,286.5799865722656,280.67999267578125,262.1401062011719,3379100.0,2.0,1.7949782851346185,272.4470664281152,250.39697348887702,57.15129543750752,39.33377324797806,17.987171045512696,259.9335728963216,248.54556579589843,26.040000915527344,23.24328578976913
53,2020-09-16,HON,169.2899932861328,171.36000061035156,168.47999572753906,160.40945434570312,3152000.0,2.0,3.10058233432639,164.00411615583135,147.4346457460241,59.974644810796285,101.56356091460506,35.029016753525426,153.14400482177734,145.87490717569986,26.040000915527344,23.24328578976913
53,2020-09-16,IBM,117.3135757446289,120.28680419921875,117.3135757446289,102.30903625488281,3962666.0,2.0,-0.2930370927761885,104.60755425769432,98.8442699305381,51.60443199233787,-4.893003756418527,24.592643292735435,102.23047459920248,100.6856295267741,26.040000915527344,23.24328578976913
53,2020-09-16,INTC,50.5099983215332,51.029998779296875,50.16999816894531,45.963035583496094,26531400.0,2.0,-0.3071325570422374,47.056162994616486,43.805911666638394,45.9222893185966,104.35394720627552,10.909375668972208,45.094930775960286,48.15373808542888,26.040000915527344,23.24328578976913
53,2020-09-16,JNJ,149.38999938964844,150.05999755859375,148.35000610351562,137.0362091064453,4323000.0,2.0,-0.009773865508549306,143.06074062689558,134.7870544780849,51.082719081029886,-33.13986270517112,3.318983213945465,138.0088623046875,135.5090030670166,26.040000915527344,23.24328578976913
53,2020-09-16,JPM,99.43000030517578,101.12999725341797,98.76000213623047,90.7110366821289,19270600.0,2.0,0.3317137521151352,94.38270981910128,88.3113140761624,50.44028860320164,-31.71121540246525,13.01607524581139,91.34852854410808,89.39991467793783,26.040000915527344,23.24328578976913
53,2020-09-16,KO,50.95000076293945,51.45000076293945,50.7400016784668,46.36583709716797,15353900.0,2.0,0.8381741126977005,47.51366609501079,42.16464277339742,59.10616223617151,116.40011510177023,35.41659293592868,44.382979202270505,43.076178487141924,26.040000915527344,23.24328578976913
53,2020-09-16,MCD,222.1699981689453,226.72000122070312,221.3000030517578,210.2146453857422,3463700.0,2.0,4.744941462467523,208.69135887941334,192.21906439939525,69.94028994838149,178.02606953902685,65.73291779372185,197.3074188232422,187.04185129801434,26.040000915527344,23.24328578976913
53,2020-09-16,MMM,167.8699951171875,171.10000610351562,167.50999450683594,149.6709747314453,2931700.0,2.0,1.8605812483064312,149.80531852053448,141.40552437497334,57.88968743630975,161.34474568363348,28.25136869648291,144.31463775634765,140.36517257690429,26.040000915527344,23.24328578976913
53,2020-09-16,MRK,80.62976837158203,82.15648651123047,80.62976837158203,74.20955657958984,10380230.0,2.0,0.625654990910192,74.70333442893471,71.88273658546959,57.87875105070273,72.9994327243353,15.991487565953527,72.52594935099283,70.02328097025553,26.040000915527344,23.24328578976913
53,2020-09-16,MSFT,210.6199951171875,210.64999389648438,204.63999938964844,199.57000732421875,26328100.0,2.0,-1.340312686467854,226.99135175507962,191.77864336210786,48.99255549190919,-78.35408340824034,13.971923764721803,207.61837921142578,203.87899932861328,26.040000915527344,23.24328578976913
53,2020-09-16,NKE,118.30999755859375,119.69000244140625,118.16000366210938,115.12311553955078,7023700.0,2.0,3.6630397699449304,116.9475956533312,103.29721864720591,65.78180908201193,124.87498237297217,40.66965333020097,107.1416414896647,100.92262090047201,26.040000915527344,23.24328578976913
53,2020-09-16,PG,139.57000732421875,140.1699981689453,137.60000610351562,127.91926574707031,6049900.0,2.0,1.371511342459769,130.2100935404051,126.19790435388202,60.19947262953072,65.28570370908508,28.45695556651397,127.129953511556,120.93129234313965,26.040000915527344,23.24328578976913
53,2020-09-16,TRV,112.3499984741211,114.94999694824219,112.11000061035156,105.83007049560547,1048900.0,2.0,-0.45665374351357,109.31287967781684,103.44594371695855,49.49003061206759,-70.10588598615931,7.207072689375591,107.2039286295573,107.2331724802653,26.040000915527344,23.24328578976913
53,2020-09-16,UNH,309.07000732421875,312.25,306.20001220703125,293.9667053222656,3438200.0,2.0,-0.7709003787203415,305.10913691890954,289.4805695019889,50.61126517352208,-78.33562276393671,2.1095526137300267,299.5343861897787,292.98817443847656,26.040000915527344,23.24328578976913
53,2020-09-16,V,206.74000549316406,207.75,204.9499969482422,200.87750244140625,6135000.0,2.0,1.0566244279309558,212.22106043365656,193.01233800384344,53.67351216239992,29.212567739613522,17.488250319863184,199.55948791503906,194.8205556233724,26.040000915527344,23.24328578976913
53,2020-09-16,VZ,60.529998779296875,60.93000030517578,60.31999969482422,50.47123336791992,12699000.0,2.0,0.5139737104197337,50.909414762759084,48.97964964458954,60.31519726105444,123.1893729195416,35.330381287063126,49.606496810913086,47.96025454203288,26.040000915527344,23.24328578976913
53,2020-09-16,WBA,35.38999938964844,36.88999938964844,35.220001220703125,31.521587371826172,8223500.0,2.0,-1.142671960766176,35.81014138695506,29.252224907905777,41.89581067792957,-87.16577402249334,20.02067795655208,33.571807289123534,34.42552417119344,26.040000915527344,23.24328578976913
53,2020-09-16,WMT,138.41000366210938,138.67999267578125,136.0500030517578,130.07501220703125,9286800.0,2.0,1.5158899937700596,141.39206574171234,120.98028685838531,54.07484467224769,22.42209412388348,19.839423679882202,129.29012654622395,125.1219721476237,26.040000915527344,23.24328578976913
54,2020-09-17,AAPL,109.72000122070312,112.19999694824219,108.70999908447266,108.38097381591797,178011000.0,3.0,0.1287028232661811,132.39494165972383,104.82987142011015,51.46511460890626,-95.85513326952525,15.046528482014857,116.26005045572917,105.23217379252115,26.459999084472656,14.416878886284278
54,2020-09-17,AMGN,243.52999877929688,249.72000122070312,243.02000427246094,225.69305419921875,2801100.0,3.0,0.6761962019152463,235.14452977913896,213.95077814322434,52.7429638554589,32.745258768101934,2.4170356337779455,222.2482940673828,223.63685607910156,26.459999084472656,14.416878886284278
54,2020-09-17,AXP,104.2699966430664,105.3499984741211,103.31999969482422,100.2222671508789,3215300.0,3.0,1.9078416312914896,104.27410613785256,92.0795697044326,55.39758920286315,69.77211712784022,23.88201506759663,97.16625264485677,93.94310213724772,26.459999084472656,14.416878886284278
54,2020-09-17,BA,164.6300048828125,168.4600067138672,161.0500030517578,167.52999877929688,19717800.0,3.0,-2.277226079798538,180.31196694386566,157.0990361689273,48.53434585446251,-72.52857498886995,6.219202692966286,170.52100118001303,173.07183430989582,26.459999084472656,14.416878886284278
54,2020-09-17,CAT,149.85000610351562,156.25,149.14999389648438,144.17068481445312,4487000.0,3.0,3.6039227802183973,147.0050862828848,127.72498268684176,61.84447480693208,125.52267531891754,44.77883526262848,135.05713806152343,129.16761461893717,26.459999084472656,14.416878886284278
54,2020-09-17,CRM,246.1199951171875,248.82000732421875,241.30999755859375,244.52999877929688,5279500.0,3.0,9.545136810058864,296.56001611297984,202.2039868777428,57.880158218289466,30.18323778016519,13.636033764406447,232.42366790771484,212.3370007832845,26.459999084472656,14.416878886284278
54,2020-09-17,CSCO,39.65999984741211,40.400001525878906,39.5099983215332,36.55820083618164,22225900.0,3.0,-1.0233612871914985,39.21601702766631,35.514136246869825,40.144682740926214,-92.63995723435822,35.463653236116066,38.475014241536456,40.239830780029294,26.459999084472656,14.416878886284278
54,2020-09-17,CVX,77.52999877929688,78.8499984741211,76.37000274658203,69.24102783203125,10515100.0,3.0,-2.077570054629774,77.98742788473437,66.02932321389845,42.599502459871054,-118.50300794087282,35.54894187784067,73.75850346883138,74.87150967915854,26.459999084472656,14.416878886284278
54,2020-09-17,DIS,130.5500030517578,131.77000427246094,128.60000610351562,130.22000122070312,6723500.0,3.0,1.4191788741925109,136.29739373054508,127.78860480461115,54.514934876409654,-47.76061420935439,12.227221768352566,131.34099909464518,123.81383310953775,26.459999084472656,14.416878886284278
54,2020-09-17,GS,198.2100067138672,199.88999938964844,194.50999450683594,181.31288146972656,4274800.0,3.0,-1.42608889590295,197.23517650784603,181.84093433199772,45.94744901846699,-181.35975321473464,3.2661218520863926,190.14965057373047,189.15063196818033,26.459999084472656,14.416878886284278
54,2020-09-17,HD,277.9100036621094,282.7200012207031,276.9599914550781,260.5856628417969,3166600.0,3.0,1.700540360369871,272.38479139500976,250.32743394678712,56.162765663812145,-6.057288210797905,8.54139498702574,260.3643183390299,249.02590459187826,26.459999084472656,14.416878886284278
54,2020-09-17,HON,168.0399932861328,171.4499969482422,166.7100067138672,160.7302703857422,2661400.0,3.0,3.146153194732733,164.08089791157312,148.63075827739175,60.18883315351173,91.52361790066676,25.316256196751986,153.78463541666667,146.28842493693034,26.459999084472656,14.416878886284278
54,2020-09-17,IBM,117.22753143310547,120.02867889404297,116.60611724853516,102.88556671142578,3317180.0,3.0,-0.1426570213763796,104.69669670326778,98.84407859580449,52.40644268801918,-10.65038506574939,19.245311634476792,102.2604362487793,100.78244895935059,26.459999084472656,14.416878886284278
54,2020-09-17,INTC,49.369998931884766,50.4900016784668,49.29999923706055,45.91740798950195,26959900.0,3.0,-0.2481640540518839,47.03311931207282,44.010545238708424,45.81630812551237,49.35040800070121,0.3929163404385019,45.14755210876465,48.01388416290283,26.459999084472656,14.416878886284278
54,2020-09-17,JNJ,148.0399932861328,148.6300048828125,146.0500030517578,135.900390625,5461400.0,3.0,-0.1519062467225183,143.1565913162038,134.48568010713603,49.30791326617971,-95.74177376331912,13.807609841527896,138.00120290120444,135.5898728688558,26.459999084472656,14.416878886284278
54,2020-09-17,JPM,98.69999694824219,99.33999633789062,97.70999908447266,89.67381286621094,18290100.0,3.0,0.1594200680291067,94.38210606966244,88.31282724942936,49.244119700993615,-97.81164184289139,6.7529511040678765,91.38947092692057,89.42379887898763,26.459999084472656,14.416878886284278
54,2020-09-17,KO,50.220001220703125,50.630001068115234,49.939998626708984,46.1467399597168,13287100.0,3.0,0.8143532283400532,47.57212577831092,42.431206741220336,58.20469353756677,76.35488468581117,18.112017716623953,44.49584833780924,43.15645955403646,26.459999084472656,14.416878886284278
54,2020-09-17,MCD,223.6999969482422,223.72999572753906,220.5,208.12942504882812,3376600.0,3.0,4.774171670813473,209.5817140771402,192.66480386719576,67.08448923071654,145.32188951283123,59.698407722724056,198.07041015625,187.61919047037762,26.459999084472656,14.416878886284278
54,2020-09-17,MMM,168.0,173.1999969482422,167.19000244140625,152.20509338378906,2756100.0,3.0,2.1666792465268827,151.046933066287,141.03707114513878,59.84836195335375,201.4992784681728,34.97593962227027,144.85710957845052,140.60009587605794,26.459999084472656,14.416878886284278
54,2020-09-17,MRK,81.46946716308594,81.84160614013672,80.58206176757812,74.270263671875,8090455.0,3.0,0.6716108015901909,74.82145150190065,71.87076575273802,58.00148645651274,65.29547692420579,15.296601648746124,72.65862197875977,70.15447743733723,26.459999084472656,14.416878886284278
54,2020-09-17,MSFT,200.0500030517578,204.3300018310547,199.9600067138672,197.48721313476562,34011300.0,3.0,-1.8252631628211873,227.31479547657574,190.79434758983052,48.04254517884716,-119.64956960024617,22.15734955445604,207.30964101155598,203.90311864217122,26.459999084472656,14.416878886284278
54,2020-09-17,NKE,117.33999633789062,118.55000305175781,115.80000305175781,112.95832061767578,7376400.0,3.0,3.446384666714735,117.00621015104862,104.03556307282834,62.27031144705787,93.54441527878724,23.521129238962317,107.64783503214518,101.15989685058594,26.459999084472656,14.416878886284278
54,2020-09-17,PG,137.05999755859375,137.8800048828125,136.19000244140625,127.75205993652344,4648500.0,3.0,1.2427800114381142,130.05470175628443,126.51586632843237,59.840121097186874,9.820530021345002,13.26130096089681,127.25629374186198,121.24912859598795,26.459999084472656,14.416878886284278
54,2020-09-17,TRV,112.41000366210938,113.41999816894531,111.05999755859375,105.29702758789062,1196900.0,3.0,-0.5012423820194414,109.3044520573204,103.4773724360878,48.93730953211965,-103.34347347502332,1.2652243091902635,107.1534309387207,107.19075304667155,26.459999084472656,14.416878886284278
54,2020-09-17,UNH,304.5,307.3800048828125,302.1099853515625,292.48980712890625,2394100.0,3.0,-0.9697221150199766,304.72096233212164,288.99354877627684,49.88939612570173,-128.59389448772677,10.319806657104357,299.3359375,293.1256591796875,26.459999084472656,14.416878886284278
54,2020-09-17,V,202.85000610351562,205.5800018310547,202.0,201.01461791992188,7474900.0,3.0,0.9880862629058527,212.07468372996703,193.57784312550172,53.76202058278031,2.462246387177377,7.523367916603465,199.86848042805988,194.94457728068033,26.459999084472656,14.416878886284278
54,2020-09-17,VZ,60.599998474121094,60.9900016784668,60.099998474121094,50.6551628112793,14996200.0,3.0,0.514524245728289,50.983487078455234,49.0343271763055,61.11349608131703,115.1312553052093,29.679567078344903,49.69149347941081,48.047482109069826,26.459999084472656,14.416878886284278
54,2020-09-17,WBA,35.709999084472656,37.279998779296875,35.5099983215332,32.32960891723633,7251300.0,3.0,-0.993785989013972,35.4705352918041,29.327702890263783,44.738690787664964,-65.13996157883756,14.11914423068227,33.48097820281983,34.35147733688355,26.459999084472656,14.416878886284278
54,2020-09-17,WMT,135.42999267578125,137.57000732421875,135.02000427246094,130.48550415039062,12415000.0,3.0,1.3020652883240587,141.35363202986076,121.4272929579322,54.48994885652048,10.368929053313911,15.345137246624201,129.52596232096354,125.3783753712972,26.459999084472656,14.416878886284278
55,2020-09-18,AAPL,110.4000015258789,110.87999725341797,106.08999633789062,104.94309997558594,287104900.0,4.0,-0.5999502019344334,133.10791527631304,102.99370062944868,49.001481490453756,-121.11240420282212,20.906952040822173,116.03552551269532,105.51026357014975,25.829999923706055,10.850965907234043
55,2020-09-18,AMGN,248.69000244140625,249.83999633789062,242.35000610351562,225.3655242919922,6042400.0,4.0,0.6962885778508507,234.97276220418,214.9404183378122,52.538182094053326,26.171876559477955,3.9543913130799995,222.48414052327473,223.89093831380208,25.829999923706055,10.850965907234043
55,2020-09-18,AXP,104.45999908447266,106.12000274658203,103.30999755859375,99.05400085449219,6630300.0,4.0,1.7036217113443541,104.01217102862039,92.98501067303978,53.93613173539689,62.814064691519704,26.851197702718643,97.40629119873047,94.07702662150065,25.829999923706055,10.850965907234043
55,2020-09-18,BA,165.66000366210938,169.72000122070312,161.02000427246094,161.13999938964844,22057100.0,4.0,-2.513033027833643,180.36030019540527,156.2067026732471,46.15754509514536,-88.98264861097402,8.9507397426164,170.15233459472657,172.81266759236652,25.829999923706055,10.850965907234043
55,2020-09-18,CAT,153.67999267578125,156.2100067138672,152.05999755859375,142.78396606445312,5113500.0,4.0,3.5331731912878865,147.10034996820008,129.02673438238588,60.39255481010074,120.96759156465428,44.77883526262847,135.61931635538738,129.65541903177896,25.829999923706055,10.850965907234043
55,2020-09-18,CRM,245.1300048828125,248.11000061035156,238.7100067138672,242.77999877929688,6595600.0,4.0,8.371277316443184,294.50352474596144,207.5874786720073,57.25475788435221,23.887266977445204,9.96074726475574,233.59000142415366,213.29083404541015,25.829999923706055,10.850965907234043
55,2020-09-18,CSCO,40.18000030517578,40.31999969482422,39.58000183105469,36.05107879638672,44450800.0,4.0,-1.0149026851772263,39.134838830435314,35.36891902784106,38.666813778408965,-103.03945809068647,35.46365323611608,38.23473409016927,40.17055028279622,25.829999923706055,10.850965907234043
55,2020-09-18,CVX,77.87999725341797,79.1500015258789,77.5,68.73131561279297,14517800.0,4.0,-2.0299125666857947,77.74461693939068,65.692123172914,41.98032706994653,-102.70810233342868,32.894870366027206,73.52366053263346,74.75163383483887,25.829999923706055,10.850965907234043
55,2020-09-18,DIS,129.5,130.7899932861328,128.1199951171875,128.6300048828125,9916300.0,4.0,1.0579797433868237,136.22896422333608,127.90803528838266,52.715626916581975,-86.04271726588443,9.51601624586244,131.26799901326498,124.08983319600424,25.829999923706055,10.850965907234043
55,2020-09-18,GS,195.00999450683594,196.64999389648438,192.3800048828125,181.3407745361328,9066300.0,4.0,-1.800207776031698,197.71980703159272,180.81884195522366,45.96571064612006,-193.77065956251633,9.156352721481973,189.89649607340496,189.12010243733724,25.829999923706055,10.850965907234043
55,2020-09-18,HD,278.4100036621094,279.8299865722656,270.80999755859375,256.145751953125,6072900.0,4.0,1.2529902303567155,272.42721755921264,249.91104538024047,53.43198037196695,-77.3452748887079,4.911782216281587,260.58873494466144,249.49674962361652,25.829999923706055,10.850965907234043
55,2020-09-18,HON,169.47999572753906,170.47000122070312,167.6999969482422,159.18283081054688,4908000.0,4.0,3.0225607893975166,163.49295296292738,150.4010198153929,58.623477256904806,81.05074982136213,25.316256196751972,154.31863861083986,146.77795486450196,25.829999923706055,10.850965907234043
55,2020-09-18,IBM,118.79541015625,119.42638397216797,117.25621032714844,101.10655212402344,5639614.0,4.0,-0.1651278496578925,104.6920572695682,98.8165967526486,49.77343173932788,-40.76837510207486,19.245311634476778,102.21294123331705,100.89013125101725,25.829999923706055,10.850965907234043
55,2020-09-18,INTC,50.33000183105469,50.5,49.040000915527344,45.525020599365234,50123500.0,4.0,-0.2304371377706147,47.034362173691285,44.07500290809582,44.89456528027472,23.411457914971994,3.533359506173825,45.18770230611165,47.880028279622394,25.829999923706055,10.850965907234043
55,2020-09-18,JNJ,146.50999450683594,149.64999389648438,146.1999969482422,137.75650024414062,12174000.0,4.0,-0.1134666755288265,143.12509413283786,134.4027790971426,52.120123629176355,-57.65752380398671,5.515980642276295,138.08140411376954,135.7481548309326,25.829999923706055,10.850965907234043
55,2020-09-18,JPM,97.88999938964844,99.48999786376953,97.44000244140625,89.48274230957031,20121600.0,4.0,0.0073732903034340325,94.2787814791529,88.50531581088616,49.02257792356254,-107.88451984545081,5.151194554235836,91.4231351216634,89.49360631306966,25.829999923706055,10.850965907234043
55,2020-09-18,KO,50.75,51.15999984741211,50.209999084472656,46.055450439453125,23816600.0,4.0,0.7791274087414806,47.56586187663029,42.755177323198815,57.824558680255215,83.2370136126327,24.907675923276965,44.59782625834147,43.25016085306803,25.829999923706055,10.850965907234043
55,2020-09-18,MCD,221.6199951171875,223.57000732421875,220.1300048828125,205.96942138671875,3861400.0,4.0,4.570358331989581,209.89062530788948,193.44158904757927,64.27226548700116,125.9556369475869,56.874479952940106,198.63992818196616,188.19663060506184,25.829999923706055,10.850965907234043
55,2020-09-18,MMM,172.05999755859375,172.77999877929688,169.47000122070312,149.706298828125,4084500.0,4.0,2.182474075489637,151.38215781574996,141.41262978190628,57.13741357538887,181.4228589322888,34.97593962227027,145.29732971191407,140.8753308614095,25.829999923706055,10.850965907234043
55,2020-09-18,MRK,81.65076446533203,82.34732818603516,81.04962158203125,74.41769409179688,12308446.0,4.0,0.7117232132381872,74.95543366834704,71.8576728685182,58.306701409298775,87.78464270820243,20.68128467577082,72.81314188639323,70.30606803894042,25.829999923706055,10.850965907234043
55,2020-09-18,MSFT,202.8000030517578,203.64999389648438,196.25,195.0345458984375,55225300.0,4.0,-2.3800637638555884,227.67206436916655,189.0560011215561,46.93388048131429,-134.28245491112352,27.96546251538822,206.80878448486328,203.9522216796875,25.829999923706055,10.850965907234043
55,2020-09-18,NKE,115.43000030517578,117.91000366210938,114.48999786376953,111.30802154541016,12876600.0,4.0,3.10571781178993,116.71956436534,104.99094512562678,59.754787670049176,71.7821744964233,15.188893772708695,108.11483993530274,101.39937222798666,25.829999923706055,10.850965907234043
55,2020-09-18,PG,136.91000366210938,137.92999267578125,136.25999450683594,127.61270904541016,10192800.0,4.0,1.11664308543277,130.0247959569211,126.59407916514924,59.53373322323145,3.732127025015,13.648415530755663,127.40059407552083,121.58479741414388,25.829999923706055,10.850965907234043
55,2020-09-18,TRV,112.0,113.19000244140625,111.33999633789062,104.37123107910156,2294700.0,4.0,-0.6043170495611179,109.31131815695191,103.46311345315551,47.97464123947657,-108.52432355387614,1.2652243091902597,107.11353149414063,107.18441594441732,25.829999923706055,10.850965907234043
55,2020-09-18,UNH,305.010009765625,310.3900146484375,303.7699890136719,295.40521240234375,3795400.0,4.0,-0.8818752243249719,304.4684475607466,288.8601260476518,51.30761704885955,-82.12568404915514,3.4913025351653553,299.1840494791667,293.4457672119141,25.829999923706055,10.850965907234043
55,2020-09-18,V,205.47000122070312,205.72000122070312,201.72000122070312,198.40975952148438,9084100.0,4.0,0.7153330560973927,212.12288861818234,193.378831047345,51.816463940378256,-14.438416727854618,6.605970449151734,200.0036198933919,195.1320894877116,25.829999923706055,10.850965907234043
55,2020-09-18,VZ,60.18000030517578,60.939998626708984,60.150001525878906,50.454505920410156,22584500.0,4.0,0.4930852351374071,50.99938510217871,49.1346366568545,59.756885211158526,100.24999877741544,29.67956707834488,49.76172014872233,48.14528223673503,25.829999923706055,10.850965907234043
55,2020-09-18,WBA,37.209999084472656,37.25,36.439998626708984,32.086334228515625,12823700.0,4.0,-0.8852187670660214,35.18731342182655,29.36938690318565,44.067163847512894,-53.66008446811882,14.119144230682268,33.379749615987144,34.2968544960022,25.829999923706055,10.850965907234043
55,2020-09-18,WMT,136.44000244140625,137.52999877929688,134.75,129.14901733398438,18236400.0,4.0,1.0130861259014807,141.13019425412003,122.10130370120223,52.88011100863438,-2.016628791298465,14.145588804818543,129.73182576497396,125.6247044881185,25.829999923706055,10.850965907234043
56,2020-09-21,AAPL,104.54000091552734,110.19000244140625,103.0999984741211,108.1255874633789,195713800.0,0.0,-0.9101215166473366,132.89966763263112,101.79831897015207,51.23687824751477,-119.52086181140074,27.046375325245847,116.00172017415365,105.82186724344889,27.780000686645508,28.6953745444275
56,2020-09-21,AMGN,247.0399932861328,247.0399932861328,238.1999969482422,221.2443389892578,2745300.0,0.0,0.37534003253554715,234.52548880523983,215.89260811858827,50.01072201467162,-28.021506817765026,13.026844040989815,222.6085205078125,224.03717346191405,27.780000686645508,28.6953745444275
56,2020-09-21,AXP,100.5999984741211,100.62999725341797,96.22000122070312,94.00743865966797,8339900.0,0.0,1.1216310951451618,103.68594610326198,93.50466974146457,48.24821060981648,-85.75989662361978,8.340702975881262,97.37468948364258,94.08918711344401,27.780000686645508,28.6953745444275
56,2020-09-21,BA,157.8300018310547,158.8300018310547,154.1999969482422,156.35000610351562,23125300.0,0.0,-3.051251234699862,180.93175321868625,154.52025026031765,44.46882902834709,-167.18163276578596,6.762436324083636,169.69666798909506,172.50383427937825,27.780000686645508,28.6953745444275
56,2020-09-21,CAT,148.55999755859375,149.5,143.8699951171875,136.16900634765625,4278200.0,0.0,2.9097894255005485,146.58846259329914,130.1851290204704,54.12236588369446,16.246577710755066,8.32439145863662,135.94444274902344,129.99189949035645,27.780000686645508,28.6953745444275
56,2020-09-21,CRM,238.97000122070312,245.1300048828125,236.8000030517578,245.0500030517578,5561600.0,0.0,7.537270620200474,291.42730015375963,214.41570369145526,57.865666722307566,19.260604900236373,7.237128084177173,235.05666809082032,214.23600082397462,27.780000686645508,28.6953745444275
56,2020-09-21,CSCO,39.310001373291016,39.470001220703125,38.689998626708984,35.353790283203125,28495000.0,0.0,-1.0523338876687092,39.1067357449435,35.10633188200962,36.74281999042328,-138.4591185442887,44.20282427240437,37.98147392272949,40.08261000315348,27.780000686645508,28.6953745444275
56,2020-09-21,CVX,76.23999786376953,76.6500015258789,74.68000030517578,67.05278778076172,16199100.0,0.0,-2.1033408283539927,77.52230538668945,65.14284277615235,39.99974370626263,-132.5281384120254,43.926957741628364,73.25221481323243,74.58111381530762,27.780000686645508,28.6953745444275
56,2020-09-21,DIS,125.9800033569336,126.88999938964844,123.58999633789062,125.41000366210938,10352700.0,0.0,0.5060660279315528,136.6669773054808,127.26702232830827,49.306249047664124,-207.10012951522143,11.944148555703682,131.11733271280926,124.32399991353353,27.780000686645508,28.6953745444275
56,2020-09-21,GS,189.89999389648438,194.1699981689453,187.47000122070312,180.5404510498047,4871300.0,0.0,-2.136649139417642,198.21385722652883,179.65364765628368,45.50934137247877,-212.94261200868928,21.008620158962213,189.49271138509116,188.93624776204427,27.780000686645508,28.6953745444275
56,2020-09-21,HD,271.8699951171875,272.8999938964844,266.5299987792969,253.50234985351562,3548000.0,0.0,0.6771967674960706,272.48224346945875,248.9816084592522,51.878385584005166,-145.02408178366804,12.93935074556917,260.6549769083659,249.93511225382488,27.780000686645508,28.6953745444275
56,2020-09-21,HON,164.82000732421875,165.17999267578125,158.58999633789062,152.26634216308594,4459600.0,0.0,2.3395413114668315,162.84842062789633,151.41072091263104,52.330614893316856,-35.25644228121608,11.938208097483392,154.54296417236327,147.0879379272461,27.780000686645508,28.6953745444275
56,2020-09-21,IBM,115.181640625,115.3919677734375,113.36520385742188,99.03927612304688,5555724.0,0.0,-0.3457623066554163,104.81259591013048,98.45638449758437,46.9385197288572,-200.52631883436007,6.086264621076599,102.08363342285156,100.9279946645101,27.780000686645508,28.6953745444275
56,2020-09-21,INTC,49.38999938964844,49.75,48.83000183105469,45.36989974975586,27377100.0,0.0,-0.22629677668978587,47.031664780133866,44.11785113478312,44.52820928433316,-20.68127927154524,6.0897332050103,45.23910687764486,47.75234845479329,27.780000686645508,28.6953745444275
56,2020-09-21,JNJ,147.5800018310547,147.92999267578125,142.9600067138672,133.98892211914062,7574500.0,0.0,-0.3826046775790246,143.25588082367864,133.6579161733917,46.68211310683762,-164.81545319566396,24.254570492179226,138.00391438802083,135.84593696594237,27.780000686645508,28.6953745444275
56,2020-09-21,JPM,95.19999694824219,96.05000305175781,93.81999969482422,86.71684265136719,28378800.0,0.0,-0.3324772722762219,94.64633805813497,87.95488111911112,45.92837864602437,-243.51988904205604,13.459065116157069,91.29970067342123,89.46775754292806,27.780000686645508,28.6953745444275
56,2020-09-21,KO,49.75,50.02000045776367,48.61000061035156,44.81391143798828,17514800.0,0.0,0.6436097390389577,47.40772004609634,43.113210053390965,52.958492602715495,6.094198156005592,1.4772691046289275,44.648760096232095,43.318943913777666,27.780000686645508,28.6953745444275
56,2020-09-21,MCD,217.13999938964844,218.0500030517578,213.39999389648438,202.3599853515625,2831800.0,0.0,4.070659441707818,209.83525712704747,194.06459944033534,59.92940537038902,41.317989539052235,16.737350665547137,199.04512786865234,188.73761927286785,27.780000686645508,28.6953745444275
56,2020-09-21,MMM,165.97999572753906,166.6699981689453,159.63999938964844,142.47482299804688,3911700.0,0.0,1.5931075752634456,151.41554586503264,141.3483381071353,50.31433515746857,-84.50288858991398,10.095123060166474,145.4285420735677,140.9943120320638,27.780000686645508,28.6953745444275
56,2020-09-21,MRK,81.03053283691406,81.4312973022461,78.33015441894531,72.0934829711914,10445311.0,0.0,0.5496323556122604,75.00753996486668,71.69834153537747,52.12854092975162,-59.59375729761925,11.616140436843438,72.89104868570963,70.40887680053712,27.780000686645508,28.6953745444275
56,2020-09-21,MSFT,197.19000244140625,202.7100067138672,196.3800048828125,197.1270751953125,39839700.0,0.0,-2.620687951652002,227.80551468442385,187.90255568911132,47.99311285523686,-119.44898956894578,27.965462515388218,206.5029286702474,203.99574508666993,27.780000686645508,28.6953745444275
56,2020-09-21,NKE,112.94999694824219,114.05999755859375,111.73999786376953,110.05573272705078,8486400.0,0.0,2.7035231016316885,116.52177245192456,105.5637049955852,57.91813488824501,22.786641973662938,0.044954896932959454,108.49457626342773,101.59666646321615,27.780000686645508,28.6953745444275
56,2020-09-21,PG,137.0,137.47000122070312,134.6999969482422,126.99956512451172,7092600.0,0.0,0.9561808154089562,130.06852042327526,126.48253624786734,58.17787921819874,-47.49847743947542,1.0793607807230239,127.49844462076823,121.8876303354899,27.780000686645508,28.6953745444275
56,2020-09-21,TRV,109.23999786376953,110.37999725341797,107.19999694824219,102.35132598876953,1884100.0,0.0,-0.8393187814842236,109.56206911579439,103.06795102580718,45.93515649693458,-192.4855852723609,18.968995302568185,106.89430440266928,107.1171880086263,27.780000686645508,28.6953745444275
56,2020-09-21,UNH,300.4700012207031,300.5299987792969,291.6600036621094,286.93682861328125,4124700.0,0.0,-1.4785400398671982,304.76262847992103,287.2558010855086,47.28624774003128,-211.68349797456966,23.780969304750922,298.6553232828776,293.5126698811849,27.780000686645508,28.6953745444275
56,2020-09-21,V,199.91000366210938,201.25,194.6999969482422,193.3567352294922,9656000.0,0.0,0.0903953231273249,212.63408347917255,192.213482743972,48.30829477360665,-100.31072207470115,13.234303686925141,200.0488749186198,195.1935028076172,27.780000686645508,28.6953745444275
56,2020-09-21,VZ,60.0,60.08000183105469,59.02000045776367,49.83584976196289,15871400.0,0.0,0.42131759613580044,50.96440895903069,49.221446906447824,55.8058031883124,0.9651659466416117,4.154121189836995,49.79181734720866,48.22794882456461,27.780000686645508,28.6953745444275
56,2020-09-21,WBA,36.75,36.869998931884766,35.59000015258789,31.09585952758789,7484700.0,0.0,-0.869083241487747,34.912143322983326,29.32569141670173,41.44691749957378,-73.22027412637425,23.488642509857613,33.22746651967366,34.213268693288164,27.780000686645508,28.6953745444275
56,2020-09-21,WMT,136.5,137.24000549316406,135.2899932861328,130.8482666015625,15758500.0,0.0,0.910685457304254,140.9795289906387,122.7712797251816,54.64261227100237,5.441382145377651,14.145588804818543,129.9746836344401,125.9087028503418,27.780000686645508,28.6953745444275
57,2020-09-22,AAPL,112.68000030517578,112.86000061035156,109.16000366210938,109.82486724853516,183055400.0,1.0,-1.0072063927016899,132.2620025367667,101.05617449570403,52.38958922196796,-78.53758602794316,18.28217401405576,115.9716791788737,106.20758883158366,26.860000610351562,17.3090496625936
57,2020-09-22,AMGN,241.5500030517578,248.2899932861328,240.89999389648438,225.1653594970703,2172600.0,1.0,0.43239520098828166,233.53356867291646,217.96986913225933,52.27065204386658,6.760746761168532,9.690723338166404,222.93951314290365,224.2829490661621,26.860000610351562,17.3090496625936
57,2020-09-22,AXP,98.01000213623047,99.77999877929688,96.41000366210938,94.3042984008789,4884400.0,1.0,0.6765545393575536,103.77368735180282,93.33553124560929,48.57819999930784,-82.91215893887083,8.34070297588125,97.27446034749349,94.17667872111002,26.860000610351562,17.3090496625936
57,2020-09-22,BA,156.80999755859375,160.07000732421875,154.9499969482422,156.8000030517578,17768900.0,1.0,-3.4022628797102072,179.73937580088477,153.5656275560488,44.665575634583774,-142.75141498469748,3.8513935557025545,168.94300130208333,172.28366775512694,26.860000610351562,17.3090496625936
57,2020-09-22,CAT,145.00999450683594,147.5,144.5,137.87428283691406,2579500.0,1.0,2.5242567998757295,146.41188827677567,130.87422622517747,55.35839273244015,15.178737299901558,8.324391458636619,136.1046635945638,130.39276072184245,26.860000610351562,17.3090496625936
57,2020-09-22,CRM,246.74000549316406,248.57000732421875,241.25999450683594,247.77999877929688,3600800.0,1.0,7.015729185509741,287.3807907838523,222.39421226790552,58.60175367636125,25.337837104071237,11.459336994575729,236.74400126139324,215.31283416748047,26.860000610351562,17.3090496625936
57,2020-09-22,CSCO,39.18000030517578,39.459999084472656,38.880001068115234,35.60735321044922,17656800.0,1.0,-1.0494406773313543,39.01490003150916,34.93917292076135,37.90511824553187,-123.84403256742195,44.20282427240437,37.727610397338864,39.98257306416829,26.860000610351562,17.3090496625936
57,2020-09-22,CVX,76.1500015258789,77.52999877929688,75.3499984741211,66.37611389160156,9155000.0,1.0,-2.190880080609901,76.85846836747928,64.78111369428831,39.22792243140941,-117.63551035872786,36.44434179600697,72.87360305786133,74.43902206420898,26.860000610351562,17.3090496625936
57,2020-09-22,DIS,125.26000213623047,127.47000122070312,124.69999694824219,127.20999908447266,6978800.0,1.0,0.21147724150492309,136.92943927957688,126.65656001851882,51.13385458879037,-154.14021504583425,9.02028105441798,131.06466623942057,124.62583325703939,26.860000610351562,17.3090496625936
57,2020-09-22,GS,194.0,196.13999938964844,188.42999267578125,178.32559204101562,3355800.0,1.0,-2.5525774317810885,198.5647167274043,177.95597113880666,44.25153289435906,-186.05169132648857,14.596151043684527,188.98087158203126,188.9915974934896,26.860000610351562,17.3090496625936
57,2020-09-22,HD,271.67999267578125,273.5199890136719,270.6300048828125,254.3959503173828,2972000.0,1.0,0.2896435584693222,272.0265332388348,248.32634914641912,52.36276584246254,-115.92546964666691,11.481979138438811,260.6556365966797,250.45580546061197,26.860000610351562,17.3090496625936
57,2020-09-22,HON,160.85000610351562,163.0,160.1199951171875,153.50241088867188,2501000.0,1.0,1.876354424400148,162.3630333109671,152.20843580524385,53.25821786527779,-35.64579050721315,11.938208097483388,154.67337951660156,147.48498407999674,26.860000610351562,17.3090496625936
57,2020-09-22,IBM,115.03823852539062,116.1089859008789,114.27342224121094,99.2534408569336,3093859.0,1.0,-0.466260351951334,104.64049275229428,98.20268275429751,47.26044215712373,-153.79189114746598,1.8252948183640518,101.90243911743164,100.99435857137044,26.860000610351562,17.3090496625936
57,2020-09-22,INTC,49.88999938964844,50.209999084472656,49.470001220703125,45.579776763916016,22290900.0,1.0,-0.2037316974861767,47.02712103880098,44.19630768739531,45.15463192755733,23.758162523928096,0.10864877133499452,45.26131121317545,47.643423589070636,26.860000610351562,17.3090496625936
57,2020-09-22,JNJ,144.69000244140625,145.35000610351562,143.72000122070312,133.1670684814453,5295900.0,1.0,-0.6546685912797443,143.33218721533683,132.8484112343702,45.60828728767909,-184.3641157233732,24.254570492179223,137.9164581298828,135.9584587097168,26.860000610351562,17.3090496625936
57,2020-09-22,JPM,94.95999908447266,95.66000366210938,93.66999816894531,85.7706069946289,19257000.0,1.0,-0.6704362295667607,95.1995915516322,86.87483014026235,44.92486097985822,-224.26154604489082,14.13222604234382,91.10651143391927,89.50678253173828,26.860000610351562,17.3090496625936
57,2020-09-22,KO,49.11000061035156,50.040000915527344,49.06999969482422,45.334266662597656,13034600.0,1.0,0.5716101611606419,47.32400537266737,43.38636717066758,54.61443869772478,22.725417074296423,1.1916443906848195,44.71945419311523,43.416925684611,26.860000610351562,17.3090496625936
57,2020-09-22,MCD,216.42999267578125,216.9600067138672,214.5500030517578,202.3599853515625,2475600.0,1.0,3.632768180755363,209.80768988003388,194.56219689975126,59.92940537038902,37.283706968409035,16.73735066554714,199.46520233154297,189.32539901733398,26.860000610351562,17.3090496625936
57,2020-09-22,MMM,161.05999755859375,163.6699981689453,160.4199981689453,143.34014892578125,2103800.0,1.0,1.1822269715976574,151.4712766047155,141.187536871847,51.03809441513476,-106.24585837375984,10.095123060166477,145.49789021809895,141.15906931559246,26.860000610351562,17.3090496625936
57,2020-09-22,MRK,79.29389190673828,79.74236297607422,78.43511199951172,71.92872619628906,8143170.0,1.0,0.40323148676083065,75.04119139685635,71.50310563073155,51.72661526598038,-121.52796239452356,11.616140436843443,72.96662063598633,70.52874247233073,26.860000610351562,17.3090496625936
57,2020-09-22,MSFT,205.05999755859375,208.10000610351562,202.0800018310547,201.8766326904297,33517100.0,1.0,-2.400463706564011,227.67819935305607,187.41962474362361,50.32145931407972,-63.92389277983319,13.861655815229524,206.49229329427084,204.18331756591797,26.860000610351562,17.3090496625936
57,2020-09-22,NKE,113.0999984741211,117.19999694824219,112.8499984741211,113.45340728759766,13007200.0,1.0,2.6286434719886103,116.72211291104682,105.87662747591608,61.26018125103947,65.15155219106182,13.866618089512297,108.8729487101237,101.97537956237792,26.860000610351562,17.3090496625936
57,2020-09-22,PG,136.49000549316406,139.02999877929688,136.24000549316406,128.1608123779297,4722800.0,1.0,0.9122009737494636,130.03374211238827,126.46622355533633,59.96429608253289,22.76402022049397,11.219256024047052,127.61797180175782,122.25074323018391,26.860000610351562,17.3090496625936
57,2020-09-22,TRV,109.11000061035156,111.44999694824219,108.26000213623047,102.164306640625,1385100.0,1.0,-1.0287909834812723,109.82410076074852,102.35786182470069,45.74887574468606,-159.50044384611212,12.744983190766662,106.61439158121745,107.10284194946288,26.860000610351562,17.3090496625936
57,2020-09-22,UNH,298.44000244140625,300.6199951171875,292.9200134277344,282.2088623046875,3163600.0,1.0,-2.306322720081596,306.08422441885847,284.6574717481337,45.23840547909684,-203.63842173965526,23.57458221516747,297.90309651692706,293.64945017496746,26.860000610351562,17.3090496625936
57,2020-09-22,V,198.08999633789062,200.7100067138672,196.8000030517578,196.4022674560547,7543100.0,1.0,-0.15730996324171542,212.69765508970653,191.5770366827544,50.40198358791516,-79.36657778061738,13.23430368692514,200.18163248697917,195.38243153889974,26.860000610351562,17.3090496625936
57,2020-09-22,VZ,59.72999954223633,60.369998931884766,59.52000045776367,50.011417388916016,12198900.0,1.0,0.3742934435566099,50.96514945515452,49.24160713664236,56.647319244066445,34.80958663687543,9.064486542249217,49.8149476369222,48.32897421518962,26.860000610351562,17.3090496625936
57,2020-09-22,WBA,35.779998779296875,35.970001220703125,35.38999938964844,31.03504180908203,4399100.0,1.0,-0.8513889213116421,34.53260416773843,29.355956890306004,41.29096510348404,-81.0491388510659,25.532103086397225,33.03478921254476,34.14112431208293,26.860000610351562,17.3090496625936
57,2020-09-22,WMT,137.07000732421875,138.99000549316406,136.57000732421875,132.03195190429688,11034000.0,1.0,0.9145038697917585,140.7823627229786,123.63476221598621,55.83309891467244,27.34694232953104,20.285349592227778,130.19646962483725,126.23445421854655,26.860000610351562,17.3090496625936
58,2020-09-23,AAPL,111.62000274658203,112.11000061035156,106.7699966430664,105.21813201904297,150718700.0,2.0,-1.4392807567185741,131.92559945959542,99.65351125817803,49.13236106990091,-107.01531437757642,23.342260972069635,115.89784647623698,106.48323593139648,28.579999923706055,84.43233271631028
58,2020-09-23,AMGN,247.3000030517578,249.22999572753906,241.47999572753906,220.698486328125,2104300.0,2.0,0.11583720039021728,233.5984529817748,217.3927915250611,49.62665539667924,-13.47039543679764,7.1484130116895,223.22764536539714,224.4735560099284,28.579999923706055,84.43233271631028
58,2020-09-23,AXP,95.76000213623047,97.0999984741211,95.08999633789062,91.50811004638672,9427200.0,2.0,0.09708005239230033,104.27694169554326,92.49807356324581,45.73651429338343,-125.47803298868212,13.449020232037237,97.02867584228515,94.20009078979493,28.579999923706055,84.43233271631028
58,2020-09-23,BA,157.3300018310547,160.4199981689453,150.88999938964844,151.17999267578125,18247500.0,2.0,-4.086819692776686,179.6909102973521,151.25909275440569,42.710533075316775,-164.28074833944592,12.227715684831795,167.9780008951823,171.56183420817058,28.579999923706055,84.43233271631028
58,2020-09-23,CAT,147.47999572753906,148.91000366210938,143.60000610351562,135.27886962890625,2420100.0,2.0,1.9863933552303195,146.1457875043176,131.44296524226442,53.10569485668533,3.771336703712344,12.651183520408665,136.16244303385417,130.70603523254394,28.579999923706055,84.43233271631028
58,2020-09-23,CRM,248.49000549316406,248.77000427246094,235.35000610351562,235.99000549316406,7507900.0,2.0,5.586650486667253,284.3320513750931,227.4369519208053,54.35907718927272,6.40486857136618,2.861120849910928,238.2106679280599,216.19050089518228,28.579999923706055,84.43233271631028
58,2020-09-23,CSCO,39.22999954223633,39.38999938964844,38.18000030517578,34.66554641723633,24843200.0,2.0,-1.1103443658153012,39.033323661910636,34.58749619282569,35.40547783410696,-146.71705721347647,50.256716008747794,37.45865364074707,39.869235356648765,28.579999923706055,84.43233271631028
58,2020-09-23,CVX,75.58999633789062,75.91000366210938,71.8499984741211,63.230003356933594,16649200.0,2.0,-2.4854694510333815,76.67452251598625,63.71891544177741,35.896501739814695,-150.94992448488065,47.949370778611275,72.39329732259115,74.22702445983887,28.579999923706055,84.43233271631028
58,2020-09-23,DIS,127.06999969482422,127.30000305175781,122.9000015258789,123.27999877929688,8323600.0,2.0,-0.33524023364682876,137.81961445378482,125.11538539362726,47.283652736505616,-188.25099973336881,16.274947528913223,130.82433268229167,124.82183329264323,28.579999923706055,84.43233271631028
58,2020-09-23,GS,192.0,192.9199981689453,185.8699951171875,173.20712280273438,3116100.0,2.0,-3.2576689113955695,199.6245018314314,175.16147686729906,41.50887168260538,-219.45011808968763,20.451813228551565,188.24661610921223,188.89565455118816,28.579999923706055,84.43233271631028
58,2020-09-23,HD,275.4200134277344,276.6199951171875,264.69000244140625,248.10369873046875,4467600.0,2.0,-0.5192417724418306,272.11659306510796,246.55349818245062,48.78571686293591,-150.63738434780117,21.814646990592333,260.440690612793,250.79277064005535,28.579999923706055,84.43233271631028
58,2020-09-23,HON,162.32000732421875,163.89999389648438,157.8300018310547,149.83189392089844,2507600.0,2.0,1.19927098639846,163.03927934963426,150.99057447116652,50.25419798491852,-63.99411317206441,18.86632568467261,154.6548599243164,147.74219563802083,28.579999923706055,84.43233271631028
58,2020-09-23,IBM,115.4875717163086,116.24282836914062,113.22179412841797,97.86976623535156,4120612.0,2.0,-0.6657327464039469,104.71162699592455,97.65302983390944,45.41875290671294,-176.5165692752198,7.6412757224490395,101.68500569661458,101.00297444661459,28.579999923706055,84.43233271631028
58,2020-09-23,INTC,49.83000183105469,50.150001525878906,48.65999984741211,44.548648834228516,30078800.0,2.0,-0.2659859950938923,47.061731487442,44.10603508360292,42.703697606545454,-49.273220816125956,9.810068680548953,45.28047409057617,47.50568161010742,28.579999923706055,84.43233271631028
58,2020-09-23,JNJ,147.47999572753906,147.5500030517578,144.3800048828125,133.37945556640625,8784400.0,2.0,-0.8434209090110016,143.2602108807751,132.21673919246706,45.940725111561086,-140.9482877897709,7.684065029680578,137.86849314371744,136.05571517944335,28.579999923706055,84.43233271631028
58,2020-09-23,JPM,94.77999877929688,95.3499984741211,92.66000366210938,84.37855529785156,19952700.0,2.0,-1.0386254485023585,95.79310396030925,85.57528211757162,43.47907658996327,-228.2456951522846,18.68479079136984,90.77047729492188,89.51644961039226,28.579999923706055,84.43233271631028
58,2020-09-23,KO,49.72999954223633,49.91999816894531,48.16999816894531,44.01057434082031,17121200.0,2.0,0.403092470075336,47.24008391955712,43.532795490232914,49.984153964294045,-26.275684081976365,12.974260772890664,44.73968620300293,43.48092250823974,28.579999923706055,84.43233271631028
58,2020-09-23,MCD,217.6699981689453,219.69000244140625,214.24000549316406,201.01351928710938,2777700.0,2.0,3.140881516112529,209.701107463441,195.00137361566058,58.35529536209278,38.87836084150346,25.56499480134929,199.81312510172526,189.84332682291668,28.579999923706055,84.43233271631028
58,2020-09-23,MMM,162.52000427246094,164.24000549316406,159.1199951171875,140.84133911132812,2248200.0,2.0,0.6475040408307962,151.7871842339244,140.5546416327748,48.90978144463362,-136.23847031459908,14.413919562943562,145.42736104329427,141.23770090738932,28.579999923706055,84.43233271631028
58,2020-09-23,MRK,79.28434753417969,79.98091888427734,78.7977066040039,71.65985870361328,7085842.0,2.0,0.2624866016437153,75.05831217376233,71.27512822540758,51.06197590597018,-129.48237225770563,8.700112250926866,73.03323033650716,70.63078155517579,28.579999923706055,84.43233271631028
58,2020-09-23,MSFT,207.89999389648438,208.10000610351562,200.02999877929688,195.22921752929688,30803800.0,2.0,-2.7308457643596853,227.57411252130314,185.97815035711486,47.25817967754034,-92.00474388618034,17.555957372976838,206.41769002278645,204.22595545450847,28.579999923706055,84.43233271631028
58,2020-09-23,NKE,130.22000122070312,130.3800048828125,125.26000213623047,123.39404296875,37822700.0,2.0,3.333006227066832,119.5139616742603,104.6231003984936,68.76743058478797,252.74554977122187,46.84594519284547,109.59203872680663,102.4842534383138,28.579999923706055,84.43233271631028
58,2020-09-23,PG,138.4199981689453,138.4199981689453,136.08999633789062,126.62799835205078,6373700.0,2.0,0.745072617407672,129.98874998172232,126.25574922482065,56.65955140003346,-30.633877322927322,9.84542506204853,127.71334711710612,122.55092188517253,28.579999923706055,84.43233271631028
58,2020-09-23,TRV,109.2300033569336,110.37999725341797,107.44999694824219,100.5184555053711,2883500.0,2.0,-1.2968067196703856,110.18669566410833,101.31579609614559,44.12000868305455,-190.28051608381907,16.288931377202605,106.25486602783204,107.03167304992675,28.579999923706055,84.43233271631028
58,2020-09-23,UNH,295.0,296.1000061035156,291.8299865722656,280.1756286621094,3709900.0,2.0,-3.090782800340378,307.0501081873169,281.88870712030035,44.38330440539099,-210.81302929033916,25.189561311306075,297.1961191813151,293.706499226888,28.579999923706055,84.43233271631028
58,2020-09-23,V,200.8000030517578,201.08999633789062,194.57000732421875,191.31985473632812,6310600.0,2.0,-0.7550229833296669,213.08761190991925,189.94047189135028,47.1080390191389,-113.21633686073262,18.724878510944905,200.113037109375,195.45226771036783,28.579999923706055,84.43233271631028
58,2020-09-23,VZ,59.83000183105469,60.13999938964844,58.849998474121094,49.25062561035156,15416200.0,2.0,0.2724957639745327,51.00702126584195,49.157098454617035,52.19231284452866,-32.731981423575704,3.1852818281657327,49.82609481811524,48.396237754821776,28.579999923706055,84.43233271631028
58,2020-09-23,WBA,35.880001068115234,36.279998779296875,34.939998626708984,30.461606979370117,8479100.0,2.0,-0.8735675010787602,34.1634700939829,29.33932531617335,39.82919672329533,-84.3547687126002,30.02696506552935,32.851915740966795,34.042959149678545,28.579999923706055,84.43233271631028
58,2020-09-23,WMT,139.0,139.24000549316406,135.82000732421875,129.8172607421875,7711100.0,2.0,0.7304032869308799,140.37457683404037,124.55421802679948,53.13382032418504,7.25143214145606,16.469527985874343,130.39767150878907,126.51156883239746,28.579999923706055,84.43233271631028
59,2020-09-24,AAPL,105.16999816894531,110.25,105.0,106.29861450195312,167743300.0,3.0,-1.6752061628618122,131.03908506187167,98.7422709867123,49.88830573770178,-113.04434381144686,26.924463616498002,115.74101486206055,106.76455345153809,28.510000228881836,29.94358183961444
59,2020-09-24,AMGN,242.14999389648438,242.67999267578125,237.77999877929688,218.63331604003906,1827200.0,3.0,-0.2982413381637343,233.6370717824309,216.45715276590897,48.454427763253776,-81.4837771190973,15.39874711599037,223.2339635213216,224.56497751871746,28.510000228881836,29.94358183961444
59,2020-09-24,AXP,95.33999633789062,96.9000015258789,93.70999908447266,91.40276336669922,4249000.0,3.0,-0.3664342244061629,104.66726982900127,91.8252518384792,45.632477643206656,-125.8288467578328,18.523585310574617,96.82981363932292,94.21094334920248,28.510000228881836,29.94358183961444
59,2020-09-24,BA,150.2899932861328,150.30999755859375,145.02000427246094,146.0500030517578,27098100.0,3.0,-4.985809875952867,180.48604523991307,147.87895872737207,41.01529107113703,-214.06070309888727,22.64330709984309,166.9983342488607,170.94100087483724,28.510000228881836,29.94358183961444
59,2020-09-24,CAT,144.02000427246094,147.44000244140625,142.72999572753906,135.990966796875,2138800.0,3.0,1.5991588823092968,145.89612141577618,132.00276469262224,53.641131768299715,-5.791943201829349,9.250216530556123,136.24270884195963,131.01180305480958,28.510000228881836,29.94358183961444
59,2020-09-24,CRM,235.83999633789062,239.9600067138672,233.6300048828125,237.5500030517578,4166800.0,3.0,4.527780650519901,282.61419231876386,225.67781054988845,54.8069294510276,-6.707179195398221,0.4503866009296956,239.70833485921224,217.02750091552736,28.510000228881836,29.94358183961444
59,2020-09-24,CSCO,38.0,38.15999984741211,37.599998474121094,34.276145935058594,30910400.0,3.0,-1.1764707201480675,38.99519665933946,34.22716852925917,34.43423453009066,-182.5425410664113,54.617873977211296,37.149247614542645,39.742070007324216,28.510000228881836,29.94358183961444
59,2020-09-24,CVX,71.25,73.02999877929688,70.5,63.09817123413086,15203500.0,3.0,-2.6984651732578726,76.50335448482569,62.74939553043309,35.76483957926176,-159.30692624745734,51.5645184912678,71.87683194478353,73.99030526479085,28.510000228881836,29.94358183961444
59,2020-09-24,DIS,121.93000030517578,123.80000305175781,120.77999877929688,122.48999786376953,8480000.0,3.0,-0.8227797503616898,138.48110594539736,123.48489442081357,46.55470430406706,-214.96954966196418,23.913469945229775,130.51433283487955,125.00483322143555,28.510000228881836,29.94358183961444
59,2020-09-24,GS,188.97999572753906,197.4600067138672,187.0500030517578,181.57342529296875,5114600.0,3.0,-3.1055692291216133,199.20783790365527,174.56721397622755,47.057261532752435,-135.92843691073537,6.596331098126431,187.75824381510418,188.8751698811849,28.510000228881836,29.94358183961444
59,2020-09-24,HD,265.7099914550781,269.70001220703125,263.8800048828125,247.31253051757812,3095600.0,3.0,-1.210179689455373,270.9493642409866,245.42179512180635,48.35604286730379,-166.16564916314934,23.12274245107963,259.99381968180336,251.04880396525064,28.510000228881836,29.94358183961444
59,2020-09-24,HON,158.32000732421875,160.9199981689453,156.85000610351562,149.80357360839844,2238300.0,3.0,0.6528664332757614,163.53343084848694,149.87837487661074,50.23158347901245,-84.73661502072711,21.68488382333645,154.64196370442707,147.97782414754232,28.510000228881836,29.94358183961444
59,2020-09-24,IBM,112.90631103515625,114.26386260986328,111.35755157470703,97.26029968261719,3709325.0,3.0,-0.8630462534279388,104.82839778036575,97.03550373940965,44.62634455348428,-222.3746838075567,16.963051893852953,101.44863001505534,100.98761240641277,28.510000228881836,29.94358183961444
59,2020-09-24,INTC,48.529998779296875,49.63999938964844,48.41999816894531,44.8588981628418,29343400.0,3.0,-0.28698031606419505,47.07097257534064,44.061207066383,43.65561996632301,-66.98500973220409,12.554262513604112,45.27956174214681,47.34954541524251,28.510000228881836,29.94358183961444
59,2020-09-24,JNJ,144.55999755859375,145.25,143.33999633789062,133.5918426513672,5614800.0,3.0,-0.9647495852535997,143.0268886453126,131.74548836884756,46.28037690354236,-162.31922003729966,13.512541456397345,137.74535471598307,136.13220291137696,28.510000228881836,29.94358183961444
59,2020-09-24,JPM,92.31999969482422,94.30000305175781,91.37999725341797,84.3057632446289,18366500.0,3.0,-1.3210633713043762,96.24378222199907,84.53957730558882,43.40351630851726,-223.08747904874227,24.133958559340474,90.45870615641276,89.50898475646973,28.510000228881836,29.94358183961444
59,2020-09-24,KO,48.209999084472656,49.099998474121094,47.560001373291016,44.457889556884766,16788100.0,3.0,0.30215255873927305,47.14543217123614,43.712046161283396,51.423857677301164,-46.93331583381442,19.89504708048043,44.75973574320475,43.54754505157471,28.510000228881836,29.94358183961444
59,2020-09-24,MCD,214.75,218.41000366210938,213.58999633789062,202.08885192871094,1727000.0,3.0,2.805488225866412,209.67084346781846,195.36857913960344,59.239803941067954,29.376980719739347,22.26570510483019,200.1652842203776,190.35330200195312,28.510000228881836,29.94358183961444
59,2020-09-24,MMM,159.39999389648438,161.9600067138672,158.07000732421875,141.64483642578125,1569700.0,3.0,0.2852792621426943,151.95959486164548,140.07495561442875,49.60877066396053,-152.61422946693997,17.82221697689768,145.35795033772786,141.32359873453777,28.510000228881836,29.94358183961444
59,2020-09-24,MRK,78.3396987915039,79.65648651123047,78.10114288330078,72.11084747314453,7844280.0,3.0,0.18520140430210574,75.02357337702587,71.15616218815968,52.12929073741778,-154.5949757606222,15.583854562465277,73.06407521565755,70.72297439575195,28.510000228881836,29.94358183961444
59,2020-09-24,MSFT,199.85000610351562,205.57000732421875,199.1999969482422,197.75973510742188,31202500.0,3.0,-2.756706706379248,226.67167865257014,185.13258617897284,48.49293257149134,-91.13710383834086,19.05839304026905,206.2394007364909,204.22872568766277,28.510000228881836,29.94358183961444
59,2020-09-24,NKE,126.44000244140625,127.54000091552734,123.30000305175781,121.10303497314453,13485800.0,3.0,3.6641159389223645,120.93106030722707,104.51328631142526,65.7305599519469,191.3799686344046,38.42083393249886,110.23153355916341,102.9197504679362,28.510000228881836,29.94358183961444
59,2020-09-24,PG,136.6699981689453,137.14999389648438,135.7100067138672,127.19466400146484,5708200.0,3.0,0.6508448388320858,129.952640626683,126.15530081008458,57.5541759669542,-60.10618481203195,6.2902229075268785,127.7585558573405,122.83115793863932,28.510000228881836,29.94358183961444
59,2020-09-24,TRV,107.95999908447266,109.43000030517578,105.66999816894531,100.82705688476562,1746300.0,3.0,-1.4673943605543656,110.47633774479621,100.57059829036004,44.50327717837598,-202.33902295936852,23.580128812256504,105.93842188517253,106.94785817464192,28.510000228881836,29.94358183961444
59,2020-09-24,UNH,292.19000244140625,294.92999267578125,289.6400146484375,280.6743469238281,2869100.0,3.0,-3.6303818873537352,307.76028938519954,279.7502513862848,44.64878243298505,-198.7500176203326,28.43729833846702,296.2918202718099,293.68924407958986,28.510000228881836,29.94358183961444
59,2020-09-24,V,195.14999389648438,197.6699981689453,193.1300048828125,191.46673583984375,9865300.0,3.0,-1.202995398407836,212.99702004633525,188.58762198247337,47.211179670351875,-132.592217741873,22.126472677209534,200.0177205403646,195.4953816731771,28.510000228881836,29.94358183961444
59,2020-09-24,VZ,59.0,59.560001373291016,58.650001525878906,49.48471450805664,10875300.0,3.0,0.208308140597822,51.020017338590996,49.1215296737381,53.359840717512995,-57.40811823840898,6.534971964851655,49.842536799112956,48.46133988698323,28.510000228881836,29.94358183961444
59,2020-09-24,WBA,35.18000030517578,35.2599983215332,34.52000045776367,30.435537338256836,5498600.0,3.0,-0.8830683255312266,33.90829785022558,29.27823951091944,39.762993848769284,-96.92421834206479,34.001438378819095,32.66903222401937,33.943357181549075,28.510000228881836,29.94358183961444
59,2020-09-24,WMT,135.72999572753906,137.7899932861328,135.07000732421875,130.4950408935547,9817700.0,3.0,0.6319091866568272,139.8620160077706,125.63954496635051,53.840329181090134,-6.479902271072232,12.649485130691787,130.56791000366212,126.78857129414877,28.510000228881836,29.94358183961444
60,2020-09-25,AAPL,108.43000030517578,112.44000244140625,107.66999816894531,110.2865219116211,149981400.0,4.0,-1.5228336687513888,130.09107735679996,98.43987814857114,52.57903152099314,-76.88881169227602,19.536407330025703,115.65163040161133,107.11515515645345,26.3799991607666,14.240638187203135
60,2020-09-25,AMGN,239.50999450683594,244.17999267578125,237.80999755859375,221.81747436523438,2635700.0,4.0,-0.3652561519648998,233.0121010895191,216.26424931331292,50.325923294294206,-57.09241681182448,11.119891776930906,223.3843765258789,224.41937917073568,26.3799991607666,14.240638187203135
60,2020-09-25,AXP,94.68000030517578,96.8499984741211,94.45999908447266,92.1784439086914,2775600.0,4.0,-0.6635328969023817,104.9576208269281,91.03024614694884,46.55842825269568,-106.21951796226209,18.52358531057462,96.69702707926432,94.2462148030599,26.3799991607666,14.240638187203135
60,2020-09-25,BA,146.85000610351562,156.30999755859375,146.4199981689453,156.02999877929688,29123000.0,4.0,-4.837203552586885,179.24886321009123,147.2991409402994,45.378420467827894,-139.16224336043163,8.566631473405103,166.3750010172526,170.53616739908855,26.3799991607666,14.240638187203135
60,2020-09-25,CAT,143.88999938964844,146.6999969482422,143.00999450683594,136.71243286132812,1848900.0,4.0,1.3350988658482095,145.7589307123814,132.37794520314594,54.18935135678281,-6.737632298756878,9.25021653055611,136.40636494954427,131.33641522725424,26.3799991607666,14.240638187203135
60,2020-09-25,CRM,237.38999938964844,243.9499969482422,235.0500030517578,242.74000549316406,5117800.0,4.0,4.060600424926662,279.3453211843809,225.58868150116595,56.28329754512854,-0.502834584276435,5.918161829220355,241.2950017293294,217.8750010172526,26.3799991607666,14.240638187203135
60,2020-09-25,CSCO,37.7599983215332,38.540000915527344,37.619998931884766,34.81949234008789,22966600.0,4.0,-1.1715281709175756,38.81087306969658,34.063748893804394,36.9315494343204,-150.7187687127083,45.6731678311674,37.02035331726074,39.63264586130778,26.3799991607666,14.240638187203135
60,2020-09-25,CVX,71.01000213623047,72.4800033569336,70.7699966430664,63.12455368041992,11070500.0,4.0,-2.8324858411285447,76.0910578269867,62.0122167091461,35.81357773526351,-147.03893895146342,51.5645184912678,71.38723576863607,73.77727216084799,26.3799991607666,14.240638187203135
60,2020-09-25,DIS,121.36000061035156,124.19000244140625,120.9800033569336,124.0,6851800.0,4.0,-1.0749227369163492,138.49038251534589,122.50261827811117,48.13568885186099,-173.65424523350757,21.72952811203416,130.28233261108397,125.18799985249838,26.3799991607666,14.240638187203135
60,2020-09-25,GS,192.9600067138672,195.38999938964844,189.61000061035156,181.42453002929688,3106000.0,4.0,-2.962889393910757,198.25755531787317,174.22064597607212,46.97522328048042,-124.23578284275574,6.596331098126422,187.3802281697591,188.85297368367512,26.3799991607666,14.240638187203135
60,2020-09-25,HD,264.19000244140625,270.1499938964844,263.9200134277344,249.96530151367188,2457700.0,4.0,-1.5261045342709565,269.8400176050053,244.8030320165767,49.8869587431804,-135.58287621818337,21.9114932158652,259.6329055786133,251.38546930948894,26.3799991607666,14.240638187203135
60,2020-09-25,HON,157.64999389648438,162.05999755859375,157.1699981689453,152.37957763671875,2593900.0,4.0,0.422824823449929,163.59038742269735,149.39680587564249,52.253342924875646,-63.70066687106091,16.645938930806427,154.72091166178384,148.2638921101888,26.3799991607666,14.240638187203135
60,2020-09-25,IBM,112.42829895019531,114.15869903564453,111.79732513427734,97.96858215332031,3089570.0,4.0,-0.9513001572404534,104.71817346383334,96.67626699637175,45.763924608743025,-183.430155075777,16.96305189385296,101.28171106974284,101.01427040100097,26.3799991607666,14.240638187203135
60,2020-09-25,INTC,48.959999084472656,50.279998779296875,48.75,45.570648193359375,26633400.0,4.0,-0.24338064697041517,47.07798841502484,44.103466434218326,45.792945350444704,-6.7063766439135,3.571194466705601,45.32153689066569,47.220679664611815,26.3799991607666,14.240638187203135
60,2020-09-25,JNJ,144.0,146.25,143.88999938964844,134.5060272216797,5531200.0,4.0,-0.9758869631936307,142.51765146986244,131.57877949937583,47.74236057347803,-126.93240556649152,6.595146230664486,137.7034474690755,136.22774912516277,26.3799991607666,14.240638187203135
60,2020-09-25,JPM,92.05000305175781,93.72000122070312,91.87000274658203,85.04273986816406,13293100.0,4.0,-1.4685016329179206,96.15325203712881,83.82217215720713,44.415240159232866,-188.83750248124488,24.13395855934047,90.18878707885742,89.5258171081543,26.3799991607666,14.240638187203135
60,2020-09-25,KO,48.20000076293945,48.7599983215332,47.97999954223633,44.47614288330078,12603400.0,4.0,0.22108135442951493,47.04486483154444,43.892699636839346,51.4828116038397,-45.64167777080336,19.89504708048044,44.78190320332845,43.61235891977946,26.3799991607666,14.240638187203135
60,2020-09-25,MCD,215.3000030517578,219.25,213.64999389648438,204.01507568359375,2196800.0,4.0,2.6644032042583774,209.58835235921458,196.12658752115652,60.78328272034199,42.36884275693168,24.98841775407073,200.56708628336588,190.8924362182617,26.3799991607666,14.240638187203135
60,2020-09-25,MMM,159.30999755859375,160.97999572753906,158.86000061035156,141.5124053955078,1948900.0,4.0,-0.012330424568006038,152.10929842056348,139.5888430589287,49.49331696208801,-143.1550745032754,17.822216976897675,145.23745778401693,141.41545664469402,26.3799991607666,14.240638187203135
60,2020-09-25,MRK,78.38740539550781,79.42748260498047,78.05343627929688,71.92005157470703,6932101.0,4.0,0.10731958081947823,74.95409341883021,71.02875112462681,51.63642475686456,-167.37901342253076,16.04727003609239,73.0638791402181,70.80065129597982,26.3799991607666,14.240638187203135
60,2020-09-25,MSFT,203.5500030517578,209.0399932861328,202.5399932861328,202.26597595214844,29437300.0,4.0,-2.3860804630103303,224.62677563789404,185.35162707206692,50.62245740140992,-52.644903574723976,10.092248973325143,206.22717895507813,204.28734334309897,26.3799991607666,14.240638187203135
60,2020-09-25,NKE,123.6500015258789,124.75,122.2699966430664,120.59825134277344,9182800.0,4.0,3.8415084328089364,121.90174043298056,104.86624662756633,65.07552706782832,152.8999479058331,34.098817745185734,110.81222864786784,103.35732803344726,26.3799991607666,14.240638187203135
60,2020-09-25,PG,135.88999938964844,137.99000549316406,135.88999938964844,127.84492492675781,4969900.0,4.0,0.6214752873921725,129.92044389754898,126.1326849171483,58.569378957991084,-27.69047422231867,12.948129155308017,127.81553192138672,123.11592381795248,26.3799991607666,14.240638187203135
60,2020-09-25,TRV,106.55999755859375,108.31999969482422,105.95999908447266,101.09825134277344,1714100.0,4.0,-1.5626894573539687,110.22252298694461,100.05813115734249,44.84716817999803,-189.820714594961,23.580128812256504,105.61833318074544,106.89254061381023,26.3799991607666,14.240638187203135
60,2020-09-25,UNH,291.25,303.2699890136719,291.2200012207031,290.1113586425781,2455800.0,4.0,-3.258962779815988,307.3443963999404,279.4093603139268,49.37875580076679,-114.14361014746652,9.147659687657917,295.72596842447916,293.78501790364584,26.3799991607666,14.240638187203135
60,2020-09-25,V,195.02000427246094,198.13999938964844,193.50999450683594,193.160888671875,5496100.0,4.0,-1.4051154931542271,212.44895254275843,187.78625711300327,48.411515814796566,-117.23070903963291,20.368798989626878,200.00694885253907,195.55679016113282,26.3799991607666,14.240638187203135
60,2020-09-25,VZ,58.849998474121094,59.45000076293945,58.810001373291016,49.651920318603516,10676300.0,4.0,0.16898316539646885,51.02131686713234,49.11688618157372,54.186556568784304,-53.609371568547594,6.534971964851651,49.866781616210936,48.53556722005208,26.3799991607666,14.240638187203135
60,2020-09-25,WBA,34.689998626708984,35.560001373291016,34.529998779296875,30.783079147338867,5955400.0,4.0,-0.8527244017933491,33.415175699445136,29.43164475038397,41.11286096019183,-84.95453847045691,28.43135236757352,32.52121225992838,33.871165148417155,26.3799991607666,14.240638187203135
60,2020-09-25,WMT,136.52000427246094,137.5399932861328,135.9600067138672,131.0391845703125,7539600.0,4.0,0.5909476727742913,139.85570871151793,125.70694845400944,54.411104421717816,-2.1575141483770013,12.649485130691792,130.74037602742513,127.07606875101725,26.3799991607666,14.240638187203135
61,2020-09-28,AAPL,115.01000213623047,115.31999969482422,112.77999877929688,112.91893768310547,137672400.0,0.0,-1.1761059987886142,129.1197666753901,98.44392198427785,54.256269201593774,-37.66081407122117,10.494949577745786,115.65334955851237,107.50963045756022,26.190000534057617,9.00239808111482
61,2020-09-28,AMGN,247.67999267578125,249.0399932861328,244.77000427246094,224.73777770996094,2213900.0,0.0,-0.18063950106778748,232.305006653664,216.41730169594535,51.98007550861639,21.226206308281846,1.5261906801797853,223.60635681152343,224.27545954386395,26.190000534057617,9.00239808111482
61,2020-09-28,AXP,99.0,99.7300033569336,98.62999725341797,94.62989044189453,3930900.0,0.0,-0.6931838952475715,104.93857081183295,90.69306981316704,49.377183511857545,-38.86715682212769,3.9844778276605957,96.64627405802409,94.31787503560385,26.190000534057617,9.00239808111482
61,2020-09-28,BA,160.3300018310547,168.0,159.1999969482422,166.0800018310547,38868200.0,0.0,-3.863939624993691,177.7154116833753,147.86059234494502,49.28631568419313,-19.119003999369948,12.378923902829644,165.9750010172526,170.29066747029623,26.190000534057617,9.00239808111482
61,2020-09-28,CAT,148.0,150.30999755859375,147.41000366210938,138.370849609375,2212700.0,0.0,1.2452947887973096,145.61938317577878,132.8969635649439,55.442334355999975,41.30164812316288,20.613951080784553,136.64747619628906,131.6629379272461,26.190000534057617,9.00239808111482
61,2020-09-28,CRM,247.55999755859375,248.5800018310547,242.2100067138672,246.6699981689453,4088300.0,0.0,3.9618050721745988,276.74342442459783,225.74757746749202,57.374094348366654,12.62476339699853,11.919190282531988,243.06866811116535,218.7773343404134,26.190000534057617,9.00239808111482
61,2020-09-28,CSCO,39.20000076293945,39.290000915527344,38.790000915527344,35.4352912902832,24275700.0,0.0,-1.1051814919217833,38.55622494620843,34.04038455086189,39.62755236363125,-95.03652304548885,29.82741321807446,36.91862653096517,39.53454144795736,26.190000534057617,9.00239808111482
61,2020-09-28,CVX,73.63999938964844,74.76000213623047,73.1500015258789,64.97002410888672,12863800.0,0.0,-2.75799173372927,75.15978727391929,61.91528596826821,39.154307916491064,-105.57111662886348,33.65026861111472,70.94385070800782,73.5850341796875,26.190000534057617,9.00239808111482
61,2020-09-28,DIS,125.75,126.86000061035156,125.37000274658203,125.98999786376953,6283700.0,0.0,-1.101474560760579,137.8842719626624,122.15372928855828,50.14623661358073,-93.8718934415722,7.822263291499974,130.13099924723306,125.41816647847493,26.190000534057617,9.00239808111482
61,2020-09-28,GS,197.77999877929688,201.8699951171875,197.14999389648438,185.25869750976562,3280100.0,0.0,-2.511478562823129,197.59254853745625,174.19792540053203,49.328468749389074,-32.69960681994966,10.242909691011317,187.14296875,188.8973019917806,26.190000534057617,9.00239808111482
61,2020-09-28,HD,271.92999267578125,274.2200012207031,270.29998779296875,253.48367309570312,3061100.0,0.0,-1.475564676408652,268.813444437908,244.66999825008023,51.84550506456488,-74.89236803349266,11.32277694352259,259.4235285441081,251.77537282307944,26.190000534057617,9.00239808111482
61,2020-09-28,HON,164.44000244140625,166.14999389648438,163.22999572753906,155.3518524169922,2512600.0,0.0,0.47487881732956794,163.339111068445,149.29518153409407,54.461451949795666,9.144594930434403,0.6598808902696723,154.85804595947266,148.58526687622071,26.190000534057617,9.00239808111482
61,2020-09-28,IBM,115.26768493652344,116.95028686523438,115.1147232055664,100.25823211669922,3670623.0,0.0,-0.8269537867130197,104.4331454165625,96.68620806854491,49.250480010893156,-58.757845370098856,0.2619030201516538,101.18452529907226,101.06337178548178,26.190000534057617,9.00239808111482
61,2020-09-28,INTC,50.5099983215332,51.459999084472656,50.15999984741211,46.93029022216797,29652200.0,0.0,-0.09798632105784577,47.23089326112285,44.04181219847188,49.573044012223,133.55106286828868,10.506190682335168,45.398795954386394,47.109640757242836,26.190000534057617,9.00239808111482
61,2020-09-28,JNJ,146.72999572753906,148.2899932861328,146.4199981689453,135.8450164794922,5843200.0,0.0,-0.8666776522591135,141.73991498583894,131.7535206831064,49.811914084875156,-61.94461646622875,5.908624300582618,137.69883371988934,136.3365910847982,26.190000534057617,9.00239808111482
61,2020-09-28,JPM,95.05999755859375,96.93000030517578,94.3499984741211,87.49018859863281,20894100.0,0.0,-1.3720428037410954,95.7155217289087,83.65849636801514,47.631323428767296,-95.56994630977968,4.136240289545018,89.99923604329427,89.57889086405436,26.190000534057617,9.00239808111482
61,2020-09-28,KO,49.310001373291016,49.709999084472656,49.13999938964844,44.987361907958984,11215700.0,0.0,0.1958255882971187,47.04549168349518,43.87838984726654,53.13084160295398,6.594306087737288,5.030642027165823,44.81899833679199,43.684787368774415,26.190000534057617,9.00239808111482
61,2020-09-28,MCD,220.0,221.97999572753906,219.02000427246094,205.96005249023438,2111700.0,0.0,2.678657782112168,209.8703414154018,196.4617493438755,62.275456290482644,101.9007093686122,33.12598874011757,201.0169881184896,191.48165028889974,26.190000534057617,9.00239808111482
61,2020-09-28,MMM,162.0,164.13999938964844,161.3300018310547,142.73977661132812,2098500.0,0.0,-0.147449934836402,152.08004471610028,139.26491683175126,50.5956777993644,-66.79530104207174,3.6299904818633877,145.1508768717448,141.50429128011066,26.190000534057617,9.00239808111482
61,2020-09-28,MRK,79.38931274414062,79.86640930175781,78.77862548828125,71.77262115478516,6123674.0,0.0,0.03331721176303404,74.89421658474843,70.89163165133554,51.249100586333334,-130.1231272243202,10.102703578256824,73.06049067179362,70.86640027364095,26.190000534057617,9.00239808111482
61,2020-09-28,MSFT,210.8800048828125,212.57000732421875,208.05999755859375,203.84266662597656,32004900.0,0.0,-1.9427360822534467,221.80134358742933,186.2820899452855,51.350488158063555,-18.856873057845224,1.7587059411542032,206.26104075113932,204.34699529012045,26.190000534057617,9.00239808111482
61,2020-09-28,NKE,125.16000366210938,126.19000244140625,123.88999938964844,120.68559265136719,7525000.0,0.0,3.943680679897824,122.81706326412161,105.11875292850534,65.13771259759731,154.75762694020693,37.036861719588096,111.39874038696288,103.77973314921061,26.190000534057617,9.00239808111482
61,2020-09-28,PG,138.55999755859375,139.94000244140625,137.77999877929688,128.2072296142578,5810800.0,0.0,0.6202844140430273,129.84136237128098,126.14116097466629,59.13276070509153,69.08614720133441,25.99550609773481,127.90564168294271,123.39288088480632,26.190000534057617,9.00239808111482
61,2020-09-28,TRV,109.7300033569336,111.9000015258789,109.30000305175781,103.07139587402344,1555900.0,0.0,-1.462140588167287,109.94372993385277,99.88768714988747,47.30484895592804,-86.6737964703804,2.9685402558275715,105.3847442626953,106.87072728474935,26.190000534057617,9.00239808111482
61,2020-09-28,UNH,306.3900146484375,310.010009765625,302.8299865722656,290.81146240234375,2575700.0,0.0,-2.8749769935892573,306.52694764386945,279.2821618532008,49.708575526521024,-36.468097731486154,3.387383745095438,295.1140462239583,293.88402353922527,26.190000534057617,9.00239808111482
61,2020-09-28,V,200.6300048828125,201.72000122070312,199.8300018310547,196.167236328125,5565300.0,0.0,-1.3076363755121747,210.62999114653334,188.09812164643543,50.47862535060539,-56.28812823732575,7.742828523320224,200.1270721435547,195.63750432332355,26.190000534057617,9.00239808111482
61,2020-09-28,VZ,59.560001373291016,59.79999923706055,59.18000030517578,49.6268424987793,11910500.0,0.0,0.13424675571830136,51.01646801037138,49.130095710331744,54.03794359567068,-28.44973448572205,0.35902950710411335,49.882666015625,48.60772304534912,26.190000534057617,9.00239808111482
61,2020-09-28,WBA,35.88999938964844,36.52000045776367,35.83000183105469,31.339128494262695,5901600.0,0.0,-0.7748758025085714,32.99254947070908,29.62055306072403,43.2188745445621,-46.16316595674655,12.443322422874942,32.365871874491376,33.79249277114868,26.190000534057617,9.00239808111482
61,2020-09-28,WMT,137.16000366210938,138.0500030517578,136.72000122070312,131.0200958251953,7065700.0,0.0,0.5505981232812189,139.73026122735715,125.54123993231083,54.386699232800346,3.4615967960581067,14.82036755170454,130.88834126790366,127.37085355122885,26.190000534057617,9.00239808111482
62,2020-09-29,AAPL,114.55000305175781,115.30999755859375,113.56999969482422,112.06439208984375,99382200.0,1.0,-0.959219227781233,127.12610455513556,98.96912783622187,53.61940013684036,-37.64395629186505,10.494949577745794,115.63640619913737,107.85007197062174,26.270000457763672,8.552335117585367
62,2020-09-29,AMGN,247.5500030517578,249.0500030517578,245.47999572753906,225.8931884765625,2008000.0,1.0,0.05823126379209498,231.58587169707883,216.6797380441321,52.62575892744262,29.603168648944816,1.5508583095499706,223.76677754720052,224.18077011108397,26.270000457763672,8.552335117585367
62,2020-09-29,AXP,98.73999786376953,99.3499984741211,97.2300033569336,93.60525512695312,3200400.0,1.0,-0.7902524929179435,104.99835359286074,90.26556852627989,48.27619860925112,-57.811662826989526,9.738009243514027,96.65265782674153,94.33654823303223,26.270000457763672,8.552335117585367
62,2020-09-29,BA,164.77000427246094,165.5,162.00999450683594,163.60000610351562,19874700.0,1.0,-3.2552118238056664,176.69765113733314,148.05635276891684,48.40231463236006,-23.842120043502316,12.378923902829643,165.69466807047527,169.88550084431967,26.270000457763672,8.552335117585367
62,2020-09-29,CAT,148.3699951171875,148.97000122070312,146.2100067138672,138.11790466308594,1605600.0,1.0,1.1405661311326583,145.2523770868809,133.74181999563862,55.20409930727715,22.62206991873345,15.47584355574044,136.91888376871745,131.95874010721843,26.270000457763672,8.552335117585367
62,2020-09-29,CRM,245.25999450683594,247.89999389648438,244.5,247.4499969482422,3983700.0,1.0,3.9014746548663197,273.43841483516815,226.5325873620975,57.59135262012726,10.404741669818799,11.919190282531982,244.75900115966797,219.60616760253907,26.270000457763672,8.552335117585367
62,2020-09-29,CSCO,39.06999969482422,39.380001068115234,38.83000183105469,35.37190246582031,16353700.0,1.0,-1.0456624730996467,38.25385129149505,34.05659525696686,39.447983918901066,-87.8931329017067,28.040812674254724,36.82716331481934,39.42345720926921,26.270000457763672,8.552335117585367
62,2020-09-29,CVX,74.0,74.13999938964844,71.11000061035156,63.18606185913086,10553000.0,1.0,-2.810507678240512,74.56401899796289,61.45385247725683,37.21724265737163,-121.86129280795184,40.38912253016671,70.42887153625489,73.35930932362875,26.270000457763672,8.552335117585367
62,2020-09-29,DIS,125.91999816894531,126.29000091552734,123.68000030517578,125.4000015258789,7405800.0,1.0,-1.156790090034221,137.769667338706,121.62133455338383,49.55702544024331,-106.79142069491026,14.436424486049159,129.9986661275228,125.60099983215332,26.270000457763672,8.552335117585367
62,2020-09-29,GS,198.16000366210938,198.77000427246094,195.42999267578125,183.13687133789062,2400000.0,1.0,-2.2984507565898014,197.0545024609123,173.98403208498613,48.10624197418398,-62.92427344922864,5.513509652793781,186.98606821695964,188.75271250406902,26.270000457763672,8.552335117585367
62,2020-09-29,HD,273.3999938964844,273.8399963378906,271.1099853515625,253.2789306640625,2048900.0,1.0,-1.4354850993948673,267.8801814579783,244.53892407180686,51.723812784544734,-68.76349535015027,11.322776943522578,258.96998443603513,252.14566090901693,26.270000457763672,8.552335117585367
62,2020-09-29,HON,164.55999755859375,166.22999572753906,163.47000122070312,155.22915649414062,2169300.0,1.0,0.5004624276080278,163.3068740836877,149.22928009111698,54.35410879535599,7.50166173789625,0.37225620759841027,155.03889872233074,148.8701939900716,26.270000457763672,8.552335117585367
62,2020-09-29,IBM,116.07074737548828,116.81644439697266,114.92351531982422,99.60758209228516,2203504.0,1.0,-0.7720111475155846,104.32782800797125,96.59632894393306,48.33701946040277,-67.21755491988576,0.8076584353891341,101.08843688964843,101.09498977661133,26.270000457763672,8.552335117585367
62,2020-09-29,INTC,51.310001373291016,51.7400016784668,50.95000076293945,46.71128845214844,19558200.0,1.0,-0.00042696108735640337,47.26936341987899,44.02524259818741,49.003638129419784,147.85634872320156,13.488817293356044,45.46753819783529,46.988758405049644,26.270000457763672,8.552335117585367
62,2020-09-29,JNJ,147.60000610351562,147.9199981689453,146.05999755859375,135.79884338378906,6768600.0,1.0,-0.7749214572837388,140.88881632383038,132.01824696962666,49.74164211179189,-66.43058235110897,3.615815657424895,137.66974843343098,136.41393356323243,26.270000457763672,8.552335117585367
62,2020-09-29,JPM,96.02999877929688,96.02999877929688,94.33000183105469,86.75323486328125,12848200.0,1.0,-1.3396221637161574,95.5902273222877,83.34342898874745,46.788072966142366,-101.94603406516228,4.238969637852677,89.86700592041015,89.58419837951661,26.270000457763672,8.552335117585367
62,2020-09-29,KO,49.38999938964844,49.560001373291016,48.90999984741211,44.65871810913086,12426600.0,1.0,0.14759007716666872,47.053773357476686,43.850727603827025,51.95714338682624,-10.56808946910701,7.983079422213174,44.85238291422526,43.746456146240234,26.270000457763672,8.552335117585367
62,2020-09-29,MCD,220.4199981689453,220.9600067138672,218.47999572753906,204.4826202392578,1731700.0,1.0,2.541442040670546,209.92466438887314,196.88992301347062,60.46750566831293,76.40401976016122,30.140729433410957,201.3668217976888,191.96908060709634,26.270000457763672,8.552335117585367
62,2020-09-29,MMM,161.6699981689453,161.9499969482422,158.77999877929688,141.10626220703125,2006700.0,1.0,-0.3819412992374396,152.21884325181034,138.84268934096312,49.1196303806601,-122.90075003922854,12.700882686163814,145.05038757324218,141.55044199625652,26.270000457763672,8.552335117585367
62,2020-09-29,MRK,78.89312744140625,79.34160614013672,77.95801544189453,71.02680969238281,6742413.0,1.0,-0.0845364671111497,74.92309193568337,70.62389521641623,49.31335536159963,-170.67275166968074,18.451253996928536,72.99550704956054,70.90823923746744,26.270000457763672,8.552335117585367
62,2020-09-29,MSFT,209.35000610351562,210.07000732421875,206.80999755859375,201.72093200683594,24221900.0,1.0,-1.742502236950827,219.36637376356762,186.93888594102222,50.31770557590473,-37.081099259547976,4.495205543834645,206.1795160929362,204.2994354248047,26.270000457763672,8.552335117585367
62,2020-09-29,NKE,124.33999633789062,127.0999984741211,123.95999908447266,122.65626525878906,7796400.0,1.0,4.135992583708841,123.94889552327373,105.39064915446065,66.52878273324175,155.83268442733973,38.87765516418005,112.07580312093098,104.21044464111328,26.270000457763672,8.552335117585367
62,2020-09-29,PG,138.38999938964844,138.4199981689453,136.66000366210938,127.51051330566406,4492100.0,1.0,0.5567041164139397,129.7870089147614,126.09611562747492,57.57528002497005,-23.83882103202765,15.378190709808258,127.96014099121093,123.6466864267985,26.270000457763672,8.552335117585367
62,2020-09-29,TRV,109.97000122070312,110.25,106.55000305175781,100.47171020507812,1306500.0,1.0,-1.5740827458637625,109.77456155643586,99.3337300695407,44.59627063948368,-147.6482612062306,14.656682373283077,105.14772364298503,106.77294578552247,26.270000457763672,8.552335117585367
62,2020-09-29,UNH,303.6700134277344,305.5,300.67999267578125,291.69378662109375,1797800.0,1.0,-2.470985320336524,305.9330125297077,279.1935164009564,50.132172943039066,-55.20848448651872,0.508768429903937,294.6330932617187,293.92530568440753,26.270000457763672,8.552335117585367
62,2020-09-29,V,200.5800018310547,202.3800048828125,199.3699951171875,195.30548095703125,5513500.0,1.0,-1.2851060266147556,209.45168173840338,188.04744851062006,49.885895836029114,-61.073426371053394,5.560702118575239,200.1273986816406,195.66979598999023,26.270000457763672,8.552335117585367
62,2020-09-29,VZ,59.279998779296875,59.4900016784668,59.099998474121094,49.52651596069336,10005900.0,1.0,0.09749848577306608,51.018197016169886,49.12585777814164,53.43147041448382,-53.98189255248745,1.2031103742264697,49.89548505147298,48.67200603485107,26.270000457763672,8.552335117585367
62,2020-09-29,WBA,35.79999923706055,36.27000045776367,35.349998474121094,30.7396297454834,5079100.0,1.0,-0.752876078726441,32.68421076837859,29.699517258965155,41.561098228136586,-61.4667348676075,17.905609625448353,32.21144955952962,33.68693574269613,26.270000457763672,8.552335117585367
62,2020-09-29,WMT,137.25,138.13999938964844,136.38999938964844,130.91505432128906,9234300.0,1.0,0.5043312266626856,139.690356900765,125.41790573351236,54.24818746453787,-0.6269035824289305,12.879976353185993,130.93734283447264,127.66895815531413,26.270000457763672,8.552335117585367
63,2020-09-30,AAPL,113.79000091552734,117.26000213623047,113.62000274658203,113.75383758544922,142675200.0,2.0,-0.6435918408435981,123.13941489740402,101.15143135503739,54.70674171180036,-24.21514237004074,4.386200350338012,115.644509379069,108.22340977986654,26.3700008392334,11.134521677494668
63,2020-09-30,AMGN,249.80999755859375,256.1199951171875,248.10000610351562,231.224365234375,3526600.0,2.0,0.669996176897655,232.1898871106543,216.37594540887693,55.48292021803913,109.40338076994604,17.209251639430438,224.15069630940755,224.22162501017252,26.3700008392334,11.134521677494668
63,2020-09-30,AXP,98.2300033569336,101.5199966430664,98.2300033569336,95.99927520751953,5060900.0,2.0,-0.6663217012707037,104.92338128099657,90.12795538892532,50.92122777336877,-22.14269180318949,0.1734172896542169,96.76693191528321,94.4520985921224,26.3700008392334,11.134521677494668
63,2020-09-30,BA,164.5,170.97999572753906,164.11000061035156,165.25999450683594,38436700.0,2.0,-2.6087711744754927,175.68915258663895,148.38085015994307,49.035270642330936,11.330958720773081,20.585950987371973,165.52900136311848,169.65850067138672,26.3700008392334,11.134521677494668
63,2020-09-30,CAT,148.0,150.9499969482422,147.74000549316406,139.74822998046875,3642800.0,2.0,1.175570300660894,145.2606367537223,134.02402358563316,56.4517873264059,48.09447493147273,21.38289178430254,137.2555674235026,132.31627909342447,26.3700008392334,11.134521677494668
63,2020-09-30,CRM,246.64999389648438,255.41000366210938,246.22000122070312,251.32000732421875,8188500.0,2.0,4.118464760701357,266.79751438394567,230.18048854574178,58.67249611551302,24.328773082496397,21.231528762358316,246.33600158691405,220.52183430989584,26.3700008392334,11.134521677494668
63,2020-09-30,CSCO,39.09000015258789,39.70000076293945,39.02000045776367,35.670738220214844,27113200.0,2.0,-0.9632756320981315,37.94054408214466,34.13082890369518,40.75720039698207,-67.85766219054726,21.67669115962458,36.74898147583008,39.329276911417644,26.3700008392334,11.134521677494668
63,2020-09-30,CVX,72.25,72.88999938964844,71.61000061035156,63.27394485473633,10466500.0,2.0,-2.8126134621455776,73.95817968796622,61.08597619582286,37.37513241920835,-117.95983844301252,40.38912253016671,69.97101440429688,73.1676804860433,26.3700008392334,11.134521677494668
63,2020-09-30,DIS,123.23999786376953,125.55000305175781,123.23999786376953,124.08000183105469,13642500.0,2.0,-1.2922447955760958,137.4535879497296,120.99041382028993,48.2450280734267,-114.8932574864823,16.111682366131742,129.83733291625975,125.77516657511393,26.3700008392334,11.134521677494668
63,2020-09-30,GS,198.67999267578125,203.0800018310547,198.36000061035156,187.02688598632812,3075800.0,2.0,-1.795040899334083,196.55977382815647,174.06091251217558,50.435356467612905,-7.394171873510962,15.252103943168374,187.01310272216796,188.79629262288412,26.3700008392334,11.134521677494668
63,2020-09-30,HD,273.4800109863281,279.9200134277344,272.5199890136719,258.4914245605469,4778800.0,2.0,-0.9719134379192553,266.91952097816005,244.87315632896883,54.53439230921168,-18.45955715597168,3.0512333153507925,258.7901891072591,252.63677393595378,26.3700008392334,11.134521677494668
63,2020-09-30,HON,165.77000427246094,167.9199981689453,163.02000427246094,155.3235626220703,2883400.0,2.0,0.5223342643549529,163.07974796290213,149.13936367039864,54.42560769122611,12.515683071949084,5.711602190516375,155.26630299886068,149.1918800354004,26.3700008392334,11.134521677494668
63,2020-09-30,IBM,116.04206848144531,117.5047836303711,115.4875717163086,100.20882415771484,3411111.0,2.0,-0.6722047423834141,104.21799968127497,96.56367298718204,49.23703798485418,-37.56541133587623,3.167472940217263,100.99921213785807,101.17199249267578,26.3700008392334,11.134521677494668
63,2020-09-30,INTC,51.2400016784668,52.380001068115234,51.150001525878906,47.24966812133789,27711300.0,2.0,0.11896096647258503,47.44180702643694,43.943137126395094,50.45099485836103,173.08278987812096,20.003011933722505,45.56274312337239,46.89542929331461,26.3700008392334,11.134521677494668
63,2020-09-30,JNJ,147.4499969482422,149.72999572753906,146.83999633789062,137.47946166992188,8487700.0,2.0,-0.5601352707906528,140.49155487812604,132.17172179423724,52.276671464574534,-21.360404861466087,13.66149798924757,137.66304931640624,136.5212740580241,26.3700008392334,11.134521677494668
63,2020-09-30,JPM,95.3499984741211,97.19999694824219,95.26000213623047,87.59029388427734,16400600.0,2.0,-1.2321810889309575,95.41755887611001,83.16399019615562,47.87242567646231,-68.5116112328176,2.3087139682084485,89.804833984375,89.6440965016683,26.3700008392334,11.134521677494668
63,2020-09-30,KO,49.27000045776367,49.619998931884766,48.88999938964844,45.06951904296875,15755900.0,2.0,0.14088722895562,47.028782054316636,43.93454726086891,53.291389463788185,-3.2058109619493442,7.0550226464833905,44.89312210083008,43.8152733484904,26.3700008392334,11.134521677494668
63,2020-09-30,MCD,218.8699951171875,222.1999969482422,218.41000366210938,205.24005126953125,3034100.0,2.0,2.4653963762504247,209.9256714431996,197.52476648404647,61.06694726967403,84.67582172291358,33.785368371188,201.6907740275065,192.51065851847332,26.3700008392334,11.134521677494668
63,2020-09-30,MMM,160.92999267578125,163.10000610351562,158.61000061035156,141.4329376220703,3056900.0,2.0,-0.5352474200130644,152.26152174785827,138.39208237811832,49.42486981541175,-102.98578592996988,7.80887735915264,144.9704116821289,141.64987030029297,26.3700008392334,11.134521677494668
63,2020-09-30,MRK,78.49236297607422,79.50381469726562,78.26335906982422,71.93739318847656,11593605.0,2.0,-0.10326945267050291,74.91762273052541,70.55388300677927,51.621324009169065,-119.99394017145127,16.171620044155006,72.96661529541015,70.9775951385498,26.3700008392334,11.134521677494668
63,2020-09-30,MSFT,207.72999572753906,211.97999572753906,206.5399932861328,204.70892333984375,33829100.0,2.0,-1.3274080097991146,216.18441651924797,188.47211576834968,51.73198522817306,-21.626652722161964,0.0521527334417895,206.15842895507814,204.3413225809733,26.3700008392334,11.134521677494668
63,2020-09-30,NKE,126.0999984741211,127.27999877929688,125.16000366210938,121.86992645263672,8699700.0,2.0,4.176802602628868,124.87118746865004,105.50707562339097,65.45076388661714,144.49985265802314,39.25318087165153,112.68435796101888,104.67454414367675,26.3700008392334,11.134521677494668
63,2020-09-30,PG,138.16000366210938,139.85000610351562,137.80999755859375,129.11767578125,8727800.0,2.0,0.628752979669656,129.89051006351298,126.0678677746218,60.084089152386305,88.52298819024645,24.106862868278228,128.03693771362305,123.9182004292806,26.3700008392334,11.134521677494668
63,2020-09-30,TRV,107.80999755859375,109.12999725341797,107.22000122070312,101.17306518554688,1595800.0,2.0,-1.5878999052083458,109.63910004410175,98.94150222030254,45.467695391087496,-130.22166403966253,14.656682373283076,104.96440200805664,106.71918436686198,26.3700008392334,11.134521677494668
63,2020-09-30,UNH,304.0199890136719,314.5199890136719,303.989990234375,299.00164794921875,3497300.0,2.0,-1.543344953916744,305.96509672255934,279.1828891172844,53.48879404304541,32.77453737523525,14.021988547945938,294.51353352864584,294.1864430745443,26.3700008392334,11.134521677494668
63,2020-09-30,V,200.85000610351562,202.5399932861328,198.88999938964844,195.82449340820312,9157600.0,2.0,-1.2114062582784015,207.72369238813846,188.46517632524044,50.24986145637406,-61.736806395455524,7.024611705623389,200.158735148112,195.76875381469728,26.3700008392334,11.134521677494668
63,2020-09-30,VZ,59.459999084472656,59.709999084472656,59.04999923706055,49.73552703857422,16348400.0,2.0,0.08426926070934115,51.001967138672164,49.16967669067353,54.531242294079604,-38.38476170309633,3.224898002101445,49.90412419637044,48.74252853393555,26.3700008392334,11.134521677494668
63,2020-09-30,WBA,35.54999923706055,36.29999923706055,35.54999923706055,31.208799362182617,6679200.0,2.0,-0.6896334074370714,32.605940661718165,29.704803814600197,43.32120078458848,-47.913588245655056,17.4162406495999,32.07127628326416,33.60265531539917,26.3700008392334,11.134521677494668
63,2020-09-30,WMT,137.38999938964844,141.74000549316406,137.1999969482422,133.55934143066406,11608800.0,2.0,0.6732751514084043,138.18266900192083,126.19245459427059,57.09385648750305,49.3976786426921,27.222293229586008,131.1028081258138,127.88342348734538,26.3700008392334,11.134521677494668
64,2020-10-01,AAPL,117.63999938964844,117.72000122070312,115.83000183105469,114.7164535522461,116120400.0,3.0,-0.31218116893042236,119.1615326036185,103.69425276625455,55.3240969043285,-11.056156140803926,2.9509578276615813,115.67995249430338,108.57733065287272,26.700000762939453,13.895106583004093
64,2020-10-01,AMGN,255.07000732421875,258.510009765625,254.0500030517578,232.3433837890625,2428300.0,3.0,1.2309303248397896,231.4201059917553,216.89736379584235,56.05836828332405,150.9492229199425,21.709041240512303,224.60254313151043,224.30462646484375,26.700000762939453,13.895106583004093
64,2020-10-01,AXP,100.33000183105469,101.4800033569336,99.37000274658203,97.0334701538086,4179300.0,3.0,-0.4791316357317612,104.68791394315181,90.06944003023685,52.01775266235296,-10.192202310676649,0.1734172896542122,96.90865681966146,94.58664131164551,26.700000762939453,13.895106583004093
64,2020-10-01,BA,170.14999389648438,172.75999450683594,165.57000732421875,167.86000061035156,30677100.0,3.0,-1.8651630999394513,174.29369235393534,149.08431057575217,50.02851954563194,34.12374469025448,23.0873235906052,165.48200124104818,169.454833984375,26.700000762939453,13.895106583004093
64,2020-10-01,CAT,149.9199981689453,150.30999755859375,145.64999389648438,137.46200561523438,2157400.0,3.0,1.0072215348234579,145.22288840926205,133.82190986954652,54.25943266068679,13.837985016049092,12.510686445883138,137.52697347005207,132.62129923502604,26.700000762939453,13.895106583004093
64,2020-10-01,CRM,253.17999267578125,254.6699981689453,250.80999755859375,253.4499969482422,4318000.0,3.0,4.411450884731295,260.26017308555816,234.39382929481292,59.263782978070886,28.313993455831277,21.231528762358316,247.94733479817708,221.40800094604492,26.700000762939453,13.895106583004093
64,2020-10-01,CSCO,39.099998474121094,39.310001373291016,38.56999969482422,35.46052932739258,20763500.0,3.0,-0.9045188377824971,37.44194386885247,34.334017434858474,40.125880875552184,-82.57754058761367,27.12189911330491,36.667113367716475,39.22887649536133,26.700000762939453,13.895106583004093
64,2020-10-01,CVX,71.51000213623047,71.87999725341797,70.02999877929688,61.88542556762695,14930700.0,3.0,-2.892975789109599,73.30274077178152,60.61918267487377,35.899519197971,-131.32224473719128,45.30549926891396,69.50319709777833,72.95233224232992,26.700000762939453,13.895106583004093
64,2020-10-01,DIS,124.94000244140625,125.47000122070312,122.41999816894531,123.30999755859375,8908300.0,3.0,-1.445068682956773,136.71564992840862,120.52035165850546,47.486381723222806,-116.49282167644787,19.26087400181323,129.68866628011068,125.88599980672201,26.700000762939453,13.895106583004093
64,2020-10-01,GS,201.52999877929688,203.1300048828125,197.8699951171875,184.77474975585938,2288700.0,3.0,-1.559832751500636,194.95835901419346,174.5930417426425,49.115102600130115,-19.101351559702202,13.826309779353913,186.91234029134114,188.75778223673504,26.700000762939453,13.895106583004093
64,2020-10-01,HD,279.44000244140625,280.0,275.8500061035156,258.4075622558594,2696900.0,3.0,-0.6043302010924378,265.1718505839818,245.72911529736584,54.4816016272513,-3.5029666219320017,3.226954575699182,258.6736475626628,253.0984031677246,26.700000762939453,13.895106583004093
64,2020-10-01,HON,166.1999969482422,167.13999938964844,162.1199951171875,154.44598388671875,2409300.0,3.0,0.46351151067446494,161.95475627338038,149.43494251812353,53.61796890829201,-10.940660783301368,2.1856327771250905,155.4811248779297,149.4892438252767,26.700000762939453,13.895106583004093
64,2020-10-01,IBM,116.97896575927734,117.87763214111328,115.06692504882812,99.73111724853516,3359438.0,3.0,-0.6244560616887043,103.05379788783549,97.14393389317038,48.541973906480315,-41.84482714143693,0.5766731680276819,100.92371419270833,101.23927218119303,26.700000762939453,13.895106583004093
64,2020-10-01,INTC,52.400001525878906,52.720001220703125,51.9900016784668,47.669429779052734,22127600.0,3.0,0.2446280964700449,47.43917652316136,43.94485629849391,51.55986105000153,198.64244819821369,23.283514838243125,45.68167381286621,46.804564476013184,26.700000762939453,13.895106583004093
64,2020-10-01,JNJ,149.30999755859375,149.64999389648438,146.4600067138672,136.0389404296875,6457800.0,3.0,-0.5003855624083542,139.20240586301676,132.859723348409,50.038699952072434,-38.42536006231826,11.063712448423676,137.59915974934896,136.59818420410156,26.700000762939453,13.895106583004093
64,2020-10-01,JPM,97.12000274658203,97.7699966430664,96.02999877929688,88.22718048095703,15778700.0,3.0,-1.083155890558615,95.03072676564132,83.12501816844072,48.69532705664727,-47.19821664565957,5.403190556974489,89.75691604614258,89.69974835713704,26.700000762939453,13.895106583004093
64,2020-10-01,KO,49.439998626708984,49.65999984741211,48.59000015258789,44.896080017089844,17577300.0,3.0,0.1201945654272194,46.91947166528641,43.89789054784836,52.652733902292525,-17.46480128327491,11.13717510230838,44.95977465311686,43.88331279754639,26.700000762939453,13.895106583004093
64,2020-10-01,MCD,221.58999633789062,223.0,217.7899932861328,205.33355712890625,2443000.0,3.0,2.385179911412706,210.07837426388352,197.6862512854329,61.14219439675207,80.10144443670961,36.08506163575868,202.0429433186849,193.0533297220866,26.700000762939453,13.895106583004093
64,2020-10-01,MMM,160.6699981689453,161.89999389648438,157.72000122070312,140.20562744140625,1989100.0,3.0,-0.7471644530382378,151.83175728362852,137.87531211334414,48.29874286515821,-124.78960776692519,11.004672387931,144.86148325602213,141.7323440551758,26.700000762939453,13.895106583004093
64,2020-10-01,MRK,79.37023162841797,79.52290344238281,77.52862548828125,70.80132293701172,8410305.0,3.0,-0.2073961200755008,74.64070664047432,70.42646636367607,48.75600397771636,-150.23041629138578,23.317286661825158,72.88636601765951,71.03949661254883,26.700000762939453,13.895106583004093
64,2020-10-01,MSFT,213.49000549316406,213.99000549316406,211.32000732421875,206.78199768066406,27158400.0,3.0,-0.821691126468977,210.33072011829805,192.45809976695588,52.69841029326633,6.180107599812921,4.7167126235033106,206.247971089681,204.34364624023436,26.700000762939453,13.895106583004093
64,2020-10-01,NKE,127.7300033569336,127.7300033569336,125.30999755859375,122.93778991699219,5637200.0,3.0,4.246363063581697,125.90086654679195,105.43263107283695,66.21973340494955,137.69204204377039,40.234471867845386,113.28265991210938,105.12786725362142,26.700000762939453,13.895106583004093
64,2020-10-01,PG,139.5800018310547,139.99000549316406,138.2100067138672,129.3498992919922,5713400.0,3.0,0.6965611955597666,129.5525572291852,126.28784422955505,60.43382676741647,105.13151850464224,24.917369820010453,128.14438908894857,124.18327662150065,26.700000762939453,13.895106583004093
64,2020-10-01,TRV,108.18000030517578,109.0,106.26000213623047,100.81769561767578,1323600.0,3.0,-1.6089781590525547,108.94758082524399,98.81083897456071,45.09590886881816,-129.78790526776288,18.569465018592307,104.82275797526042,106.6486717224121,26.700000762939453,13.895106583004093
64,2020-10-01,UNH,312.9100036621094,315.1700134277344,309.1499938964844,300.2483825683594,2731200.0,3.0,-0.6995186008767291,304.71100508772633,279.8753718653986,54.03482562893493,67.22138327533843,14.968986412696076,294.4804209391276,294.4411392211914,26.700000762939453,13.895106583004093
64,2020-10-01,V,202.2100067138672,205.1999969482422,201.63999938964844,199.1343994140625,7234600.0,3.0,-0.8758209890770843,204.5612085392424,190.34187983966387,52.52459339482249,-17.742379170666897,1.9765781699398168,200.23577067057292,195.90869827270507,26.700000762939453,13.895106583004093
64,2020-10-01,VZ,59.400001525878906,59.599998474121094,59.029998779296875,49.702083587646484,14547100.0,3.0,0.07027629614712794,50.93789130242548,49.14346093146124,54.31890507300565,-47.4072490460802,2.7878366842952236,49.91527150472005,48.80780868530273,26.700000762939453,13.895106583004093
64,2020-10-01,WBA,35.84000015258789,36.119998931884766,35.540000915527344,31.165359497070312,4808900.0,3.0,-0.6356905242143327,32.44700265996539,29.750792063545344,43.19658667913614,-48.09523701583466,17.53817949980537,31.944425264994305,33.51664883295695,26.700000762939453,13.895106583004093
64,2020-10-01,WMT,140.8000030517578,144.3800048828125,140.25999450683594,136.58544921875,14430300.0,3.0,1.0393648857840674,136.82057920095147,127.1154254377204,60.036506239227315,106.55404025501338,35.54088738528723,131.44233042399088,128.1880947113037,26.700000762939453,13.895106583004093
65,2020-10-02,AAPL,112.88999938964844,115.37000274658203,112.22000122070312,111.01338958740234,144712000.0,4.0,-0.34437242694686176,117.96868213176201,104.11505886555246,52.47762362367053,-44.67287412978355,12.987370299670363,115.50789642333984,108.86283391316732,27.6299991607666,18.628893448392375
65,2020-10-02,AMGN,252.39999389648438,254.66000366210938,244.00999450683594,223.26400756835938,2514100.0,4.0,0.9321002257088651,231.28662237505327,216.8034090580522,50.5714686749102,18.865746994263265,2.1683552044603602,224.80511678059895,224.2352503458659,27.6299991607666,18.628893448392375
65,2020-10-02,AXP,99.77999877929688,103.13999938964844,98.62999725341797,97.30158996582031,3783300.0,4.0,-0.30562408786150286,104.44409920914629,90.04033987776776,52.3035515917044,-4.952639386316885,7.478058683783659,97.0647450764974,94.76283950805664,27.6299991607666,18.628893448392375
65,2020-10-02,BA,161.86000061035156,169.77999877929688,161.8000030517578,168.0800018310547,31773800.0,4.0,-1.2437588062732061,174.18112212200174,149.12788056354515,50.1136224381109,10.613302188485745,14.893927354123585,165.43200124104817,169.36816736857097,27.6299991607666,18.628893448392375
65,2020-10-02,CAT,144.27000427246094,151.25,143.75,140.4884490966797,3220500.0,4.0,1.1052717363501756,145.3056537594282,134.0371028934038,56.56919841070452,22.032307396472362,5.049060347649302,137.91612803141277,133.01396001180012,27.6299991607666,18.628893448392375
65,2020-10-02,CRM,249.75,254.9499969482422,247.2100067138672,247.85000610351562,4494500.0,4.0,4.144002556859334,256.3884598010346,236.5495422131255,57.044041351401816,6.735903771234682,14.595138246604636,249.22533518473307,222.19316762288412,27.6299991607666,18.628893448392375
65,2020-10-02,CSCO,38.04999923706055,38.54999923706055,37.970001220703125,34.97615432739258,24493000.0,4.0,-0.8868160064778579,37.28002259032961,34.28520987732176,38.69706333200623,-111.2312533918777,33.69224674486983,36.555817413330075,39.1069704691569,27.6299991607666,18.628893448392375
65,2020-10-02,CVX,68.91999816894531,71.66999816894531,68.81999969482422,62.56210708618164,9854800.0,4.0,-2.868989049050157,72.57880903704715,60.3685206748669,37.150490497022986,-126.57367936822796,48.76473213871098,69.10421981811524,72.80038515726726,27.6299991607666,18.628893448392375
65,2020-10-02,DIS,121.98999786376953,123.68000030517578,121.69000244140625,122.55000305175781,6490200.0,4.0,-1.6089608211028263,136.30683702497288,119.86016431780057,46.736005651475026,-126.90010382659557,22.04576153660669,129.50299987792968,125.9816665649414,27.6299991607666,18.628893448392375
65,2020-10-02,GS,195.33999633789062,200.6999969482422,195.2899932861328,186.03111267089844,2541200.0,4.0,-1.2575543091037957,193.83656597446412,175.00198077846557,49.87235964700103,-35.69621812659112,6.416617338487271,186.88953094482423,188.82377141316732,27.6299991607666,18.628893448392375
65,2020-10-02,HD,274.94000244140625,281.0799865722656,274.1000061035156,259.9806213378906,2943600.0,4.0,-0.1839644881903837,265.5990123415362,245.73755992408883,55.32085509593026,0.8915207479320961,0.9709196786783583,258.6768224080404,253.60492248535155,27.6299991607666,18.628893448392375
65,2020-10-02,HON,161.6199951171875,167.0,161.35000610351562,156.26712036132812,2339900.0,4.0,0.5574189693189453,161.90215377236893,149.4224357662053,55.049906646982684,-11.643000955414015,0.8391718446024367,155.77804005940754,149.88295237223306,27.6299991607666,18.628893448392375
65,2020-10-02,IBM,113.80496978759766,116.39579010009766,113.59464263916016,99.30284118652344,3059759.0,4.0,-0.6140942904594198,102.68595768016093,97.19221233326681,47.91465721102351,-84.11327155871335,8.061571489352952,100.8528834025065,101.32651252746582,27.6299991607666,18.628893448392375
65,2020-10-02,INTC,51.5,51.97999954223633,50.9900016784668,46.54703140258789,25811800.0,4.0,0.25076141220340276,47.50509744839325,43.93551000399933,48.55420962459743,101.91290512327254,9.203935926759668,45.73764101664225,46.69786307017009,27.6299991607666,18.628893448392375
65,2020-10-02,JNJ,146.2100067138672,148.41000366210938,145.8300018310547,135.0416259765625,5485600.0,4.0,-0.5274285613620009,138.92218486322335,132.83429096685475,48.550118430733136,-63.89888876725956,6.740036469501695,137.47053120930988,136.6703976949056,27.6299991607666,18.628893448392375
65,2020-10-02,JPM,95.25,98.58999633789062,95.08999633789062,89.06421661376953,15149600.0,4.0,-0.8872824864749163,94.69104443308335,83.15171450856705,49.773330162770144,-40.4257440966489,0.17129587224265264,89.77268651326497,89.79998219807943,27.6299991607666,18.628893448392375
65,2020-10-02,KO,48.7599983215332,49.58000183105469,48.54999923706055,45.060394287109375,13610100.0,4.0,0.11572031707544284,46.88737665599912,43.86474546008975,53.20238248338185,-22.289089324582445,11.689998813382225,45.032508341471356,43.97159849802653,27.6299991607666,18.628893448392375
65,2020-10-02,MCD,217.50999450683594,223.35000610351562,217.10000610351562,208.21360778808594,3833100.0,4.0,2.5248983472560553,210.48656105407645,198.1074773370368,63.39633301086467,91.11329773887283,31.862741841055065,202.47964833577473,193.66755269368488,27.6299991607666,18.628893448392375
65,2020-10-02,MMM,156.47000122070312,161.94000244140625,156.25,141.59188842773438,1768600.0,4.0,-0.7940966999117052,151.64842975944322,137.53327953010756,49.6394869359692,-118.39508954344834,16.137417832408598,144.82793070475262,141.88356755574543,27.6299991607666,18.628893448392375
65,2020-10-02,MRK,77.09923553466797,77.99618530273438,76.76526641845703,70.07283782958984,5255406.0,4.0,-0.34472612595551766,74.66822776845862,70.04574470468592,47.024563691690275,-193.42878803985997,29.949041111364945,72.78183390299479,71.10690650939941,27.6299991607666,18.628893448392375
65,2020-10-02,MSFT,208.0,210.99000549316406,205.5399932861328,200.67955017089844,33154800.0,4.0,-0.9029151231976584,208.421196589842,193.28631378613454,49.66999587440744,-39.66194919244697,8.42120608574518,205.97577870686848,204.22015101114908,27.6299991607666,18.628893448392375
65,2020-10-02,NKE,124.3499984741211,126.80000305175781,123.58999633789062,122.93778991699219,7491100.0,4.0,4.252470398361481,126.63689167900759,106.03529383734983,66.21973340494955,114.2793703865247,31.551927575696237,113.89323094685872,105.61105613708496,27.6299991607666,18.628893448392375
65,2020-10-02,PG,137.92999267578125,139.1199951171875,136.9499969482422,128.30943298339844,6077900.0,4.0,0.6587491099384124,129.53836289845043,126.28903349437184,58.07534151577191,6.971802333602366,13.278442098023865,128.18371556599934,124.43731981913248,27.6299991607666,18.628893448392375
65,2020-10-02,TRV,106.69000244140625,109.48999786376953,106.45999908447266,101.53775024414062,1220300.0,4.0,-1.5497162719583315,108.5413779270686,98.66456155657397,46.02108269405409,-106.04549414697723,15.67581609945151,104.72584431966146,106.63873341878255,27.6299991607666,18.628893448392375
65,2020-10-02,UNH,312.1000061035156,317.3900146484375,308.3599853515625,299.20306396484375,2338000.0,4.0,-0.11381660489075784,304.15963699650655,280.14360397029037,53.49015750478015,69.41058732419975,18.256023503446524,294.4783701578776,294.7930262247721,27.6299991607666,18.628893448392375
65,2020-10-02,V,200.0,202.8300018310547,199.39999389648438,197.2836151123047,6019700.0,4.0,-0.7505581043549512,203.34072670604039,190.82791037892056,51.17119731934082,-50.78543091235205,5.200579537155384,200.14796346028646,196.0644048055013,27.6299991607666,18.628893448392375
65,2020-10-02,VZ,59.290000915527344,59.54999923706055,59.11000061035156,49.52651596069336,10741800.0,4.0,0.04450688305914241,50.85688427399118,49.1099309115557,53.19404027306922,-57.44012328761828,2.7878366842952076,49.923074340820314,48.88165804545085,27.6299991607666,18.628893448392375
65,2020-10-02,WBA,35.31999969482422,35.959999084472656,35.279998779296875,31.078481674194336,5465000.0,4.0,-0.5931136696770558,32.281107245842,29.802000320991496,42.9410325401403,-53.448036683646095,20.78938445518279,31.830317560831705,33.476151339213054,27.6299991607666,18.628893448392375
65,2020-10-02,WMT,142.33999633789062,143.10000610351562,140.1300048828125,134.12255859375,8195000.0,4.0,1.1178728057560647,135.86920163821028,127.6811432104225,56.7590407416134,71.38419554411051,34.73032678442832,131.75830612182617,128.39927088419597,27.6299991607666,18.628893448392375
66,2020-10-05,AAPL,113.91000366210938,116.6500015258789,113.55000305175781,114.43161010742188,106243800.0,0.0,-0.09299046593883986,116.94539684536234,104.70026279208882,54.70310190770415,-20.69636531965996,8.725647227854068,115.2502207438151,109.20257047017415,27.959999084472656,15.226418486488118
66,2020-10-05,AMGN,246.52000427246094,256.6499938964844,246.24000549316406,232.90745544433594,2852300.0,0.0,1.4566297481119364,232.61796545407103,216.1643938598938,55.37104459221815,94.83100704930068,1.9089576567265367,225.36219278971353,224.36606038411458,27.959999084472656,15.226418486488118
66,2020-10-05,AXP,103.33000183105469,104.08000183105469,102.2699966430664,99.48490905761719,2863200.0,0.0,0.007965674491998698,104.20079985862361,90.11318482155218,54.58240159981115,43.454109830705406,11.402343823773144,97.3118054707845,94.93297271728515,27.959999084472656,15.226418486488118
66,2020-10-05,BA,169.49000549316406,172.0800018310547,167.50999450683594,171.1999969482422,19082100.0,0.0,-0.49384120153086997,174.2124633295937,149.11153874560162,51.32963698742823,51.505913302995886,18.434764790321605,165.55533447265626,169.24750061035155,27.959999084472656,15.226418486488118
66,2020-10-05,CAT,152.1699981689453,154.4499969482422,151.6199951171875,143.8146514892578,2597700.0,0.0,1.4348340881069817,145.83223253106584,134.00805372381697,58.92728199054804,119.70850056072291,15.176860130824116,138.38648529052733,133.42671788533528,27.959999084472656,15.226418486488118
66,2020-10-05,CRM,250.0,253.27999877929688,249.0,251.52999877929688,3403500.0,0.0,4.180798837570563,255.76667544448492,236.8543267527807,58.110636757902746,6.426543169820749,14.59513824660463,250.69200185139974,223.07066752115887,27.959999084472656,15.226418486488118
66,2020-10-05,CSCO,38.47999954223633,38.790000915527344,38.279998779296875,35.250335693359375,26929100.0,0.0,-0.8409680837378062,37.10263046426716,34.29106498556194,39.9491964158311,-90.2083546019958,28.729773970603983,36.45547218322754,38.99023780822754,27.959999084472656,15.226418486488118
66,2020-10-05,CVX,71.5199966430664,72.7300033569336,70.70999908447266,63.889095306396484,12049800.0,0.0,-2.7116443770314618,71.68555954264704,60.450633160600034,39.54398049655678,-97.79457008733335,40.44645178456901,68.74156608581544,72.63460229237874,27.959999084472656,15.226418486488118
66,2020-10-05,DIS,123.26000213623047,123.5999984741211,122.33000183105469,123.37000274658203,5919200.0,0.0,-1.6536175255207155,135.91722008700353,119.38778098111172,47.65916576531985,-110.24755619868188,22.045761536606683,129.36733322143556,126.0488333384196,27.959999084472656,15.226418486488118
66,2020-10-05,GS,201.92999267578125,202.83999633789062,199.58999633789062,187.79930114746094,2551600.0,0.0,-0.8653432941770234,191.77774815608308,176.2102126593466,50.93542308754468,4.276717394394716,11.52335449307729,186.90777791341145,188.78463973999024,27.959999084472656,15.226418486488118
66,2020-10-05,HD,280.9200134277344,282.4200134277344,279.70001220703125,262.57757568359375,2330700.0,0.0,0.3546427787056814,266.37972303532155,246.11475938655343,56.68477627001738,39.06712046588895,2.281831032221989,258.68785959879557,254.1215461730957,27.959999084472656,15.226418486488118
66,2020-10-05,HON,166.99000549316406,169.25,166.74000549316406,159.20169067382812,1750000.0,0.0,0.8587376131934832,162.1595805256563,149.35655564377728,57.24997430267703,73.86346821170655,7.695593929002656,156.13094126383464,150.3086814880371,27.959999084472656,15.226418486488118
66,2020-10-05,IBM,116.4818344116211,117.35181427001953,115.72657775878906,100.48883819580078,3190823.0,0.0,-0.504368420061553,102.66162758840045,97.1926570795683,49.77408914409418,-22.872067671297557,1.981732680230081,100.821310933431,101.3977492014567,27.959999084472656,15.226418486488118
66,2020-10-05,INTC,51.29999923706055,51.810001373291016,51.27000045776367,47.167537689208984,20883200.0,0.0,0.3022081136371497,47.69207868434783,43.89544191501741,50.21401213173263,112.63006285717559,9.203935926759678,45.81094589233398,46.58473593393962,27.959999084472656,15.226418486488118
66,2020-10-05,JNJ,147.0,148.3800048828125,146.4199981689453,136.87925720214844,4992800.0,0.0,-0.39601384953977004,138.87841930532264,132.84481677866174,51.31099512014139,-36.55352719252677,6.740036469501695,137.3621836344401,136.77507298787435,27.959999084472656,15.226418486488118
66,2020-10-05,JPM,98.31999969482422,99.25,97.52999877929688,90.94669342041016,13871900.0,0.0,-0.5735398464326096,94.0702886637723,83.44847735795621,52.11420645208441,3.0625968375968435,3.653159880598147,89.85272216796875,89.85592219034831,27.959999084472656,15.226418486488118
66,2020-10-05,KO,49.43000030517578,49.54999923706055,49.119998931884766,45.07865524291992,10628700.0,0.0,0.1123528162140559,46.78155298993897,43.85644215776611,53.264756856089996,-14.661702548234798,11.689998813382234,45.107963434855144,44.04147351582845,27.959999084472656,15.226418486488118
66,2020-10-05,MCD,224.86000061035156,226.5,224.00999450683594,211.39285278320312,2913800.0,0.0,2.8592055732708275,211.18254635836058,198.75239321683472,65.67047348232728,170.0356746665699,40.82309812386122,202.96995798746744,194.32624181111655,27.959999084472656,15.226418486488118
66,2020-10-05,MMM,162.25,163.5,161.75999450683594,143.7021484375,1457000.0,0.0,-0.653477613920586,151.47432289318112,137.44073447986574,51.6153926956651,-38.467979827861406,9.00558447022148,144.8585403442383,142.04954579671224,27.959999084472656,15.226418486488118
66,2020-10-05,MRK,77.5095443725586,77.80534362792969,76.92748260498047,70.45441436767578,8807182.0,0.0,-0.41795320301187644,74.6162049455259,69.8042494612124,48.024703316137504,-163.19555054547237,29.94904111136496,72.6914566040039,71.18010177612305,27.959999084472656,15.226418486488118
66,2020-10-05,MSFT,207.22000122070312,210.41000366210938,206.97999572753906,204.75755310058594,21331600.0,0.0,-0.6309517516203016,207.58922282350426,193.74163044798013,51.593053153168334,-22.520894895769594,8.421206085745169,205.89012959798177,204.17514114379884,27.959999084472656,15.226418486488118
66,2020-10-05,NKE,127.06999969482422,128.5,126.44999694824219,124.17064666748047,8270300.0,0.0,4.3071416931895925,127.36811101570646,106.80973245963534,67.12379041683175,128.44376270871925,35.754525555544376,114.48871739705403,106.09864908854166,27.959999084472656,15.226418486488118
66,2020-10-05,PG,138.72000122070312,139.64999389648438,138.3000030517578,129.48922729492188,6333900.0,0.0,0.7157317901009179,129.7494950043804,126.21074288014108,59.910547139249644,97.76092153072891,16.765492371817277,128.24409815470378,124.68933245340983,27.959999084472656,15.226418486488118
66,2020-10-05,TRV,110.55000305175781,112.02999877929688,109.55000305175781,104.65179443359375,1296300.0,0.0,-1.2372116527462822,107.90333358573653,98.94829452705645,49.80516232888088,-29.182639779346317,1.8962774215342573,104.75438944498698,106.62191251118978,27.959999084472656,15.226418486488118
66,2020-10-05,UNH,315.07000732421875,318.4200134277344,313.1199951171875,305.12042236328125,1638600.0,0.0,0.8184037668241899,305.618208760411,279.3976420696671,56.08253318425617,118.46380897692282,19.793762351364112,294.6477752685547,295.24242095947267,27.959999084472656,15.226418486488118
66,2020-10-05,V,202.7100067138672,203.64999389648438,201.0500030517578,199.32044982910156,6090500.0,0.0,-0.4813817573854067,203.1812303918849,190.8777265172948,52.56276651133378,-26.043037064584713,2.380928387971534,200.12870279947916,196.24851710001627,27.959999084472656,15.226418486488118
66,2020-10-05,VZ,59.630001068115234,59.84000015258789,59.2599983215332,49.87765121459961,10457400.0,0.0,0.05182076048917139,50.77955287189139,49.11870838909494,55.11706055115236,-23.72048525446218,9.160479356413045,49.94174575805664,48.95369612375895,27.959999084472656,15.226418486488118
66,2020-10-05,WBA,36.02000045776367,36.66999816894531,35.95000076293945,31.816999435424805,4774900.0,0.0,-0.4940835073097851,32.23304379055821,29.826605486175183,45.762706128508164,-10.169436042491695,8.322583963600248,31.74806702931722,33.43207146326701,27.959999084472656,15.226418486488118
66,2020-10-05,WMT,141.2899932861328,142.19000244140625,141.07000732421875,135.363525390625,4753000.0,0.0,1.2656370709462692,135.60695848944664,127.84506024834633,57.95542576931133,73.67439471429218,34.730326784428314,132.08191833496093,128.58470420837403,27.959999084472656,15.226418486488118
67,2020-10-06,AAPL,115.69999694824219,116.12000274658203,112.25,111.15090942382812,161498200.0,1.0,-0.15668738331682164,116.96384950182552,104.71520781018619,52.27263670671608,-37.304157450050546,12.316294401708463,114.8344856262207,109.49485944112142,29.479999542236328,14.68895202647536
67,2020-10-06,AMGN,257.3999938964844,257.3999938964844,252.13999938964844,229.88702392578125,2431400.0,1.0,1.6100400533793788,233.14110363121333,216.68838703040777,53.68210314249718,111.23342195593047,3.4611086127441695,225.88136189778646,224.43146794637045,29.479999542236328,14.68895202647536
67,2020-10-06,AXP,105.01000213623047,105.29000091552734,101.31999969482422,97.44522857666016,3309200.0,1.0,0.09085532828812859,104.04076717504302,90.09031650415619,52.17334732347791,26.559780531524986,16.288004173357827,97.38937072753906,95.06384442647298,29.479999542236328,14.68895202647536
67,2020-10-06,BA,173.0399932861328,175.55999755859375,159.3300018310547,159.5399932861328,47132500.0,1.0,-0.830813840929153,174.16934849328098,149.00065272742214,46.909035786778794,-6.3991948738156195,2.2599533268540637,164.93100077311198,168.97900060017903,29.479999542236328,14.68895202647536
67,2020-10-06,CAT,154.0,155.4499969482422,151.27999877929688,141.97817993164062,2559800.0,1.0,1.530187668640906,146.03095060116925,134.09135927431902,57.154835550985055,105.28504372464235,18.095222436441684,138.69412282307943,133.76918767293293,29.479999542236328,14.68895202647536
67,2020-10-06,CRM,252.72999572753906,257.2900085449219,249.0,250.13999938964844,4448100.0,1.0,4.0511002590382645,256.04537734555015,237.46262436343423,57.5522571284098,2.9118316895921836,20.15825049340956,252.08133494059246,224.10066757202148,29.479999542236328,14.68895202647536
67,2020-10-06,CSCO,38.5,39.349998474121094,38.400001525878906,35.250335693359375,28430800.0,1.0,-0.7954636646823516,37.04460437664172,34.25181057086804,39.949196415831096,-72.98073018613785,17.821592500766272,36.35724004109701,38.88452294667562,29.479999542236328,14.68895202647536
67,2020-10-06,CVX,73.83999633789062,74.31999969482422,72.25,63.5375862121582,15294500.0,1.0,-2.585507318129487,71.27103891821825,60.27899236229932,39.13557256162251,-78.46897670616494,28.890485707991616,68.3050931294759,72.46050643920898,29.479999542236328,14.68895202647536
67,2020-10-06,DIS,123.12999725341797,124.19000244140625,120.61000061035156,120.93000030517578,9052000.0,1.0,-1.864404397236413,135.17074171608985,118.80725968771876,45.24528161602736,-117.91459969555048,28.669940154440017,129.04199981689453,126.12733332316081,29.479999542236328,14.68895202647536
67,2020-10-06,GS,204.25,206.08999633789062,199.89999389648438,187.13856506347656,2833100.0,1.0,-0.6009022915274329,191.57812086401,176.28048356714234,50.52125297124205,19.954076285653027,18.72352884060996,186.75260467529296,188.68331146240234,29.479999542236328,14.68895202647536
67,2020-10-06,HD,282.5,283.0,275.7699890136719,257.3372497558594,2992500.0,1.0,0.3545553180362617,266.3701032808529,246.79548357217442,53.28899881284004,7.316937066155692,7.100547099485414,258.4155797322591,254.55839258829752,29.479999542236328,14.68895202647536
67,2020-10-06,HON,169.11000061035156,171.4199981689453,166.6199951171875,157.47491455078125,2345800.0,1.0,0.9472787675166217,162.3171609701623,149.44619199614633,55.59364990875123,72.66571403923624,15.103456086305956,156.36746724446616,150.6893674214681,29.479999542236328,14.68895202647536
67,2020-10-06,IBM,117.18929290771484,119.34034729003906,116.24282836914062,100.45590209960938,4050426.0,1.0,-0.41528045041397377,102.70255283497517,97.21432643748577,49.723093312029775,15.055362589638694,9.357421682598128,100.7194580078125,101.45691986083985,29.479999542236328,14.68895202647536
67,2020-10-06,INTC,51.709999084472656,52.70000076293945,51.22999954223633,46.87553787231445,25642800.0,1.0,0.31577795855648816,47.78008325388258,44.03191358754809,49.43754492584208,116.89108175687834,18.652113231135445,45.87877553304036,46.48109270731608,29.479999542236328,14.68895202647536
67,2020-10-06,JNJ,148.27999877929688,148.61000061035156,145.8699951171875,135.06008911132812,5118200.0,1.0,-0.4336594489519996,138.85259042580623,132.77830404440863,48.63812894638721,-55.906985986432986,2.7496949183812243,137.1808848063151,136.8060089111328,29.479999542236328,14.68895202647536
67,2020-10-06,JPM,100.06999969482422,100.86000061035156,97.51000213623047,90.01005554199219,19220400.0,1.0,-0.39591157064440097,93.9632939420649,83.46535748615776,50.89333392837605,9.091776699940224,12.376637568043986,89.81843795776368,89.87532539367676,29.479999542236328,14.68895202647536
67,2020-10-06,KO,49.54999923706055,49.72999954223633,48.83000183105469,44.67697525024414,10077400.0,1.0,0.07639123844580098,46.78561621627874,43.80946892776423,51.69682820022758,-35.04129179261928,16.018156427070984,45.149201202392575,44.10314451853434,29.479999542236328,14.68895202647536
67,2020-10-06,MCD,226.8300018310547,228.66000366210938,223.60000610351562,209.54139709472656,2453600.0,1.0,2.9408491789221785,211.47583313575683,199.4418701113135,63.30118935764189,153.2821795814899,46.025869593128874,203.3660151163737,194.95345357259114,29.479999542236328,14.68895202647536
67,2020-10-06,MMM,163.44000244140625,165.6999969482422,161.8300018310547,143.24302673339844,2021900.0,1.0,-0.5724840202214523,151.4521909093739,137.3798708582042,51.163586509333854,-22.786683451392857,0.23051511552592113,144.82027943929037,142.17943471272787,29.479999542236328,14.68895202647536
67,2020-10-06,MRK,77.41412353515625,77.42366027832031,75.87786102294922,69.05816650390625,10273230.0,1.0,-0.5819434410859259,74.86135445002856,69.2904041254109,44.82155446478778,-192.4466394536331,38.329022802302305,72.54190979003906,71.2211296081543,29.479999542236328,14.68895202647536
67,2020-10-06,MSFT,208.82000732421875,210.17999267578125,204.82000732421875,200.4070281982422,28554300.0,1.0,-0.7577351222053892,207.56027928003408,194.08688868871593,49.50550670995519,-41.901654918129196,13.07803236792523,205.63772735595703,204.16442438761393,29.479999542236328,14.68895202647536
67,2020-10-06,NKE,128.83999633789062,130.44000244140625,127.2699966430664,123.91825103759766,5978000.0,1.0,4.280756968597714,127.85865423087029,107.76854150887581,66.7454810589977,126.8809458715007,40.23113747195572,115.00863316853841,106.6067351023356,29.479999542236328,14.68895202647536
67,2020-10-06,PG,139.4199981689453,140.77000427246094,138.80999755859375,129.693603515625,6042900.0,1.0,0.7685233686307527,129.8886899268102,126.41247965937141,60.222579143760086,140.79358965071435,23.69635505572147,128.2781608581543,124.94228960673014,29.479999542236328,14.68895202647536
67,2020-10-06,TRV,112.55000305175781,113.30999755859375,110.79000091552734,104.29643249511719,1491800.0,1.0,-1.0066205341794614,107.74679326037018,98.97765666028413,49.396372061684445,-9.276322581117132,4.248113295721657,104.67610778808594,106.59298146565756,29.479999542236328,14.68895202647536
67,2020-10-06,UNH,318.95001220703125,320.29998779296875,313.489990234375,301.5719299316406,2434400.0,1.0,1.2563786929449634,306.6356206173107,279.19166820104874,54.20815608103286,106.39363578820311,22.633376821368635,294.8676330566406,295.4976857503255,29.479999542236328,14.68895202647536
67,2020-10-06,V,204.11000061035156,205.10000610351562,199.7100067138672,196.29452514648438,5841100.0,1.0,-0.5063870812233233,203.18737599934974,190.9038974991854,50.357220788014246,-39.00114769936171,2.5560132826396154,199.93415323893228,196.43972396850586,29.479999542236328,14.68895202647536
67,2020-10-06,VZ,59.7599983215332,59.970001220703125,59.33000183105469,49.71044158935547,12524900.0,1.0,0.04362179679819178,50.76068767826255,49.09577213008706,54.02366612021491,-23.333851318894624,11.927117853340274,49.93868014017741,49.023504702250165,29.479999542236328,14.68895202647536
67,2020-10-06,WBA,36.599998474121094,37.029998779296875,35.810001373291016,31.234867095947266,5123000.0,1.0,-0.45730309940418223,32.22027489127067,29.82634128151986,43.988884867070375,-12.271123837466753,2.583871427495736,31.638303311665855,33.38602005640666,29.479999542236328,14.68895202647536
67,2020-10-06,WMT,141.8699951171875,142.94000244140625,140.25,134.2466583251953,7158500.0,1.0,1.2778887712639175,135.86901135358875,127.7911128529542,56.50000451887426,58.661835543817915,29.162471391651014,132.37784729003906,128.76990280151367,29.479999542236328,14.68895202647536
68,2020-10-07,AAPL,114.62000274658203,115.55000305175781,114.12999725341797,113.03681945800781,96849000.0,2.0,-0.054363798669072594,116.5948064693429,104.86422902260045,53.5011980225184,-22.044790412651764,12.316294401708468,114.5154197692871,109.79276084899902,28.059999465942383,7.961457037178816
68,2020-10-07,AMGN,253.9600067138672,258.3999938964844,253.10000610351562,234.4176025390625,1842800.0,2.0,2.073298956248067,234.68099739349861,216.24929893218496,55.775275300724026,138.15617613757416,5.590342943122184,226.16793467203777,224.52644755045574,28.059999465942383,7.961457037178816
68,2020-10-07,AXP,102.80999755859375,104.1500015258789,102.38999938964844,98.99652862548828,3048400.0,2.0,0.2785124076270904,103.99692247030859,90.09585707070704,53.77842340273634,36.16104829750097,16.28800417335783,97.52758356730143,95.20014254252116,28.059999465942383,7.961457037178816
68,2020-10-07,BA,163.7100067138672,166.33999633789062,162.3800048828125,164.61000061035156,26019100.0,2.0,-0.6809107508798036,174.42566756969705,149.12733383411154,48.88901465317116,-6.592975743524691,2.2599533268540584,164.59366760253906,168.72316716512043,28.059999465942383,7.961457037178816
68,2020-10-07,CAT,153.27999877929688,156.05999755859375,153.1999969482422,145.01394653320312,2334200.0,2.0,1.8296262692563516,146.39262441769964,133.9245752893316,59.25079685326824,137.67487551660008,19.89240631649203,139.1195048014323,134.06444880167643,28.059999465942383,7.961457037178816
68,2020-10-07,CRM,252.1999969482422,260.739990234375,252.1999969482422,259.9800109863281,4963200.0,2.0,4.688276368937096,258.15631902123283,236.3066845188062,60.34286926343491,33.538492542553435,24.670914309652524,253.54566853841146,225.27433446248372,28.059999465942383,7.961457037178816
68,2020-10-07,CSCO,38.97999954223633,39.58000183105469,38.779998779296875,36.00889587402344,20593700.0,2.0,-0.6902350180795693,37.00096859327495,34.26224895128071,43.37361367994111,-41.837260618666804,13.59543232430262,36.290933990478514,38.78647028605143,28.059999465942383,7.961457037178816
68,2020-10-07,CVX,72.16999816894531,73.91999816894531,71.55999755859375,64.83821105957031,15410300.0,2.0,-2.353463967137742,70.57030777134752,60.43047042689467,41.450183823532896,-72.39016919909581,31.50489293089404,67.94331868489583,72.26549402872722,28.059999465942383,7.961457037178816
68,2020-10-07,DIS,121.94999694824219,123.30999755859375,120.93000030517578,122.91000366210938,10187800.0,2.0,-1.850355047204303,134.26066417431767,118.67233753466671,47.47837588300068,-100.44904250865592,28.669940154440017,128.8126668294271,126.19816665649414,28.059999465942383,7.961457037178816
68,2020-10-07,GS,203.89999389648438,205.0,201.1699981689453,189.4744110107422,2326600.0,2.0,-0.2005359911907192,191.81261344272463,176.17441658657225,51.95011604839103,35.092800122737636,18.723528840609955,186.71661122639975,188.5418248494466,28.059999465942383,7.961457037178816
68,2020-10-07,HD,280.8500061035156,284.0,280.0,263.2198181152344,3423700.0,2.0,0.8197109907036975,267.06880668072716,246.6319791469096,56.327194977004105,55.825335368562186,4.493362834028763,258.35851999918617,254.96720326741536,28.059999465942383,7.961457037178816
68,2020-10-07,HON,168.99000549316406,172.1999969482422,168.52000427246094,161.8720245361328,2030200.0,2.0,1.3566200266580495,163.12656948824343,149.18406283597534,58.73829624509015,129.7917366490599,17.643076599254265,156.58826649983723,151.07124735514324,28.059999465942383,7.961457037178816
68,2020-10-07,IBM,117.27533721923828,118.91969299316406,116.94072723388672,102.18548583984375,2944908.0,2.0,-0.20277715075215497,102.93759202766041,97.12836256218334,52.373848259229746,48.47605893040615,9.357421682598135,100.7038091023763,101.52594769795736,28.059999465942383,7.961457037178816
68,2020-10-07,INTC,51.849998474121094,52.900001525878906,51.790000915527344,48.06179428100586,21978700.0,2.0,0.4174411350862641,48.125110770964106,43.96520104239038,52.52287649397577,151.78209850100825,20.63597022489082,45.97732632954915,46.39117794036865,28.059999465942383,7.961457037178816
68,2020-10-07,JNJ,146.49000549316406,148.22999572753906,145.80999755859375,136.5560302734375,5603100.0,2.0,-0.33887753870553183,138.57321910873893,132.88961505874155,50.81755352768998,-41.28349799656587,2.3037242020711948,137.0522211710612,136.820445505778,28.059999465942383,7.961457037178816
68,2020-10-07,JPM,98.95999908447266,100.3499984741211,98.66999816894531,91.58032989501953,16358500.0,2.0,-0.12696825437915038,93.93023804152945,83.47889129196663,52.81061415456343,30.354510937963425,12.376637568043982,89.82315190633138,89.91240793863932,28.059999465942383,7.961457037178816
68,2020-10-07,KO,49.02000045776367,49.7599983215332,48.95000076293945,45.242977142333984,10135600.0,2.0,0.09249680579184627,46.773665362767815,43.80069872719801,53.684188305755,-19.965305088242893,15.392774372711765,45.21111691792806,44.16489149729411,28.059999465942383,7.961457037178816
68,2020-10-07,MCD,225.5800018310547,228.41000366210938,225.1300048828125,211.7762451171875,1972500.0,2.0,3.1495794907949346,212.3320523587648,199.5927294405516,64.88323645969247,158.97355009679296,46.02586959312888,203.83563741048178,195.52804794311524,28.059999465942383,7.961457037178816
68,2020-10-07,MMM,165.10000610351562,167.75,164.41000366210938,147.0044403076172,2155400.0,2.0,-0.20244768282464065,151.53329687403263,137.36852044774471,54.53633459728613,49.16299835230687,7.995573190822547,144.92005360921223,142.31747233072917,28.059999465942383,7.961457037178816
68,2020-10-07,MRK,76.4217529296875,76.66984558105469,75.86832427978516,69.41374206542969,9845226.0,2.0,-0.6754289851980673,74.87541694623367,68.90975151079759,45.774371826085,-178.21734801696363,38.40059371282012,72.39675369262696,71.25516891479492,28.059999465942383,7.961457037178816
68,2020-10-07,MSFT,207.05999755859375,210.11000061035156,206.72000122070312,204.22225952148438,25681100.0,2.0,-0.544082727251805,207.30260078937093,194.20247275799235,51.29337462561807,-22.199837476061962,13.078032367925237,205.42230834960938,204.19658203125,28.059999465942383,7.961457037178816
68,2020-10-07,NKE,128.39999389648438,130.41000366210938,128.25,126.2577896118164,4390500.0,2.0,4.397931478401048,128.8135259563033,108.28534870800334,68.45052056164465,128.51542158097914,40.23113747195572,115.61686528523764,107.14897028605144,28.059999465942383,7.961457037178816
68,2020-10-07,PG,140.0800018310547,141.38999938964844,139.3699951171875,130.7061767578125,4640900.0,2.0,0.8819012643641599,130.34978717906938,126.18826900379197,61.748516261722955,185.67497140896361,27.279549369541776,128.3289446512858,125.19612197875976,28.059999465942383,7.961457037178816
68,2020-10-07,TRV,112.08000183105469,114.33999633789062,112.08000183105469,106.4192123413086,1388000.0,2.0,-0.6451479545898593,107.7773837929915,98.96296502292647,51.8391159744348,31.504771041442037,8.969796758202449,104.64630940755208,106.53275756835937,28.059999465942383,7.961457037178816
68,2020-10-07,UNH,315.82000732421875,324.739990234375,315.82000732421875,309.934814453125,2596600.0,2.0,2.2523284266002292,309.07618557033027,277.94324191990415,57.65826989045843,156.79347401646396,28.98112918854195,295.25864562988284,295.75209045410156,28.059999465942383,7.961457037178816
68,2020-10-07,V,202.0,202.7899932861328,199.99000549316406,198.27264404296875,6713400.0,2.0,-0.36240869555089716,202.9994160086311,190.9361507027947,51.72702792094039,-36.8659051272609,2.5560132826396167,199.75037689208983,196.59366149902343,28.059999465942383,7.961457037178816
68,2020-10-07,VZ,59.619998931884766,59.779998779296875,59.20000076293945,49.83584976196289,13674700.0,2.0,0.046705063552600734,50.73390690697787,49.08660395727994,54.72058059007013,-33.63858774839463,8.398028445589059,49.94397532145182,49.08160883585612,28.059999465942383,7.961457037178816
68,2020-10-07,WBA,36.18000030517578,36.75,36.02000045776367,31.704051971435547,3687100.0,2.0,-0.38584725585623403,32.297481263808436,29.8481842864235,45.74237948005587,3.838818364578132,2.5838714274957355,31.55112959543864,33.3402008374532,28.059999465942383,7.961457037178816
68,2020-10-07,WMT,141.25999450683594,141.5500030517578,140.25,134.49484252929688,5649700.0,2.0,1.2927230168968435,136.02300060047392,127.73258411632295,56.74968225779403,44.17124127226626,29.162471391651017,132.7043233235677,128.9197841644287,28.059999465942383,7.961457037178816
69,2020-10-08,AAPL,116.25,116.4000015258789,114.58999633789062,112.92877197265625,83477200.0,3.0,0.017804609829397577,116.74195303785991,104.8624559892397,53.41969986564384,-13.534141144268284,9.109381029988164,114.13717346191406,110.07795435587565,26.360000610351562,68.39350796382182
69,2020-10-08,AMGN,249.27000427246094,250.05999755859375,239.0,218.42404174804688,5592300.0,3.0,1.1367841423320044,234.73314012009817,216.14711500685493,47.874415513291744,-86.75850065003193,20.75373267504007,225.86195220947266,224.35155334472657,26.360000610351562,68.39350796382182
69,2020-10-08,AXP,104.33000183105469,106.13999938964844,104.05999755859375,101.98710632324219,2922600.0,3.0,0.6609278569855519,104.49984908436761,89.95039810801521,56.67788792195888,86.8829604123993,24.148667792214425,97.78623046875,95.34606437683105,26.360000610351562,68.39350796382182
69,2020-10-08,BA,166.22000122070312,168.08999633789062,163.5399932861328,168.0,20598600.0,3.0,-0.2852783415429201,175.07953093381522,149.50447022585277,50.17432332452348,23.108189736377074,5.4177361339339,164.4636678059896,168.390833791097,26.360000610351562,68.39350796382182
69,2020-10-08,CAT,155.75,156.72999572753906,154.24000549316406,146.78482055664062,1842900.0,3.0,2.1846450235254906,147.38119657197907,133.5731384499936,60.41924139746747,149.85656729301664,21.904356075632577,139.58267771402996,134.3662846883138,26.360000610351562,68.39350796382182
69,2020-10-08,CRM,264.20001220703125,264.6199951171875,257.0799865722656,260.2200012207031,4150400.0,3.0,5.153205290045179,260.22892543210924,235.47607792482438,60.40853935433264,59.2368426797709,29.46377005176304,253.1423350016276,226.47650121053059,26.360000610351562,68.39350796382182
69,2020-10-08,CSCO,39.79999923706055,40.18000030517578,39.65999984741211,36.365325927734375,19031300.0,3.0,-0.5714918289286075,37.064211783964524,34.2521631855179,44.90089804679921,1.1129275551272877,3.266397130337781,36.22775510152181,38.69224497477214,26.360000610351562,68.39350796382182
69,2020-10-08,CVX,74.38999938964844,75.55000305175781,73.98999786376953,66.10369873046875,11590900.0,3.0,-2.0438929352960287,70.22802443917983,60.5152662712694,43.608702146663866,-37.72081587628147,20.33287110836684,67.66327362060547,72.08377596537272,26.360000610351562,68.39350796382182
69,2020-10-08,DIS,123.58000183105469,123.75,122.41999816894531,123.08999633789062,7404600.0,3.0,-1.8039026643851344,133.2034052972224,118.71659592348072,47.67904168282053,-82.91043994635629,25.551286184642567,128.5096669514974,126.23466657002767,26.360000610351562,68.39350796382182
69,2020-10-08,GS,205.14999389648438,208.16000366210938,204.11000061035156,193.5504913330078,2330600.0,3.0,0.4405840247089543,193.24263897476195,175.48609332504273,54.33088010004512,86.18787683091783,25.46288715950696,186.77887115478515,188.4237180074056,26.360000610351562,68.39350796382182
69,2020-10-08,HD,283.8399963378906,284.95001220703125,281.1700134277344,264.830078125,2256200.0,3.0,1.3032615499463418,268.10676053509576,246.69422060504098,57.117025331426454,76.8349155395025,1.9724616500471224,258.1761276245117,255.40269724527994,26.360000610351562,68.39350796382182
69,2020-10-08,HON,172.3800048828125,173.8699951171875,171.47999572753906,163.9762420654297,1977900.0,3.0,1.829726741693861,164.37240953495464,148.83557233760396,60.135810454439735,172.5597590851618,22.920289987024628,156.85467274983725,151.42830454508464,26.360000610351562,68.39350796382182
69,2020-10-08,IBM,125.10516357421875,129.54110717773438,124.06309509277344,108.29666900634766,26452189.0,3.0,0.45352668022255216,105.15700110173955,95.80916024469599,60.06901475242757,340.4847924637321,46.00215867294977,100.90476964314779,101.66430969238282,26.360000610351562,68.39350796382182
69,2020-10-08,INTC,52.90999984741211,53.58000183105469,52.66999816894531,48.70055389404297,22369500.0,3.0,0.5432897908423371,48.53672960649178,43.955998817580486,54.08359194776338,184.16513492570198,27.097668244557315,46.09351921081543,46.311153920491535,26.360000610351562,68.39350796382182
69,2020-10-08,JNJ,148.5,149.85000610351562,148.0399932861328,137.48866271972656,4413500.0,3.0,-0.18635832511949957,138.77066046757585,132.8750106139671,52.12765511940024,18.130585719706925,13.180295665127032,136.94725748697917,136.8452273050944,26.360000610351562,68.39350796382182
69,2020-10-08,JPM,100.51000213623047,101.91999816894531,99.9000015258789,93.4627914428711,15659000.0,3.0,0.23535712547926835,94.40855337173481,83.2639235874937,54.989970626460874,70.05393685755453,20.406879503020917,89.93337732950846,89.95781542460124,26.360000610351562,68.39350796382182
69,2020-10-08,KO,49.709999084472656,50.540000915527344,49.540000915527344,46.064579010009766,12143900.0,3.0,0.1696019228628387,46.853048026649,43.7999606250844,56.37920398572604,42.922720626257664,0.35707572449447955,45.29287287394206,44.232332674662274,26.360000610351562,68.39350796382182
69,2020-10-08,MCD,226.08999633789062,227.0800018310547,224.2899932861328,211.14036560058594,3195800.0,3.0,3.226496560131096,212.98537041492165,199.7398371046096,64.07026733263419,129.33702722404328,40.53519370599851,204.24966837565105,196.0757748921712,26.360000610351562,68.39350796382182
69,2020-10-08,MMM,167.3000030517578,168.14999389648438,166.1300048828125,148.08163452148438,1902600.0,3.0,0.17570394539100676,151.91389293963766,137.39055652325294,55.44787258181985,71.46280003758265,9.465259978379647,145.03218841552734,142.46194152832032,26.360000610351562,68.39350796382182
69,2020-10-08,MRK,76.70801544189453,78.08206176757812,76.4885482788086,69.79532623291016,9217160.0,3.0,-0.7105356860544703,74.91103870252743,68.65848644395695,46.794324131158874,-124.84819203960008,16.921544623938892,72.26833470662434,71.27849197387695,26.360000610351562,68.39350796382182
69,2020-10-08,MSFT,210.50999450683594,211.19000244140625,208.32000732421875,204.95223999023438,19925800.0,3.0,-0.31225881657874766,207.8021113144917,194.21004231099658,51.63234370063307,-8.27542863527235,9.885495274835412,205.0793924967448,204.24592208862305,26.360000610351562,68.39350796382182
69,2020-10-08,NKE,130.39999389648438,130.92999267578125,129.50999450683594,125.91805267333984,3595600.0,3.0,4.412514469868199,129.46754489363627,109.0797146278481,67.92732493770384,122.40695614391645,41.48004468803439,116.21312739054362,107.65680745442708,26.360000610351562,68.39350796382182
69,2020-10-08,PG,140.55999755859375,141.92999267578125,140.36000061035156,131.58868408203125,4569800.0,3.0,1.031079387860899,130.9652729868748,126.03262130023458,63.02729774428481,220.26904254846357,30.32576788786976,128.42989273071288,125.47374051411947,26.360000610351562,68.39350796382182
69,2020-10-08,TRV,114.8499984741211,116.94999694824219,114.3499984741211,108.12116241455078,734400.0,3.0,-0.21882273163748778,108.42204260478918,98.67552972187097,53.69310461019812,86.06850605152368,19.696180410342247,104.73759435017904,106.4917724609375,26.360000610351562,68.39350796382182
69,2020-10-08,UNH,323.42999267578125,325.3500061035156,320.989990234375,309.2059326171875,2056700.0,3.0,2.94881894410031,311.4313484173787,277.416020967387,57.26923286160892,158.34441318199808,29.82671899186719,295.7336069742839,296.0651835123698,26.360000610351562,68.39350796382182
69,2020-10-08,V,204.0,204.3000030517578,202.22999572753906,198.77207946777344,3955600.0,3.0,-0.20563410085958367,203.12206640508103,190.95451593134473,52.07244106099198,-11.768412205664367,7.844088468848598,199.5127410888672,196.70344874064128,26.360000610351562,68.39350796382182
69,2020-10-08,VZ,59.119998931884766,59.72999954223633,58.970001220703125,50.01158905029297,14266400.0,3.0,0.0626075654799294,50.74442134481958,49.10035137551734,55.69416223463457,-40.3886889509204,2.2979155594209373,49.95401357014974,49.14793694814046,26.360000610351562,68.39350796382182
69,2020-10-08,WBA,36.650001525878906,37.09000015258789,36.59000015258789,32.207977294921875,3623700.0,3.0,-0.28526704201940234,32.41614051000947,29.938047455383597,47.56621983946144,47.99930630260389,2.964063127181811,31.504791577657063,33.29462029139201,26.360000610351562,68.39350796382182
69,2020-10-08,WMT,141.50999450683594,142.08999633789062,141.1199951171875,134.94351196289062,4892300.0,3.0,1.3254046967318232,136.4099527735595,127.77997795153817,57.20900568043179,54.07634041472612,31.29888049010894,133.04352773030598,129.07730153401693,26.360000610351562,68.39350796382182
70,2020-10-09,AAPL,115.27999877929688,117.0,114.91999816894531,114.89326477050781,100506900.0,4.0,0.23085558486529578,117.24481364101914,104.84777211337538,54.71711047691344,4.119049964144368,6.80823128408264,113.87393137613932,110.41553955078125,25.0,22.73621762272586
70,2020-10-09,AMGN,238.5,239.5800018310547,234.02000427246094,215.3399658203125,4183000.0,4.0,0.14406950879123315,235.33189151584952,214.9561089724317,46.55877473001094,-177.71377380178873,27.575797631312348,225.373410542806,224.09679107666017,25.0,22.73621762272586
70,2020-10-09,AXP,105.98999786376953,107.20999908447266,105.23999786376953,102.25635528564453,3511300.0,4.0,0.9744877091020783,104.97136487430693,89.80677919917939,56.92952515920312,100.6867705915547,28.03285818830556,97.9539426167806,95.51307182312011,25.0,22.73621762272586
70,2020-10-09,BA,169.92999267578125,170.0,166.82000732421875,167.3300018310547,17406000.0,4.0,-0.025506041818317726,175.58680904997829,149.70719272004123,49.917671265269334,48.79523546106556,8.853395171563347,164.23466796875,168.20133387247722,25.0,22.73621762272586
70,2020-10-09,CAT,157.8699951171875,159.38999938964844,157.39999389648438,148.9210968017578,4084200.0,4.0,2.6083125796314732,148.43801238759235,132.9951113917045,61.78664632048843,187.35365546263606,29.426746954228662,140.06896311442057,134.70062459309895,25.0,22.73621762272586
70,2020-10-09,CRM,262.8999938964844,266.04998779296875,261.5,265.9800109863281,4225000.0,4.0,5.918227813070928,263.5598373326526,234.43316651256225,61.972054518405706,94.45773442071989,31.188642649970966,252.79766845703125,227.81766815185546,25.0,22.73621762272586
70,2020-10-09,CSCO,40.150001525878906,40.22999954223633,39.720001220703125,36.420166015625,16167500.0,4.0,-0.46757198051502513,37.10676399423691,34.240180814723054,45.1364204809224,10.482221701697862,2.436677623947139,36.1651964823405,38.60829137166341,25.0,22.73621762272586
70,2020-10-09,CVX,75.86000061035156,76.08999633789062,73.9800033569336,65.03153991699219,12260900.0,4.0,-1.8635876397965774,69.87043624404357,60.54857544418884,42.24375091317425,-36.94891033270458,16.81836629538794,67.34368133544922,71.89184137980143,25.0,22.73621762272586
70,2020-10-09,DIS,123.8499984741211,125.55000305175781,123.33000183105469,124.9800033569336,11502200.0,4.0,-1.5961812613480788,132.33930882267677,118.90369273371971,49.76392960821419,-55.93334784469683,13.519191727170018,128.21800053914387,126.3271666208903,25.0,22.73621762272586
70,2020-10-09,GS,208.75999450683594,209.80999755859375,206.07000732421875,193.1410369873047,3040900.0,4.0,0.90520210617305,194.3264313029061,175.01836850178142,54.05257165652172,104.4799756400452,28.760016370781262,186.7371378580729,188.33316650390626,25.0,22.73621762272586
70,2020-10-09,HD,285.4700012207031,287.2799987792969,284.0899963378906,266.1332702636719,2240100.0,4.0,1.7712180669684017,269.2412209205269,246.45239632800818,57.75663778554791,109.03709841447676,4.093545012947579,258.13902333577477,255.8555903116862,25.0,22.73621762272586
70,2020-10-09,HON,174.39999389648438,176.05999755859375,173.27000427246094,164.54238891601562,2636900.0,4.0,2.2247055208518987,165.52108622379774,148.43516072444447,60.50809828617769,186.32568688983915,29.273309346758264,157.11856231689453,151.77681350708008,25.0,22.73621762272586
70,2020-10-09,IBM,126.19503021240234,126.19503021240234,121.988525390625,105.24931335449219,8737970.0,4.0,0.7194625450237027,105.87209035565392,95.61541651080115,55.447585905635286,206.7308340281249,34.637539017196886,100.99097366333008,101.73819770812989,25.0,22.73621762272586
70,2020-10-09,INTC,53.54999923706055,53.849998474121094,52.66999816894531,48.19867706298828,24343900.0,4.0,0.5956620697597685,48.7731535324669,44.042603456058494,52.67613162336863,160.37688493619595,29.532802441154367,46.19754524230957,46.22110373179118,25.0,22.73621762272586
70,2020-10-09,JNJ,149.64999389648438,151.47999572753906,149.4499969482422,139.409423828125,5054100.0,4.0,0.08848363519899749,139.3197506281916,132.62049595383965,54.69859884688218,84.70332683417311,22.46451241472337,136.88538869222006,136.88688634236652,25.0,22.73621762272586
70,2020-10-09,JPM,102.0,102.11000061035156,100.11000061035156,92.93020629882812,13689100.0,4.0,0.474062729256886,94.58735241153667,83.18239475032857,54.25660132918098,68.6561257034787,21.339465558527486,89.92698109944662,89.99010060628255,25.0,22.73621762272586
70,2020-10-09,KO,50.66999816894531,51.22999954223633,50.599998474121094,46.38408660888672,11407800.0,4.0,0.2535669150896993,46.879983428765925,43.78763131732782,57.37694903288777,102.47911734077074,10.651883762055384,45.38316637674968,44.3088721593221,25.0,22.73621762272586
70,2020-10-09,MCD,226.94000244140625,227.22000122070312,223.1199951171875,210.2333526611328,3237700.0,4.0,3.177635721163057,213.40899982256525,199.95486583905586,62.907202760929785,109.14226383862616,33.08465644278268,204.68211669921874,196.6215555826823,25.0,22.73621762272586
70,2020-10-09,MMM,168.8800048828125,170.47999572753906,167.9499969482422,149.48553466796875,2015500.0,4.0,0.5819662988932919,152.31820288100337,137.26261071762943,56.62050075084731,107.85775385665336,17.655853818659537,145.18582305908203,142.61274693806965,25.0,22.73621762272586
70,2020-10-09,MRK,77.17557525634766,77.36640930175781,76.38359069824219,69.69124603271484,5956098.0,4.0,-0.7382463572703131,74.85879241555516,68.40633133322414,46.5472822250194,-128.33868738218854,17.93340326112334,72.12841084798177,71.30065434773763,25.0,22.73621762272586
70,2020-10-09,MSFT,211.22999572753906,215.86000061035156,211.22999572753906,210.04244995117188,26458000.0,4.0,0.27898474355700387,209.37364262530767,193.78503047039547,53.94441921250602,43.23949204659955,2.799288467721881,204.72998758951823,204.4467694600423,25.0,22.73621762272586
70,2020-10-09,NKE,129.99000549316406,131.19000244140625,129.3300018310547,127.15092468261719,4293400.0,4.0,4.472003589622489,130.42085629355626,109.38645800698086,68.82193741823997,116.66689674020495,42.12643465987661,116.8727633158366,108.20585632324219,25.0,22.73621762272586
70,2020-10-09,PG,141.83999633789062,143.63999938964844,141.6999969482422,132.76849365234375,6551700.0,4.0,1.2303225057495126,131.83653571345874,125.60540459415844,64.66116631358854,270.7482853239245,38.97862676402989,128.57574081420898,125.7670218149821,25.0,22.73621762272586
70,2020-10-09,TRV,116.44000244140625,116.9800033569336,115.2300033569336,108.31755828857422,903800.0,4.0,0.1333533701035634,108.87488213600027,98.4499294179548,53.90492897209061,96.11244681711736,19.81230191849488,104.72281061808268,106.43302256266276,25.0,22.73621762272586
70,2020-10-09,UNH,324.6600036621094,328.1700134277344,323.9200134277344,314.4135437011719,2028900.0,4.0,3.8763195905040106,314.68153996637164,276.6938750726909,59.2989682493608,177.19070714470794,33.72614773873817,296.2914184570312,296.4160410563151,25.0,22.73621762272586
70,2020-10-09,V,204.0,207.0800018310547,203.67999267578125,202.356201171875,5562900.0,4.0,0.20545124859452812,203.85321573602877,190.80701070440094,54.48995371131951,35.67904279943141,16.736615291949146,199.36944071451822,196.92267557779948,25.0,22.73621762272586
70,2020-10-09,VZ,59.25,59.540000915527344,59.08000183105469,50.129886627197266,9846200.0,4.0,0.08379015784863242,50.756442213783366,49.1026852123641,56.347756657715756,-38.09747344050855,2.2979155594209275,49.968831125895186,49.20620422363281,25.0,22.73621762272586
70,2020-10-09,WBA,37.290000915527344,37.59000015258789,36.279998779296875,31.573720932006836,7423700.0,4.0,-0.25380992289807836,32.39915771083338,30.097520260052853,45.57167864399733,46.492914917348706,10.567375100005634,31.417907333374025,33.22887706756592,25.0,22.73621762272586
70,2020-10-09,WMT,141.66000366210938,143.33999633789062,141.55999755859375,136.29905700683594,4831600.0,4.0,1.4440403217978428,137.01620790145805,127.75412443496775,58.58371585905502,75.24367196563489,36.06990570277536,133.23922220865884,129.25424245198568,25.0,22.73621762272586
71,2020-10-12,AAPL,120.05999755859375,125.18000030517578,119.27999877929688,122.19136047363281,240226800.0,0.0,0.977329304189837,119.40614677561257,103.57438987599875,59.09562955156703,106.53396586930369,18.302458662385227,113.86058985392252,110.8779463450114,25.06999969482422,23.100239694408856
71,2020-10-12,AMGN,237.72999572753906,241.9199981689453,235.75999450683594,217.8964080810547,2881600.0,0.0,-0.43140746829737964,235.50592230889666,214.12341271307602,47.78912563408022,-130.03722686255728,22.288047210289985,224.96068420410157,223.8355349222819,25.06999969482422,23.100239694408856
71,2020-10-12,AXP,106.45999908447266,107.01000213623047,106.0,102.51599884033203,2626700.0,0.0,1.229761293224243,104.93114113085046,89.8264424873136,57.1776569885786,99.71366196474774,28.032858188305575,98.0980707804362,95.70260124206543,25.06999969482422,23.100239694408856
71,2020-10-12,BA,167.75,169.1999969482422,165.9499969482422,167.35000610351562,12176600.0,0.0,0.17990571379550602,175.80513437594306,149.68886739407645,49.92558263235243,46.83564846518231,6.961565507327741,163.9530014038086,168.0628339131673,25.06999969482422,23.100239694408856
71,2020-10-12,CAT,159.97000122070312,163.1999969482422,159.52000427246094,152.3597412109375,4279800.0,0.0,3.1848293063199264,150.38139344154257,131.9043685823832,63.86533826161731,222.8656698475519,38.49722099873762,140.66174977620443,135.10211334228515,25.06999969482422,23.100239694408856
71,2020-10-12,CRM,270.0,270.0,265.2900085449219,267.07000732421875,4317000.0,0.0,6.53711151689069,266.6100754987978,233.4259291398741,62.26378645169334,121.63706116997791,35.82263170877578,252.66333516438803,229.13916829427083,25.06999969482422,23.100239694408856
71,2020-10-12,CSCO,39.93000030517578,40.529998779296875,39.630001068115234,36.88627243041992,22757200.0,0.0,-0.34364256213881106,37.1724626758994,34.20728929248438,47.123700249222566,33.65066191406855,2.583567962169105,36.1208916982015,38.51746603647868,25.06999969482422,23.100239694408856
71,2020-10-12,CVX,73.62999725341797,74.94999694824219,73.19999694824219,65.479736328125,9056900.0,0.0,-1.665331781297283,69.57365507853474,60.601048900957444,43.015074250890386,-42.13543570503013,20.407783731149877,67.01793797810872,71.72426999409994,25.06999969482422,23.100239694408856
71,2020-10-12,DIS,124.9000015258789,125.94000244140625,123.7300033569336,124.97000122070312,10958200.0,0.0,-1.4160443637237705,131.48274883905847,119.13225283940832,49.753075864451446,-48.31002887905056,11.05423348029902,127.86566747029623,126.43249994913737,25.06999969482422,23.100239694408856
71,2020-10-12,GS,207.41000366210938,214.88999938964844,207.41000366210938,199.26455688476562,3474200.0,0.0,1.747389345793664,196.88625877144526,173.64787819144536,57.426514744373364,162.7396487060863,37.81330022114052,186.9747573852539,188.3949333190918,25.06999969482422,23.100239694408856
71,2020-10-12,HD,287.3900146484375,288.3299865722656,286.05999755859375,267.05474853515625,2411900.0,0.0,2.191174082679936,270.17635401759435,246.09995060887044,58.212546422147966,125.54383738036987,6.765272826740032,258.2048568725586,256.28834737141926,25.06999969482422,23.100239694408856
71,2020-10-12,HON,175.05999755859375,176.97999572753906,174.1199951171875,165.4670867919922,3396300.0,0.0,2.582574132568169,166.6239487284451,147.9824263936252,61.121575700757724,183.26614565431302,31.797636235426136,157.33810323079427,152.11070912679037,25.06999969482422,23.100239694408856
71,2020-10-12,IBM,122.43785858154297,122.60993957519531,120.8795394897461,104.77162170410156,4848315.0,0.0,0.881511395249575,106.38788921438372,95.52130573190534,54.764348784642124,136.39313864967167,28.903988116532847,101.04972432454427,101.78921979268392,25.06999969482422,23.100239694408856
71,2020-10-12,INTC,53.54999923706055,54.20000076293945,53.209999084472656,49.165931701660156,27303500.0,0.0,0.7070662244779058,49.191269732732536,44.032378338556526,55.010394430195504,177.4852285687893,32.650212455113014,46.302483495076494,46.13418337504069,25.06999969482422,23.100239694408856
71,2020-10-12,JNJ,151.60000610351562,153.13999938964844,151.02000427246094,140.2127685546875,7273200.0,0.0,0.36689177448826626,139.96286071849144,132.29965911793434,55.72731505308026,140.34588293304537,30.549681594787554,136.8299819946289,136.94040552775064,25.06999969482422,23.100239694408856
71,2020-10-12,JPM,101.0999984741211,103.0,100.8499984741211,94.0688705444336,16058000.0,0.0,0.7465139799656413,94.77409524317659,83.07941046361051,55.5672090512151,93.90940180898319,25.6986411703845,89.9458017985026,90.06941706339518,25.06999969482422,23.100239694408856
71,2020-10-12,KO,50.84000015258789,51.529998779296875,50.83000183105469,46.63970184326172,11386500.0,0.0,0.33685276057267544,46.94952669676206,43.7527777618561,58.168820873786736,117.63090846656344,14.986225918054455,45.43368339538574,44.37955983479818,25.06999969482422,23.100239694408856
71,2020-10-12,MCD,224.80999755859375,226.50999450683594,223.1199951171875,211.43023681640625,2412400.0,0.0,3.1986200024929587,213.98950290499397,199.89332943143182,63.80415214610985,104.93435042859886,33.08465644278268,205.07017313639324,197.17860768636066,25.06999969482422,23.100239694408856
71,2020-10-12,MMM,169.47000122070312,170.61000061035156,168.1199951171875,148.91165161132812,1533600.0,0.0,0.8478510750517501,152.34549354796275,137.2520986151232,55.997241193091014,97.95632792300601,18.09779333125131,145.2738255818685,142.7637585957845,25.06999969482422,23.100239694408856
71,2020-10-12,MRK,76.82251739501953,77.02290344238281,76.25,69.69124603271484,8276370.0,0.0,-0.7515439332112805,74.73911286289676,68.1964591891052,46.54728222501941,-125.3085206702167,19.27118757176853,71.99336624145508,71.31607259114584,25.06999969482422,23.100239694408856
71,2020-10-12,MSFT,218.7899932861328,223.86000061035156,216.80999755859375,215.48306274414062,40461400.0,0.0,1.1730394394722055,212.27311326995022,192.4418266104209,56.25646396170644,126.25643206620623,19.760855074325683,204.48634440104166,204.75512313842773,25.06999969482422,23.100239694408856
71,2020-10-12,NKE,131.19000244140625,131.33999633789062,129.25999450683594,125.67534637451172,5136500.0,0.0,4.34993891995579,131.02976375649263,109.76578983237457,66.52447328890618,102.88540325074595,42.51796944207208,117.42836481730143,108.74613291422526,25.06999969482422,23.100239694408856
71,2020-10-12,PG,143.3300018310547,145.3300018310547,143.3300018310547,134.2269744873047,5791500.0,0.0,1.488749943855737,132.96509952489117,125.02121486719868,66.5514430097312,299.75562592640114,46.05616840043256,128.75286382039388,126.07122548421223,25.06999969482422,23.100239694408856
71,2020-10-12,TRV,114.3499984741211,116.91999816894531,114.05999755859375,108.98149871826172,1370800.0,0.0,0.4607190297321324,109.29950462673045,98.2198175778594,54.63072089814027,91.47424681343558,13.001498319618085,104.770068359375,106.4060671488444,25.06999969482422,23.100239694408856
71,2020-10-12,UNH,329.1199951171875,333.55999755859375,329.010009765625,316.4563293457031,2424200.0,0.0,4.721776563284266,317.8592542863604,275.5685136579756,60.06866573380395,195.8446195647138,40.48337391959838,296.83136494954425,296.8108149210612,25.06999969482422,23.100239694408856
71,2020-10-12,V,206.94000244140625,207.97000122070312,205.72999572753906,202.12118530273438,6622700.0,0.0,0.5064376354024205,204.10251901181783,190.6967622992173,54.30415009463838,60.51053729465675,19.398290367978095,199.06554005940754,197.112074025472,25.06999969482422,23.100239694408856
71,2020-10-12,VZ,59.33000183105469,59.68000030517578,59.150001525878906,50.31576919555664,20211200.0,0.0,0.11425957147844201,50.7377542368976,49.110007298746936,57.36998735538932,-20.732637297012122,5.9781203016217965,49.99458223978679,49.26032390594482,25.06999969482422,23.100239694408856
71,2020-10-12,WBA,36.619998931884766,37.709999084472656,36.41999816894531,32.086334228515625,8686600.0,0.0,-0.1853793822935117,32.48048199643983,30.174324522114855,47.415219342807575,83.05307219155091,12.329731005929432,31.36490821838379,33.17067521413167,25.06999969482422,23.100239694408856
71,2020-10-12,WMT,143.02000427246094,145.38999938964844,143.02000427246094,137.7023468017578,6134100.0,0.0,1.6324755065948864,137.87182033803893,127.56005679819152,59.961230312584284,107.69365848043338,43.00842424068325,133.3649119059245,129.46186027526855,25.06999969482422,23.100239694408856
72,2020-10-13,AAPL,125.2699966430664,125.38999938964844,119.6500015258789,118.94993591308594,262330500.0,1.0,1.2924605517743828,120.32029006573428,103.2063754310919,56.58189051446713,103.25800504190586,18.826176903242114,113.60062255859376,111.25315653483072,26.06999969482422,34.20888835425751
72,2020-10-13,AMGN,239.1999969482422,241.8699951171875,238.8699951171875,217.7417449951172,2065600.0,1.0,-0.8897012153982757,235.53413054715844,213.27551148165014,47.720366516225965,-107.49917761970757,22.288047210289996,224.53673655192057,223.53419723510743,26.06999969482422,34.20888835425751
72,2020-10-13,AXP,105.88999938964844,106.58999633789062,104.76000213623047,100.97742462158203,2602600.0,1.0,1.2930123255196833,104.73224619516935,89.90741826405917,55.227271024886235,70.10598729071786,19.902140034611023,98.22123692830404,95.885320409139,26.06999969482422,34.20888835425751
72,2020-10-13,BA,165.36000061035156,165.52999877929688,162.08999633789062,162.13999938964844,15182600.0,1.0,-0.07682242879613455,175.73541924502234,149.62358191464563,47.88747219530237,-9.89626226832415,1.183527284362487,163.63033447265624,167.8581672668457,26.06999969482422,34.20888835425751
72,2020-10-13,CAT,161.72000122070312,163.17999267578125,161.1199951171875,151.90060424804688,3319000.0,1.0,3.563595538949869,152.13275489351946,131.4197795913438,63.38905262374072,206.02341118488883,38.49722099873761,141.28045654296875,135.53139890034993,26.06999969482422,34.20888835425751
72,2020-10-13,CRM,266.4200134277344,268.7900085449219,264.2300109863281,266.8299865722656,3713200.0,1.0,6.928347959706059,268.9909652293727,232.56003879894766,62.155167562018164,118.91566495419647,33.2485199624266,252.4693349202474,230.33483479817707,26.06999969482422,34.20888835425751
72,2020-10-13,CSCO,40.540000915527344,40.61000061035156,39.709999084472656,36.383602142333984,23438300.0,1.0,-0.2827297637467652,37.10384649270931,34.23761697774968,45.29336415776169,31.93108015645392,3.9257760044251264,36.05922737121582,38.41494223276774,26.06999969482422,34.20888835425751
72,2020-10-13,CVX,74.73999786376953,74.73999786376953,72.77999877929688,64.50426483154297,10440300.0,1.0,-1.5688403673138112,69.34836774009474,60.5670886502861,41.7594442960797,-49.03667705990682,22.33675161066975,66.70947748819987,71.56816266377767,26.06999969482422,34.20888835425751
72,2020-10-13,DIS,129.8000030517578,131.36000061035156,127.9000015258789,128.9600067138672,22389000.0,1.0,-0.9404831725266831,130.97953281579404,119.40746898474308,53.90213560760613,24.716416993510506,16.032206395317328,127.76866785685222,126.61866671244303,26.06999969482422,34.20888835425751
72,2020-10-13,GS,214.00999450683594,214.11000061035156,209.17999267578125,196.18417358398438,3317300.0,1.0,2.141580801892303,198.44838238876613,173.27788103896822,55.31288112712815,142.48124496799898,37.81330022114051,187.15902099609374,188.4007349650065,26.06999969482422,34.20888835425751
72,2020-10-13,HD,285.70001220703125,290.7699890136719,285.70001220703125,270.2659912109375,2699900.0,1.0,2.751396313198029,271.1380280143221,245.58320153890054,59.777493853657546,143.18666362488946,12.799648132529203,258.4163131713867,256.7778656005859,26.06999969482422,34.20888835425751
72,2020-10-13,HON,173.92999267578125,174.94000244140625,170.52000427246094,161.8720245361328,2315300.0,1.0,2.546738886208118,166.98002326235215,147.93301689878066,57.52743282503342,107.16318103481409,14.67710948119048,157.52681935628254,152.4098637898763,26.06999969482422,34.20888835425751
72,2020-10-13,IBM,121.00382232666016,121.55831909179688,118.98661804199219,103.0338134765625,5654781.0,1.0,0.859798454679833,106.5757302925831,95.5525457694286,52.33730493750889,79.14711710795955,19.610136053545244,101.0988665262858,101.79420585632325,26.06999969482422,34.20888835425751
72,2020-10-13,INTC,54.27000045776367,54.290000915527344,53.619998931884766,49.12031173706055,20005800.0,1.0,0.7826517476710393,49.55150333864344,44.02163547056065,54.878323351082955,165.1758165901354,33.4593641162528,46.390084457397464,46.029130935668945,26.06999969482422,34.20888835425751
72,2020-10-13,JNJ,149.0,150.1199951171875,147.77000427246094,136.999267578125,11057600.0,1.0,0.3244890504508078,139.90802131466245,132.30555900760316,50.94049750010876,24.929359974476462,7.162873555808407,136.674538675944,136.93654352823893,26.06999969482422,34.20888835425751
72,2020-10-13,JPM,103.0,103.22000122070312,100.26000213623047,92.54450988769531,21697300.0,1.0,0.8298642353399259,95.07750440030722,82.99756273836465,53.44651043621799,75.34936148628013,20.948871015130628,89.99205703735352,90.1363686879476,26.06999969482422,34.20888835425751
72,2020-10-13,KO,50.9900016784668,50.9900016784668,49.900001525878906,45.84547805786133,14365300.0,1.0,0.33490954255078265,46.8199799001973,43.80655398957321,54.8909593695029,43.630375311676275,0.9384166506997976,45.46678187052409,44.447575378417966,26.06999969482422,34.20888835425751
72,2020-10-13,MCD,225.6999969482422,228.5800018310547,224.92999267578125,212.5897674560547,2098900.0,1.0,3.271107339432888,214.6546813673076,199.69382021960644,64.66058067967663,126.69289984803477,39.562400611662106,205.5012435913086,197.75297088623046,26.06999969482422,34.20888835425751
72,2020-10-13,MMM,168.3000030517578,169.4499969482422,166.0,147.1280517578125,1575300.0,1.0,0.9042217680572264,152.35154304144723,137.2513469732012,54.08318457775733,55.59722467623165,7.994336831279682,145.38007558186848,142.93550186157228,26.06999969482422,34.20888835425751
72,2020-10-13,MRK,76.62213897705078,77.22328186035156,76.3740463256836,69.99478912353516,9125774.0,1.0,-0.7291833950572908,74.56371359545386,68.06832604688012,47.41374211705844,-108.00495223299795,16.233184350303347,71.8793451944987,71.34315032958985,26.06999969482422,34.20888835425751
72,2020-10-13,MSFT,222.72000122070312,225.2100067138672,220.42999267578125,216.90403747558594,28950800.0,1.0,1.9734957816353358,214.9061112397426,191.17919912402692,56.84184498074458,157.88582575971117,22.20953667067673,204.39972330729168,204.94605153401693,26.06999969482422,34.20888835425751
72,2020-10-13,NKE,128.0500030517578,129.8699951171875,127.95999908447266,125.4229507446289,4245000.0,1.0,4.184598129429062,131.50493736815528,110.254587930917,66.13382286626276,85.35578809143044,34.111965854174215,117.98849716186524,109.29237378438314,26.06999969482422,34.20888835425751
72,2020-10-13,PG,143.82000732421875,144.83999633789062,143.4600067138672,133.9668731689453,4509400.0,1.0,1.6535069489546856,133.8012042615059,124.7034740832207,65.90111714282224,240.85903933762597,46.05616840043256,128.93494288126627,126.37709465026856,26.06999969482422,34.20888835425751
72,2020-10-13,TRV,115.51000213623047,116.16999816894531,112.31999969482422,105.56822204589844,1230200.0,1.0,0.43966755808756375,109.37198205578977,98.21654028307742,50.409521626708404,42.627430943466074,3.6359783698000503,104.69891026814778,106.3282569885254,26.06999969482422,34.20888835425751
72,2020-10-13,UNH,328.5,333.70001220703125,327.7099914550781,317.8468933105469,2713500.0,1.0,5.441290387435458,320.99492988020063,274.75276604265093,60.59344247296791,177.5019248398671,36.88498797586642,297.47560831705727,297.2776346842448,26.06999969482422,34.20888835425751
72,2020-10-13,V,203.3800048828125,205.2100067138672,203.02999877929688,200.08432006835938,5621700.0,1.0,0.5739968355963185,203.94281101614803,190.75168819039493,52.69320512809556,20.981789277355475,8.183310364172966,198.81517384847004,197.21244303385416,26.06999969482422,34.20888835425751
72,2020-10-13,VZ,59.70000076293945,59.720001220703125,58.849998474121094,50.15523147583008,22109600.0,1.0,0.12402308803097384,50.64396575756089,49.152967607307275,56.1942881954816,-44.6589527485879,2.4397866133372426,50.014703114827476,49.31775957743327,26.06999969482422,34.20888835425751
72,2020-10-13,WBA,36.900001525878906,37.09000015258789,35.70000076293945,31.434711456298828,8021100.0,1.0,-0.18163442909305516,32.474693729247946,30.259177921447858,45.39336524386162,24.778097810085406,0.27462254479614795,31.31161944071452,33.11535650889079,26.06999969482422,34.20888835425751
72,2020-10-13,WMT,144.67999267578125,146.60000610351562,144.36000061035156,139.59243774414062,7933400.0,1.0,1.912282686593528,139.0765292945979,127.20208246077321,61.73456331887517,131.09146746353252,46.66103158841709,133.59974517822266,129.70525754292805,26.06999969482422,34.20888835425751
73,2020-10-14,AAPL,121.0,123.02999877929688,119.62000274658203,119.03832244873047,150712000.0,2.0,1.5316801354686902,121.31733777369617,103.09924242649915,56.6339246562711,110.15205198098799,18.70997164173516,113.17531000773111,111.65202293395996,26.399999618530273,13.271108265376759
73,2020-10-14,AMGN,240.39999389648438,242.27000427246094,237.1999969482422,216.2042694091797,2693600.0,2.0,-1.3612718478695172,235.646197355742,212.24368148947286,47.02458798437976,-113.47937713784158,24.828912828538392,224.13614095052083,223.25302327473958,26.399999618530273,13.271108265376759
73,2020-10-14,AXP,105.37999725341797,106.2699966430664,104.76000213623047,100.78511810302734,2826300.0,2.0,1.3124921034673775,104.62044979958046,89.94909747214805,54.98475785059561,62.68870179201591,19.902140034611026,98.30990320841471,96.02764790852865,26.399999618530273,13.271108265376759
73,2020-10-14,BA,162.6999969482422,165.1699981689453,162.49000549316406,163.24000549316406,10505500.0,2.0,-0.18933746753992864,175.33413253638952,149.60286850120815,48.34801673921615,0.15129065484208207,1.1835272843624949,163.33500111897786,167.60166727701824,26.399999618530273,13.271108265376759
73,2020-10-14,CAT,162.66000366210938,164.82000732421875,162.5,153.29673767089844,4087100.0,2.0,3.931111401221301,153.92675333396798,130.79698934181326,64.22822406328194,204.86189680261654,42.15411791287028,141.82889455159506,135.96458930969237,26.399999618530273,13.271108265376759
73,2020-10-14,CRM,270.0,270.1600036621094,258.75,261.8299865722656,5129500.0,2.0,6.757056307100356,270.21015062358737,232.46385145160792,59.9031890427744,105.6395957417031,20.615725008553216,251.8220011393229,231.5186678568522,26.399999618530273,13.271108265376759
73,2020-10-14,CSCO,39.849998474121094,40.41999816894531,39.7599983215332,36.45671463012695,16439100.0,2.0,-0.2259517344846529,37.07777927590035,34.2490079097686,45.61122158672331,36.97244651572099,3.9257760044251313,36.00573539733887,38.312882296244304,26.399999618530273,13.271108265376759
73,2020-10-14,CVX,73.27999877929688,74.43000030517578,72.91000366210938,64.10880279541016,7057500.0,2.0,-1.5069099875332057,68.66938940696876,60.75305779762108,41.25440543781764,-49.318551707090116,22.336751610669754,66.41273422241211,71.31710001627604,26.399999618530273,13.271108265376759
73,2020-10-14,DIS,129.13999938964844,129.5,125.29000091552734,126.58999633789062,11531500.0,2.0,-0.7462353954840779,129.77209068389502,120.06491111664208,51.299271953898746,-9.239266534920816,3.0892006149785276,127.53666763305664,126.75149993896484,26.399999618530273,13.271108265376759
73,2020-10-14,GS,213.8800048828125,214.4499969482422,210.27000427246094,196.57505798339844,7550100.0,2.0,2.4571964440665113,199.82112637597166,172.8869424716846,55.52774984203569,141.02671354763132,38.4118731671825,187.3380106608073,188.40827255249025,26.399999618530273,13.271108265376759
73,2020-10-14,HD,289.510009765625,290.29998779296875,285.1499938964844,267.22222900390625,2221000.0,2.0,2.916154678847022,271.9006305534175,245.32881128007864,57.66015436319263,122.55002902563955,11.067471871300437,258.49853057861327,257.1819328308105,26.399999618530273,13.271108265376759
73,2020-10-14,HON,173.08999633789062,174.9600067138672,172.8000030517578,163.6837158203125,2384600.0,2.0,2.634162554764231,167.46463731044707,147.77582899814666,58.79070524363217,122.58361686369031,14.74289421892393,157.69981028238934,152.71778971354166,26.399999618530273,13.271108265376759
73,2020-10-14,IBM,119.62715148925781,121.35755157470703,119.62715148925781,103.72564697265625,3899593.0,2.0,0.8881776154069883,106.74937396611554,95.52056316767352,53.19163590895529,84.24502970834672,19.610136053545244,101.16859919230143,101.81492309570312,26.399999618530273,13.271108265376759
73,2020-10-14,INTC,54.0099983215332,54.400001525878906,53.5099983215332,48.864803314208984,21874200.0,2.0,0.8125696281484807,49.81657022485573,44.04674535741966,54.12542247782805,143.9501860808991,33.4593641162528,46.47403500874837,45.92661768595378,26.399999618530273,13.271108265376759
73,2020-10-14,JNJ,148.82000732421875,149.02999877929688,147.38999938964844,136.75918579101562,7706400.0,2.0,0.26841783862408874,139.8819095604093,132.30396843031335,50.604549273800174,6.198803602239472,4.815986592333501,136.56926727294922,136.92654037475586,26.399999618530273,13.271108265376759
73,2020-10-14,JPM,101.02999877929688,101.93000030517578,100.0999984741211,92.03028106689453,15204100.0,2.0,0.8446888971750894,95.24832383915897,82.95866773798947,52.744043753620126,56.33920091423565,19.638311973838697,90.02268753051757,90.16275367736816,26.399999618530273,13.271108265376759
73,2020-10-14,KO,50.04999923706055,50.4900016784668,49.650001525878906,45.75419616699219,10582100.0,2.0,0.3222886990449183,46.722800616545456,43.84256918020748,54.525645508702624,14.52219594003679,4.729832454713103,45.50921389261882,44.49776941935222,26.399999618530273,13.271108265376759
73,2020-10-14,MCD,228.41000366210938,229.47999572753906,227.35000610351562,212.8422088623047,1862600.0,2.0,3.3107596120133564,215.09673783182384,199.51452010274645,64.84790115605395,139.2685206158055,42.164500412168955,205.9665990193685,198.3103146870931,26.399999618530273,13.271108265376759
73,2020-10-14,MMM,167.00999450683594,169.5399932861328,166.7899932861328,148.69088745117188,1435300.0,2.0,1.0627529729528078,152.18120863324322,137.32367265337786,55.463084019575746,69.10680188939023,8.350143150449309,145.48603108723958,143.11243845621746,26.399999618530273,13.271108265376759
73,2020-10-14,MRK,77.1469497680664,77.22328186035156,76.40267181396484,69.82134246826172,9166122.0,2.0,-0.7171908730489633,74.10534656045833,68.08787167074284,46.963744490215504,-102.60308448411953,16.23318435030334,71.78364969889323,71.3747994740804,26.399999618530273,13.271108265376759
73,2020-10-14,MSFT,223.0,224.22000122070312,219.1300048828125,214.9574737548828,23421700.0,2.0,2.4228625246229,216.680492306561,190.94356470027492,55.78395721310424,148.2239511050905,18.48745718940005,204.19176584879557,205.15065638224283,26.399999618530273,13.271108265376759
73,2020-10-14,NKE,129.52999877929688,129.60000610351562,127.01000213623047,123.92796325683594,3586600.0,2.0,3.888111634925451,131.6668772135066,110.97313285729415,63.836842743746786,70.32339595507241,28.20494109024428,118.40333786010743,109.76994870503744,26.399999618530273,13.271108265376759
73,2020-10-14,PG,144.17999267578125,145.10000610351562,143.0800018310547,133.80892944335938,3860700.0,2.0,1.7511471890970824,134.4787558482996,124.61488886605589,65.49905639443423,202.81951704196152,41.82951807056535,129.11640243530275,126.6829470316569,26.399999618530273,13.271108265376759
73,2020-10-14,TRV,112.76000213623047,114.45999908447266,112.0,104.76399993896484,1070100.0,2.0,0.3540093132763076,109.25679430965327,98.22512097354986,49.47769281546562,19.005996935948296,1.9744656341195643,104.6427116394043,106.21151873270671,26.399999618530273,13.271108265376759
73,2020-10-14,UNH,322.07000732421875,330.57000732421875,320.20001220703125,308.66888427734375,4455400.0,2.0,5.210854168524179,322.1382684402877,275.07964537807175,55.60404705794569,110.18857636688897,18.19032265998731,297.8050018310547,297.56522267659506,26.399999618530273,13.271108265376759
73,2020-10-14,V,204.7100067138672,204.97000122070312,201.1300048828125,198.0082550048828,5320000.0,2.0,0.45477453056383865,203.59777138045646,190.80980308243417,51.09501609996001,-1.4826013068027695,1.0438880425179822,198.45121205647786,197.31064071655274,26.399999618530273,13.271108265376759
73,2020-10-14,VZ,59.459999084472656,59.52000045776367,58.38999938964844,49.36943817138672,16591900.0,2.0,0.06757483212045656,50.573339285597456,49.11341455961738,50.911294589151765,-120.50050295457878,13.678162960237186,50.01169649759928,49.36251665751139,26.399999618530273,13.271108265376759
73,2020-10-14,WBA,36.31999969482422,36.810001373291016,35.650001525878906,31.20011329650879,8360200.0,2.0,-0.19534482404355202,32.458500800184495,30.243223442979566,44.683733383962156,7.672633393893162,1.0984289978349953,31.28700205485026,33.056843535105386,26.399999618530273,13.271108265376759
73,2020-10-14,WMT,146.39999389648438,146.52999877929688,143.75999450683594,137.4064178466797,6570300.0,2.0,1.9353290872327307,139.55081884729577,127.46093347204015,58.62780224981118,110.62109234642399,41.84233287554473,133.48360137939454,129.89859479268392,26.399999618530273,13.271108265376759
74,2020-10-15,AAPL,118.72000122070312,121.19999694824219,118.1500015258789,118.56684875488281,112559200.0,3.0,1.6640374048314186,122.06159826701794,103.37356942707386,56.2618533899105,107.01792317795312,12.925249095847816,112.82530288696289,112.03857828776042,26.969999313354492,23.4882532586064
74,2020-10-15,AMGN,236.0,236.99000549316406,232.8699951171875,213.802490234375,2531000.0,3.0,-1.9068178690451703,235.8581891958839,210.84263325284658,45.942092412587705,-164.04300125110538,31.074978756200096,223.4353235880534,222.9458267211914,26.969999313354492,23.4882532586064
74,2020-10-15,AXP,103.44000244140625,104.88999938964844,103.0199966430664,100.4197006225586,2699300.0,3.0,1.2836467503865236,104.64747702693829,89.9418135919582,54.514203284683184,35.491109044544075,8.821166508271814,98.32478332519531,96.160533396403,26.969999313354492,23.4882532586064
74,2020-10-15,BA,161.00999450683594,164.5399932861328,158.72999572753906,164.24000549316406,13226800.0,3.0,-0.19556050396266755,174.97987579947738,149.628125909507,48.7737622958363,-12.43910934985161,8.904863570450742,162.9836680094401,167.34250081380208,26.969999313354492,23.4882532586064
74,2020-10-15,CAT,160.27000427246094,165.77999877929688,160.14999389648438,154.63656616210938,2958500.0,3.0,4.281133094308672,155.67673703198165,130.0935937785652,65.02411575630697,180.6242506905861,30.2880326774008,142.32142588297526,136.40277646382648,26.969999313354492,23.4882532586064
74,2020-10-15,CRM,258.1099853515625,260.5199890136719,254.02000427246094,257.7200012207031,5256800.0,3.0,6.217987875366106,270.78977283374684,233.20322948558908,58.11278032962274,61.9803777697638,10.91364100217774,251.18966776529948,232.6255012512207,26.969999313354492,23.4882532586064
74,2020-10-15,CSCO,39.470001220703125,40.0,39.349998474121094,36.529842376708984,15451400.0,3.0,-0.17305902254927474,37.072636274304394,34.25131506541728,45.936243365444085,23.819884866497027,3.8335229332699616,35.94290860493978,38.21385231018066,26.969999313354492,23.4882532586064
74,2020-10-15,CVX,71.81999969482422,73.72000122070312,71.38999938964844,64.60093688964844,10052100.0,3.0,-1.4019577110988166,67.81436296128565,61.144075149065905,42.15501735801505,-58.89965202329788,29.411531920778657,66.1291737874349,71.07929318745931,26.969999313354492,23.4882532586064
74,2020-10-15,DIS,125.0,127.4000015258789,124.43000030517578,127.36000061035156,7744000.0,3.0,-0.5241180168585373,129.11245033134242,120.43855140815951,52.07704903912305,-17.842577276250573,0.8080200804072978,127.26900100708008,126.89033330281576,26.969999313354492,23.4882532586064
74,2020-10-15,GS,209.5800018310547,210.72999572753906,206.89999389648438,194.12750244140625,4325700.0,3.0,2.481224821974962,200.66975257493164,173.31977836989256,53.85053637904099,97.63167555570583,25.60221428265782,187.29334055582683,188.46782735188802,26.969999313354492,23.4882532586064
74,2020-10-15,HD,284.1199951171875,290.25,283.1199951171875,267.6411437988281,2699400.0,3.0,3.045424040943601,272.8356776562124,245.09931227298682,57.87260383038739,114.70743928509302,4.7228173347633735,258.5090794881185,257.5505444844564,26.969999313354492,23.4882532586064
74,2020-10-15,HON,171.05999755859375,173.5399932861328,170.3300018310547,162.87222290039062,2436600.0,3.0,2.6079034575450066,167.75901804257342,147.69564351748517,57.99146675029145,90.9376669074886,4.144633776448378,157.70421396891277,153.0145362854004,26.969999313354492,23.4882532586064
74,2020-10-15,IBM,118.62332916259766,119.71319580078125,118.4034423828125,102.86085510253906,3541024.0,3.0,0.831304072315973,106.74652688449969,95.52093908840071,51.986675248041315,49.21976818802512,13.561816562019061,101.07827682495117,101.78586273193359,26.969999313354492,23.4882532586064
74,2020-10-15,INTC,52.75,53.97999954223633,52.619998931884766,49.1385612487793,18272900.0,3.0,0.8485877500478267,50.09642710922338,44.08900379897975,54.812553440658824,118.99986252105178,17.506798201446667,46.52270228068034,45.82338002522786,26.969999313354492,23.4882532586064
74,2020-10-15,JNJ,147.47999572753906,147.89999389648438,146.3300018310547,135.9188690185547,5978600.0,3.0,0.1543946926533124,139.88264479504232,132.3050810350358,49.42434504367537,-35.78971700529262,1.6091437986842851,136.36488240559896,136.89840443929037,26.969999313354492,23.4882532586064
74,2020-10-15,JPM,99.0999984741211,101.77999877929688,99.04000091552734,93.40769958496094,17171200.0,3.0,0.9565571163256124,95.72788575937355,82.8524944896499,54.40462425922928,57.69408094517633,11.112124790556036,90.05343678792318,90.22301394144694,26.969999313354492,23.4882532586064
74,2020-10-15,KO,49.400001525878906,50.130001068115234,49.29999923706055,45.63552474975586,9961700.0,3.0,0.2992611023414824,46.65004011375564,43.864208162001205,54.04194001670725,-10.487475787242985,9.891122911806367,45.485206349690756,44.52666702270508,26.969999313354492,23.4882532586064
74,2020-10-15,MCD,226.14999389648438,230.0,225.58999633789062,214.7310791015625,2177300.0,3.0,3.4547758604771843,216.10374593211262,199.16767740773113,66.233313583773,132.07189288751687,30.425813802545598,206.38457895914715,198.8117535909017,26.969999313354492,23.4882532586064
74,2020-10-15,MMM,166.0500030517578,169.67999267578125,165.8000030517578,149.2913055419922,1638100.0,3.0,1.2227437877603222,151.51625766208076,137.69724484036067,55.98874188524652,67.30192147502031,3.6372795543043153,145.47337544759114,143.28611119588217,26.969999313354492,23.4882532586064
74,2020-10-15,MRK,76.14503479003906,76.27862548828125,75.1717529296875,68.56385803222656,9151974.0,3.0,-0.7999340558538108,73.62905096727869,67.99352669995764,43.84294641914564,-142.60683980459714,28.938685661877884,71.5742899576823,71.38706906636556,26.969999313354492,23.4882532586064
74,2020-10-15,MSFT,217.10000610351562,220.36000061035156,216.00999450683594,213.78956604003906,22733100.0,3.0,2.6541530893164804,217.86860491261544,191.38568738474785,55.14693298144513,130.59637865836987,9.900107974707788,203.8027806599935,205.28724975585936,26.969999313354492,23.4882532586064
74,2020-10-15,NKE,126.4800033569336,129.10000610351562,126.11000061035156,125.2287826538086,4235800.0,3.0,3.7152817505580344,131.6273345442558,112.23972173015827,64.93315190754117,65.87686222210158,22.73051555127734,118.79811579386393,110.260324605306,26.969999313354492,23.4882532586064
74,2020-10-15,PG,143.05999755859375,144.38999938964844,142.88999938964844,133.61386108398438,4997100.0,3.0,1.792128850693274,135.01353873186363,124.66628609723794,64.99245132910656,165.75741697907227,39.669233974364815,129.21920903523764,126.96908556620279,26.969999313354492,23.4882532586064
74,2020-10-15,TRV,110.58000183105469,113.05999755859375,109.62000274658203,105.33443450927734,1238900.0,3.0,0.3283686106909869,109.26091121880427,98.22474475653752,50.1537894788722,-6.366630828282913,9.554036871393699,104.51920878092447,106.07613372802734,26.969999313354492,23.4882532586064
74,2020-10-15,UNH,318.8500061035156,326.9700012207031,316.3299865722656,311.2774658203125,3172200.0,3.0,5.179021992821674,323.5445399745182,275.5521397129818,56.65348243958386,93.37791485736754,9.920798015427025,297.9854349772135,297.87081654866535,26.969999313354492,23.4882532586064
74,2020-10-15,V,201.00999450683594,204.6999969482422,197.60000610351562,195.41322326660156,8885500.0,3.0,0.1491730471505548,203.10193587316238,190.74549912439622,49.166737033028944,-44.10012472118804,10.664877000590067,197.8985794067383,197.32680231730143,26.969999313354492,23.4882532586064
74,2020-10-15,VZ,58.11000061035156,58.279998779296875,57.720001220703125,49.14131164550781,13644500.0,3.0,0.004380779617648045,50.45598143156777,49.07938729706992,49.51331561487476,-213.2917808804592,26.80583286304866,49.96290690104167,49.40472571055094,26.969999313354492,23.4882532586064
74,2020-10-15,WBA,36.349998474121094,38.220001220703125,36.310001373291016,32.70321273803711,16168300.0,3.0,-0.0839550660732371,32.5564471117285,30.182637513515633,49.877254978440355,142.83174224279503,19.05797112905047,31.300613911946616,33.019373734792076,26.969999313354492,23.4882532586064
74,2020-10-15,WMT,143.08999633789062,144.9600067138672,142.83999633789062,137.96961975097656,4564200.0,3.0,1.9762581389340141,140.06279277280578,127.69737110658879,59.175366429542485,103.83991161581262,34.59403803106293,133.38336741129558,130.0960896809896,26.969999313354492,23.4882532586064
75,2020-10-16,AAPL,121.27999877929688,121.55000305175781,118.80999755859375,116.90685272216797,115393800.0,4.0,1.6163513949721988,122.07784503473938,104.55369793401063,54.947032613238676,109.0188255556143,13.991982482832398,112.76440353393555,112.46981824239096,27.40999984741211,11.069108027824033
75,2020-10-16,AMGN,235.35000610351562,239.16000366210938,233.8000030517578,214.4484100341797,2059300.0,4.0,-2.26098348144572,235.8819542292034,209.72715679374582,46.286091006818125,-133.55031378979706,25.48903577601862,223.06565755208334,222.72078806559244,27.40999984741211,11.069108027824033
75,2020-10-16,AXP,104.6500015258789,105.68000030517578,104.19999694824219,100.88127899169922,2394300.0,4.0,1.2832397282701606,104.87503697598125,89.89698145663594,55.017232527009355,54.96916604535109,12.735253600215582,98.35313466389974,96.29903717041016,27.40999984741211,11.069108027824033
75,2020-10-16,BA,171.22000122070312,173.4199981689453,167.27000427246094,167.35000610351562,31780600.0,4.0,0.04988372421240683,175.47323680039477,149.7557655799763,50.097105792824784,105.39549587433338,9.038665788353786,162.93633473714192,167.19083429972332,27.40999984741211,11.069108027824033
75,2020-10-16,CAT,167.25,170.50999450683594,166.6199951171875,158.11273193359375,5569000.0,4.0,4.783879746227058,158.14178502155832,129.16142237590262,66.99502833516061,224.65976025792483,40.90196913758038,143.0082214355469,136.9048334757487,27.40999984741211,11.069108027824033
75,2020-10-16,CRM,259.239990234375,262.5199890136719,258.489990234375,258.54998779296875,3092300.0,4.0,5.79099030783064,271.2708881395519,234.29911308115123,58.37269725441594,90.87294531951007,14.038969384085387,250.97433369954427,233.7923344930013,27.40999984741211,11.069108027824033
75,2020-10-16,CSCO,39.880001068115234,40.29999923706055,39.54999923706055,36.7034797668457,21292500.0,4.0,-0.11579526529499162,37.171746179954575,34.217445256813,46.71834852509375,51.60133188171373,1.8955963079875147,35.930243174235024,38.110018984476724,27.40999984741211,11.069108027824033
75,2020-10-16,CVX,73.5199966430664,74.02999877929688,72.2699966430664,64.05606842041016,9305600.0,4.0,-1.3472187090327736,66.9146163371155,61.57629705399778,41.42760003049874,-50.19052129788797,26.891493986524097,65.85410792032877,70.83283856709798,27.40999984741211,11.069108027824033
75,2020-10-16,DIS,127.80999755859375,128.1199951171875,126.33000183105469,126.80999755859375,6291700.0,4.0,-0.3879964620430485,128.74871467011735,120.62028633696272,51.46966102249177,-1.4580581147075817,2.4909642826356775,127.05466740926107,127.03516654968261,27.40999984741211,11.069108027824033
75,2020-10-16,GS,208.32000732421875,210.0,205.80999755859375,191.9033203125,3244500.0,4.0,2.2943467736203615,201.09393756958005,173.9518479528809,52.36367849366217,81.44848857093857,21.707817567039175,187.2514628092448,188.53625564575196,27.40999984741211,11.069108027824033
75,2020-10-16,HD,288.25,292.6499938964844,287.25,267.7528381347656,3108600.0,4.0,3.1209078580918685,273.88245687436256,245.21324167300074,57.93082743039944,129.64935719808398,11.138085506820746,258.9133555094401,257.9420061747233,27.40999984741211,11.069108027824033
75,2020-10-16,HON,173.3000030517578,176.39999389648438,172.8000030517578,164.99530029296875,3628800.0,4.0,2.7269726923790074,168.55141692031006,147.48449158799073,59.48225955538859,126.84510278739401,13.978990883191614,157.97345021565755,153.36042912801108,27.40999984741211,11.069108027824033
75,2020-10-16,IBM,119.66539001464844,120.86997985839844,119.17781829833984,103.7174072265625,4927078.0,4.0,0.8456004222685749,106.9946237320358,95.5339277511185,53.07583486543551,80.44029987923733,17.763921840199156,101.1189084370931,101.78923454284669,27.40999984741211,11.069108027824033
75,2020-10-16,INTC,53.900001525878906,54.70000076293945,53.900001525878906,49.42144012451172,23414400.0,4.0,0.8897023968929503,50.36759230087086,44.20748055984691,55.524658047652544,140.3334481257363,25.235138702793098,46.63737411499024,45.73467578887939,27.40999984741211,11.069108027824033
75,2020-10-16,JNJ,147.60000610351562,148.75999450683594,147.00999450683594,136.75918579101562,6097000.0,4.0,0.1303346519590889,139.76631066296022,132.3216837218054,50.615803368029326,10.65410841366739,3.520049671487918,136.32024993896485,136.89038848876953,27.40999984741211,11.069108027824033
75,2020-10-16,JPM,101.41000366210938,102.33000183105469,100.72000122070312,93.21485900878906,13275000.0,4.0,1.0179189273463294,96.15004434259052,82.80354757635479,54.12914411640844,76.50954199672148,14.492109298777608,90.08746287027995,90.27566248575846,27.40999984741211,11.069108027824033
75,2020-10-16,KO,49.9900016784668,50.349998474121094,49.869998931884766,45.67203140258789,13569800.0,4.0,0.28072136666195036,46.59469025453424,43.88121611753607,54.17131988238907,19.85477544744035,6.031484803080097,45.483847554524736,44.55919157663981,27.40999984741211,11.069108027824033
75,2020-10-16,MCD,229.77000427246094,231.91000366210938,229.14999389648438,214.47862243652344,2162800.0,4.0,3.5080994452764287,217.01767126876626,199.10467217605793,65.87434856746522,149.15943862498767,36.50762247204447,206.86988372802733,199.3255635579427,27.40999984741211,11.069108027824033
75,2020-10-16,MMM,169.94000244140625,172.07000732421875,169.22000122070312,150.9600830078125,2478600.0,4.0,1.467280163726116,151.7931874736494,137.54569344676074,57.43325465831576,115.58298410275235,13.362403085164805,145.61052856445312,143.47913818359376,27.40999984741211,11.069108027824033
75,2020-10-16,MRK,75.66793823242188,76.62213897705078,75.48664093017578,69.23161315917969,7903492.0,4.0,-0.802377062957035,72.88519652990814,68.21877304406647,45.82070892746083,-113.37845539224134,23.357045746580543,71.428515625,71.42079950968424,27.40999984741211,11.069108027824033
75,2020-10-16,MSFT,220.14999389648438,222.2899932861328,219.32000732421875,213.78956604003906,26057900.0,4.0,2.8051168868477134,218.60081121625367,192.52898309526975,55.14693298144514,155.92994655520437,14.020558312925177,203.87934468587238,205.57288055419923,27.40999984741211,11.069108027824033
75,2020-10-16,NKE,129.50999450683594,130.19000244140625,127.55000305175781,124.25802612304688,6010900.0,4.0,3.460095060915293,130.92209622967073,114.239960502507,63.4482327578849,68.38529430263598,26.778315092306475,119.2883529663086,110.7443691253662,27.40999984741211,11.069108027824033
75,2020-10-16,PG,144.4199981689453,145.8699951171875,143.9199981689453,134.13409423828125,6806100.0,4.0,1.845313949999536,135.56566165465733,124.76630169373134,65.72386121932917,172.1575635458834,46.459567308476664,129.40902938842774,127.25133781433105,27.40999984741211,11.069108027824033
75,2020-10-16,TRV,112.79000091552734,114.26000213623047,111.69000244140625,105.9703369140625,1641100.0,4.0,0.35526490607634287,109.42490601037714,98.22066054846074,50.91134529111719,35.16030445335466,3.2619880338406535,104.48280156453451,106.00750020345052,27.40999984741211,11.069108027824033
75,2020-10-16,UNH,325.4599914550781,332.3500061035156,324.7300109863281,316.38916015625,3293300.0,4.0,5.502832548709932,325.64303317713177,275.55204128575883,58.63557106399489,134.7282085636497,18.40471154830651,298.46392618815105,298.3211410522461,27.40999984741211,11.069108027824033
75,2020-10-16,V,199.99000549316406,202.64999389648438,199.41000366210938,196.1084442138672,6385900.0,4.0,-0.03649907137889841,202.95598085588864,190.66132261090826,49.692904536245045,-34.804116912950114,10.664877000590076,197.61458994547527,197.37785517374675,27.40999984741211,11.069108027824033
75,2020-10-16,VZ,58.08000183105469,58.43000030517578,58.0099983215332,49.04836654663086,13364200.0,4.0,-0.05259457743448337,50.37749486640105,49.01725992485872,48.94683496790579,-188.2167352214255,22.352693714118168,49.9087895711263,49.443992360432944,27.40999984741211,11.069108027824033
75,2020-10-16,WBA,37.47999954223633,37.90999984741211,36.900001525878906,32.50338363647461,8562000.0,4.0,-0.011667918317169068,32.64315075511769,30.137638810922358,49.24143515837633,145.8195866157672,19.057971129050472,31.309881591796874,32.983584054311116,27.40999984741211,11.069108027824033
75,2020-10-16,WMT,145.39999389648438,146.14999389648438,144.47000122070312,138.14146423339844,5645000.0,4.0,1.9995119912699977,140.37002999225817,128.28937857707777,59.34520368467922,129.57665662088576,38.91038539237701,133.38877766927084,130.31261075337727,27.40999984741211,11.069108027824033
76,2020-10-19,AAPL,119.95999908447266,120.41999816894531,115.66000366210938,113.92083740234375,120639300.0,0.0,1.3223699498261823,122.02137155461337,105.18969640803313,52.65712528136096,57.41245070044549,1.9735215725468658,112.60135065714518,112.85504989624023,29.18000030517578,11.934602467943447
76,2020-10-19,AMGN,236.2100067138672,237.44000244140625,230.00999450683594,209.89051818847656,2749800.0,0.0,-2.8762899804885933,236.52878209056132,207.94494685230978,44.231443958347334,-166.34277502968,30.98055704217384,222.52920227050782,222.48394775390625,29.18000030517578,11.934602467943447
76,2020-10-19,AXP,105.12999725341797,105.22000122070312,102.25,98.53497314453125,3196500.0,0.0,1.0811273245214892,104.94345537364597,90.28131650745755,51.99359514606805,20.795790996102248,1.26517002279659,98.26465199788412,96.4198221842448,29.18000030517578,11.934602467943447
76,2020-10-19,BA,169.08999633789062,170.83999633789062,166.11000061035156,167.11000061035156,16519600.0,0.0,0.22246912034543698,175.80639883255762,150.4986029984971,49.994000257932264,84.19029470052403,6.586374054581878,162.80500132242838,167.08000106811522,29.18000030517578,11.934602467943447
76,2020-10-19,CAT,168.74000549316406,170.02000427246094,166.8000030517578,156.96961975097656,2757700.0,0.0,5.032063988903332,159.88915804323184,129.4941106945611,65.73492414529139,190.14846533991286,40.90196913758038,143.61256357828776,137.37253494262694,29.18000030517578,11.934602467943447
76,2020-10-19,CRM,259.760009765625,261.4800109863281,254.5,255.00999450683594,3242300.0,0.0,5.108061235707311,271.42494645132075,235.14105391489016,56.81713643385911,59.337488022356894,6.100999370208859,250.9846669514974,234.9010009765625,29.18000030517578,11.934602467943447
76,2020-10-19,CSCO,40.150001525878906,40.380001068115234,39.15999984741211,35.91749572753906,19600500.0,0.0,-0.1323104755356681,37.19405125716748,34.251510724033686,43.75437608405867,18.64314974615799,5.360921231057038,35.895302836100264,38.00832983652751,29.18000030517578,11.934602467943447
76,2020-10-19,CVX,73.11000061035156,73.33999633789062,71.19000244140625,62.641197204589844,8357100.0,0.0,-1.4018463262369778,66.43365046382647,61.616103869669615,39.5923544377761,-76.04191173887732,31.834865411466495,65.54213231404623,70.57550849914551,29.18000030517578,11.934602467943447
76,2020-10-19,DIS,127.37000274658203,127.4000015258789,123.70999908447266,124.2300033569336,6576900.0,0.0,-0.4827384113993247,128.6796164617024,120.5713845148601,48.712650037881154,-36.530735797139165,9.082644043028145,126.79600067138672,127.14549992879232,29.18000030517578,11.934602467943447
76,2020-10-19,GS,207.38999938964844,207.91000366210938,204.58999633789062,191.41940307617188,3235300.0,0.0,2.083182861913315,201.32805164464597,174.80562908045167,52.04027625530494,67.341942052681,17.3542949459944,187.08860422770184,188.62051493326823,29.18000030517578,11.934602467943447
76,2020-10-19,HD,289.760009765625,290.1099853515625,283.3800048828125,264.09478759765625,2428100.0,0.0,2.8526714000985294,274.2534421539068,245.9015001678705,55.33956164912617,83.47940052317321,0.4194301838648576,259.3498992919922,258.24935251871744,29.18000030517578,11.934602467943447
76,2020-10-19,HON,174.58999633789062,175.16000366210938,171.0500030517578,161.90975952148438,2103500.0,0.0,2.5430439379865675,168.80542321206576,148.19482703207484,56.46938171620335,84.03999594673694,6.811252118648806,158.12756805419923,153.72213948567708,29.18000030517578,11.934602467943447
76,2020-10-19,IBM,121.22370910644531,121.74951934814453,119.57935333251953,103.37971496582031,7822720.0,0.0,0.8202263802375569,107.18554739732863,95.77704797010301,52.58929584754319,83.24965646747287,20.88972022555619,101.20730921427409,101.80784454345704,29.18000030517578,11.934602467943447
76,2020-10-19,INTC,54.470001220703125,56.22999954223633,53.84000015258789,49.804691314697266,43537200.0,0.0,0.9423484129044368,50.646066330868464,44.37248568634345,56.48574741916388,152.0599836615868,38.353960080279556,46.77425028483073,45.80054766337077,29.18000030517578,11.934602467943447
76,2020-10-19,JNJ,148.52999877929688,148.89999389648438,144.1300048828125,133.2686309814453,7250800.0,0.0,-0.16844991917113816,139.82670566689288,132.18925960410323,45.96294459527113,-96.51203604292293,12.323588471597565,136.18881581624348,136.84697723388672,29.18000030517578,11.934602467943447
76,2020-10-19,JPM,101.5999984741211,101.87000274658203,99.55999755859375,91.64460754394531,11725700.0,0.0,0.9291319794992887,96.33093213448011,83.115436273723,51.91482640396099,51.94884661274698,5.451783707857245,90.00272903442382,90.31275482177735,29.18000030517578,11.934602467943447
76,2020-10-19,KO,50.029998779296875,50.47999954223633,49.459999084472656,45.29774475097656,9930400.0,0.0,0.23313920420144285,46.60422119984233,43.92006850352681,52.600766645716156,0.572435316386118,12.176520963159293,45.45310821533203,44.58230838775635,29.18000030517578,11.934602467943447
76,2020-10-19,MCD,229.5500030517578,231.02000427246094,225.1699981689453,211.32742309570312,2009500.0,0.0,3.258521116204406,217.1568288495916,199.86225836964667,61.56583273066167,95.95835717663552,14.259685547263409,207.31466979980468,199.76872533162435,29.18000030517578,11.934602467943447
76,2020-10-19,MMM,171.02000427246094,172.35000610351562,168.8699951171875,149.706298828125,1909900.0,0.0,1.5421303794082917,152.41507673304247,137.64695177037552,56.004594685565486,99.70982679464173,11.599265667485986,145.72178293863934,143.64324824015299,29.18000030517578,11.934602467943447
76,2020-10-19,MRK,76.45037841796875,76.80343627929688,74.74236297607422,68.22561645507812,8614455.0,0.0,-0.8753976510379431,72.79282837053921,67.92435455182408,43.4365888658825,-125.58239534634043,30.34113859231693,71.25638300577799,71.45153897603353,29.18000030517578,11.934602467943447
76,2020-10-19,MSFT,220.4199981689453,222.3000030517578,213.72000122070312,208.49493408203125,27625800.0,0.0,2.469062419467349,218.59897672407453,193.6676034761208,52.25209599570877,98.16666588013878,0.14365945992793613,203.8783716837565,205.79033330281575,29.18000030517578,11.934602467943447
76,2020-10-19,NKE,129.10000610351562,129.77999877929688,127.05000305175781,123.70468139648438,5160800.0,0.0,3.1765897269005734,129.166884048798,117.36006755032308,62.60402892747708,59.58811174378697,23.603272091677763,119.77470677693685,111.2170923868815,29.18000030517578,11.934602467943447
76,2020-10-19,PG,144.47000122070312,145.38999938964844,141.1300048828125,131.83023071289062,6427600.0,0.0,1.6821699836129085,135.64041388008278,125.1746160271438,59.982611019204576,100.47643239060989,19.382617312298432,129.53134333292644,127.49828910827637,29.18000030517578,11.934602467943447
76,2020-10-19,TRV,113.51000213623047,114.37000274658203,111.69000244140625,104.58631134033203,1191400.0,0.0,0.2618823007834834,109.50212640045271,98.36693869354144,49.22688136463392,27.61058860970317,2.6841012080528355,104.36251500447591,105.9209046681722,29.18000030517578,11.934602467943447
76,2020-10-19,UNH,328.5400085449219,330.7799987792969,322.05999755859375,310.9418029785156,2482100.0,0.0,5.2592729239175355,326.3833703147794,277.2122015846346,55.821626260044006,100.38756508858799,12.770147454762482,298.8955088297526,298.7153778076172,29.18000030517578,11.934602467943447
76,2020-10-19,V,200.85000610351562,201.07000732421875,196.5,192.88668823242188,7449600.0,0.0,-0.43855891123794777,202.9913582578579,190.57894050923196,47.34364614250605,-101.04646974575756,19.45666163066621,197.3635711669922,197.4123675028483,29.18000030517578,11.934602467943447
76,2020-10-19,VZ,58.150001525878906,58.290000915527344,57.08000183105469,48.4146728515625,16075100.0,0.0,-0.1471850855299479,50.51155751128654,48.74107958893319,45.29205494315266,-256.64690576525095,37.01256855268041,49.83717231750488,49.45876350402832,29.18000030517578,11.934602467943447
76,2020-10-19,WBA,37.459999084472656,37.79999923706055,36.83000183105469,32.12109375,4865300.0,0.0,0.014604219816444441,32.72714251321241,30.15617047506884,48.029724458153055,122.40002506551619,17.726452962834948,31.312198638916016,32.93898922602336,29.18000030517578,11.934602467943447
76,2020-10-19,WMT,145.10000610351562,145.3699951171875,142.75,136.46133422851562,4881100.0,0.0,1.86091689523181,140.4890327955317,128.73168253649956,56.94898099208018,92.11979123702712,26.057036115808273,133.39259592692056,130.50746726989746,29.18000030517578,11.934602467943447
77,2020-10-20,AAPL,116.19999694824219,118.9800033569336,115.62999725341797,115.42365264892578,124423700.0,1.0,1.1968555614781309,122.1427803749197,105.62816612776585,53.662534261092716,54.379053461097946,1.8641601976955149,112.75490798950196,113.22945938110351,29.350000381469727,64.16520295651345
77,2020-10-20,AMGN,231.05999755859375,232.89999389648438,229.36000061035156,210.24533081054688,1950100.0,1.0,-3.2972853477161266,236.6692427611644,206.31248331305432,44.43009218947623,-170.23040450405836,31.900684557401938,222.22352294921876,222.16762084960936,29.350000381469727,64.16520295651345
77,2020-10-20,AXP,102.94000244140625,104.61000061035156,102.83000183105469,99.17923736572266,2954700.0,1.0,0.9618509081807218,105.046917622032,90.6653481555559,52.73150847600306,25.967692708143517,1.2651700227965947,98.26148529052735,96.54400329589843,29.350000381469727,64.16520295651345
77,2020-10-20,BA,168.2899932861328,169.2899932861328,166.17999267578125,167.24000549316406,12319900.0,1.0,0.3655210980489869,176.08399792178528,151.26500415341002,50.051604255877685,72.35762360881529,6.586374054581865,163.01033477783204,167.03050104777017,29.350000381469727,64.16520295651345
77,2020-10-20,CAT,168.1999969482422,171.25999450683594,167.91000366210938,158.3375701904297,3007100.0,1.0,5.278289125897743,161.71401203151504,129.7155854416295,66.51461763819611,177.88286314091854,43.47981886832889,144.25188446044922,137.82696304321288,29.350000381469727,64.16520295651345
77,2020-10-20,CRM,256.1199951171875,259.17999267578125,254.0500030517578,255.97000122070312,2989300.0,1.0,4.591373053973797,271.68051772918443,235.70448288116714,57.137578135982196,49.20099951426502,5.218025705868682,251.47466684977215,235.98450088500977,29.350000381469727,64.16520295651345
77,2020-10-20,CSCO,39.439998626708984,39.5099983215332,39.029998779296875,35.82610321044922,16564900.0,1.0,-0.15103250229509513,37.20462807440146,34.26280890679971,43.42299582716858,-18.403635503173454,7.703029510992485,35.88206825256348,37.89319407145182,29.350000381469727,64.16520295651345
77,2020-10-20,CVX,71.91000366210938,72.29000091552734,71.04000091552734,62.99272918701172,7753200.0,1.0,-1.4006278473720073,66.03334776918064,61.67806809385646,40.27241959651066,-80.66658411133156,32.51237806064375,65.32858327229818,70.31089820861817,29.350000381469727,64.16520295651345
77,2020-10-20,DIS,124.58000183105469,125.7300033569336,123.63999938964844,124.94999694824219,6161200.0,1.0,-0.4940297557604083,128.38522829326467,120.63977246967478,49.49367712637735,-40.15018800069818,9.374917725538182,126.48766733805338,127.2894999186198,29.350000381469727,64.16520295651345
77,2020-10-20,GS,206.6999969482422,211.3800048828125,206.47000122070312,193.5970458984375,3335500.0,1.0,2.067716172045351,201.47423061214198,176.18659549869784,53.380625967285646,98.42158291405605,25.46090872780436,187.2607681274414,188.7171719868978,29.350000381469727,64.16520295651345
77,2020-10-20,HD,285.1400146484375,289.7900085449219,284.1300048828125,266.2449035644531,2281500.0,1.0,2.781524777653374,274.8365132457821,246.5033244007023,56.522076125914246,87.84506413790423,0.419430183864852,259.87052256266276,258.55997161865236,29.350000381469727,64.16520295651345
77,2020-10-20,HON,172.47000122070312,175.72000122070312,172.47000122070312,163.4855499267578,1580300.0,1.0,2.4956637332509217,169.2522940690108,148.7462700789384,57.60389718357709,97.74408123467805,8.773660503517007,158.41032816569012,154.08931401570638,29.350000381469727,64.16520295651345
77,2020-10-20,IBM,114.53154754638672,114.86615753173828,111.70172119140625,96.66728210449219,22490151.0,1.0,0.25553439392224675,107.37710729251941,95.32687219966809,44.24859686456351,-130.6373745888598,11.365794546741501,101.10188674926758,101.70888977050781,29.350000381469727,64.16520295651345
77,2020-10-20,INTC,54.599998474121094,54.70000076293945,53.27000045776367,48.75531005859375,27224900.0,1.0,0.889144953020228,50.71376880832884,44.62233653835085,53.22771537299586,98.72584229072804,29.317432175579,46.91173477172852,45.864337793986,29.350000381469727,64.16520295651345
77,2020-10-20,JNJ,144.66000366210938,145.75,144.1199951171875,133.4810028076172,5325400.0,1.0,-0.38367939567064013,139.79552722049917,132.2518314831141,46.273790844490755,-135.0933406370577,12.373415273137756,136.10539906819662,136.82147674560548,29.350000381469727,64.16520295651345
77,2020-10-20,JPM,100.30999755859375,101.7699966430664,100.12000274658203,92.16801452636719,11257100.0,1.0,0.8907344209006425,96.46184390629095,83.624265255086,52.58367865486431,60.84877817540702,5.45178370785724,90.04462280273438,90.37949701944987,29.350000381469727,64.16520295651345
77,2020-10-20,KO,49.88999938964844,50.619998931884766,49.790000915527344,45.87287139892578,10970700.0,1.0,0.23908192399954942,46.65858003149064,43.91957014551132,54.68895528692434,36.620653176279205,9.561317589496399,45.47866808573405,44.61516176859538,29.350000381469727,64.16520295651345
77,2020-10-20,MCD,226.74000549316406,230.0,226.42999267578125,212.6832733154297,1883200.0,1.0,3.1340073874087864,217.35395118858074,200.69746482704429,62.65307251131627,98.70331127779232,14.259685547263409,207.74698689778646,200.19528503417968,29.350000381469727,64.16520295651345
77,2020-10-20,MMM,170.5,173.19000244140625,169.99000549316406,150.94244384765625,1813000.0,1.0,1.6818094345132408,153.2002851425247,137.62197285308076,57.093178047246184,112.06668724949688,14.991192784693094,145.95076497395834,143.77837727864582,29.350000381469727,64.16520295651345
77,2020-10-20,MRK,75.3530502319336,75.3530502319336,74.50381469726562,67.87872314453125,11144746.0,1.0,-0.9503038727285684,72.71118804658096,67.60099457060653,42.64507625752206,-140.53016938064823,32.45009375409688,71.12750295003255,71.45023714701334,29.350000381469727,64.16520295651345
77,2020-10-20,MSFT,215.8000030517578,217.3699951171875,213.08999633789062,208.9134521484375,22753500.0,1.0,2.211020475455655,218.841699380384,194.12856276561212,52.45617510811854,68.44803113555975,1.613479434883993,204.2673573811849,205.97349700927734,29.350000381469727,64.16520295651345
77,2020-10-20,NKE,128.0,129.89999389648438,127.72000122070312,124.73368835449219,3799200.0,1.0,3.0003557356258455,127.5295641291198,120.12541557669074,63.53733059325554,64.9221064997342,24.090974965913233,120.28500544230143,111.72666130065917,29.350000381469727,64.16520295651345
77,2020-10-20,PG,145.61000061035156,145.69000244140625,141.89999389648438,132.3597412109375,7582100.0,1.0,1.5774207621158496,135.80757979587096,125.42734299465636,60.79683817272402,105.6442505934735,21.060125460428225,129.73385848999024,127.74849166870118,29.350000381469727,64.16520295651345
77,2020-10-20,TRV,115.58000183105469,118.44999694824219,114.19999694824219,110.44966888427734,2300800.0,1.0,0.6534671029823471,110.55782501875012,98.13977629960925,55.656725193874216,147.7329658178425,15.962637053548292,104.5252301534017,105.95755615234376,29.350000381469727,64.16520295651345
77,2020-10-20,UNH,326.6199951171875,328.6199951171875,323.2799987792969,310.1649475097656,1988600.0,1.0,4.946543745460019,326.22119783652556,280.1699825833963,55.42918869813327,88.724543317772,12.770147454762478,299.4524220784505,299.1315292358398,29.350000381469727,64.16520295651345
77,2020-10-20,V,197.5500030517578,199.66000366210938,196.7100067138672,193.60154724121094,7427000.0,1.0,-0.6915394470504737,203.01200814852456,190.27821859708092,47.90890953706623,-99.67154546512975,19.45666163066621,197.28457743326823,197.43011220296225,29.350000381469727,64.16520295651345
77,2020-10-20,VZ,57.540000915527344,57.66999816894531,56.7599983215332,48.37242126464844,18696200.0,1.0,-0.2229876320192048,50.5715744537715,48.51716303402147,45.059987301415255,-263.99007066591514,41.10269222185906,49.77863782246907,49.472551854451496,29.350000381469727,64.16520295651345
77,2020-10-20,WBA,37.150001525878906,37.77000045776367,36.720001220703125,32.57289505004883,6033700.0,1.0,0.07106250331742814,32.883167359093534,30.153930953284398,49.54757228775774,125.89989444797162,15.555541853411142,31.352455202738444,32.91151603062948,29.350000381469727,64.16520295651345
77,2020-10-20,WMT,144.11000061035156,145.52999877929688,143.6199951171875,137.3682098388672,4841000.0,1.0,1.8034673171646318,140.747491830208,129.0068492952803,57.89820829460907,99.42532101726964,26.73120008020279,133.5660161336263,130.71791381835936,29.350000381469727,64.16520295651345
78,2020-10-21,AAPL,116.66999816894531,118.70999908447266,116.44999694824219,114.79503631591797,89946000.0,2.0,1.0347326658489493,121.54599794382587,107.18263898854717,53.17389324439146,53.67870208183369,1.864160197695503,112.7401746114095,113.61884307861328,28.649999618530273,31.31280342200997
78,2020-10-21,AMGN,229.4600067138672,231.11000061035156,227.5399932861328,208.3075714111328,1978700.0,2.0,-3.7441282188850664,237.1570219112063,204.58561267131324,43.55360918331592,-171.89477150898495,34.51377289121199,221.72012379964193,221.79459813435872,28.649999618530273,31.31280342200997
78,2020-10-21,AXP,103.16999816894531,103.38999938964844,101.36000061035156,97.53490447998047,2588400.0,2.0,0.7262676063937761,104.70446485287128,91.61048036807598,50.67491621494666,-7.059800367414888,6.8948581466535614,98.19999643961589,96.66264406840007,28.649999618530273,31.31280342200997
78,2020-10-21,BA,166.44000244140625,167.6300048828125,163.82000732421875,163.86000061035156,11450600.0,2.0,0.20380335661741356,175.23757133447023,153.3794315341821,48.54749878202989,29.012458318699995,1.2904998722290228,163.11300150553384,166.91416778564454,28.649999618530273,31.31280342200997
78,2020-10-21,CAT,169.80999755859375,170.52000427246094,166.74000549316406,156.84779357910156,2502000.0,2.0,5.292206536304263,162.73824552048072,130.84824434768333,64.85208492234923,144.3489451590446,37.43327649391402,144.71130930582683,138.2856071472168,28.649999618530273,31.31280342200997
78,2020-10-21,CRM,256.45001220703125,258.30999755859375,251.85000610351562,254.22999572753906,2794000.0,2.0,3.995433179326483,270.5466807288675,238.66231890492156,56.353502228799385,30.60075837022465,0.8326610660140963,251.60133361816406,237.0633341471354,28.649999618530273,31.31280342200997
78,2020-10-21,CSCO,39.310001373291016,39.56999969482422,38.97999954223633,35.69816207885742,17016300.0,2.0,-0.17418571891683854,37.1682477699778,34.402450777385475,42.951898859337675,-20.34293678617736,6.403842284691998,35.86064465840658,37.78966058095296,28.649999618530273,31.31280342200997
78,2020-10-21,CVX,71.12999725341797,71.58000183105469,70.7300033569336,62.2808952331543,9800600.0,2.0,-1.4404961027299947,66.08252677653071,61.533978274128465,39.34456384348307,-95.95609447612038,33.96239383166614,65.06025505065918,70.06229038238526,28.649999618530273,31.31280342200997
78,2020-10-21,DIS,124.36000061035156,127.55999755859375,123.83999633789062,126.62999725341797,6591500.0,2.0,-0.36322916354198753,128.61751783299107,120.74248277736048,51.28439800677795,-8.482349108631707,0.3588749894596447,126.26333389282226,127.46366653442382,28.649999618530273,31.31280342200997
78,2020-10-21,GS,207.38999938964844,207.9499969482422,202.00999450683594,188.83230590820312,3083600.0,2.0,1.6519414594287127,199.90290066118231,179.32044376020443,50.204760017205246,39.13643777091626,10.560784594469697,187.28217315673828,188.75600026448566,28.649999618530273,31.31280342200997
78,2020-10-21,HD,285.3900146484375,288.0199890136719,283.2799987792969,264.82080078125,2304500.0,2.0,2.5804811930017877,274.47241734033554,248.53913051122694,55.51492202210862,66.96312029598046,2.9523737659545466,260.10228830973307,258.87988103230794,28.649999618530273,31.31280342200997
78,2020-10-21,HON,172.58999633789062,175.22000122070312,172.5500030517578,163.11753845214844,1827000.0,2.0,2.400744837170123,169.10517236635943,150.22195623471478,57.24346161694952,87.51330954378912,8.773660503517014,158.63427174886067,154.4308080037435,28.649999618530273,31.31280342200997
78,2020-10-21,IBM,111.5296401977539,112.51434326171875,109.74187469482422,94.7647476196289,10204044.0,2.0,-0.3415693080394675,107.73759853834059,94.65587909227463,42.282341325490165,-173.71974445107566,17.238434278414967,100.90422058105469,101.60180219014485,28.649999618530273,31.31280342200997
78,2020-10-21,INTC,53.13999938964844,54.06999969482422,52.81999969482422,48.81917190551758,21866000.0,2.0,0.8424230169337079,50.586170010761265,45.176987643047326,53.39693952205174,78.57753719046944,22.56177851058014,47.02975234985352,45.934177207946775,28.649999618530273,31.31280342200997
78,2020-10-21,JNJ,144.1199951171875,145.33999633789062,143.91000366210938,132.90847778320312,5221300.0,2.0,-0.5936055755517771,139.8466310737639,132.1536298515291,45.54316009364444,-143.05261175590365,13.476115998004842,135.92779388427735,136.7917849222819,28.649999618530273,31.31280342200997
78,2020-10-21,JPM,100.36000061035156,100.98999786376953,99.33000183105469,91.24974060058594,10730500.0,2.0,0.7772474231225885,96.2394214956514,84.53380619599899,51.288891695234256,38.856430078963996,0.6528492615030324,90.02709579467773,90.42456563313802,28.649999618530273,31.31280342200997
78,2020-10-21,KO,49.959999084472656,50.43000030517578,49.77000045776367,45.63552474975586,12517400.0,2.0,0.22207968488764607,46.606809398758294,44.13383581913721,53.67935703966663,20.679255840580343,9.882159995366807,45.48484598795573,44.6485870997111,28.649999618530273,31.31280342200997
78,2020-10-21,MCD,227.22999572753906,229.49000549316406,227.2100067138672,213.37522888183594,1518200.0,2.0,3.0559374469270892,217.27393916185318,202.0136478132445,63.202631566092265,97.12984876411487,14.259685547263409,208.13597920735677,200.71100184122722,28.649999618530273,31.31280342200997
78,2020-10-21,MMM,170.33999633789062,172.11000061035156,169.07000732421875,149.37078857421875,1511100.0,2.0,1.6467044623182687,153.5063401694099,138.16886277248466,55.293721686957255,82.56659986985431,10.047580485107947,146.05289510091146,144.0026662190755,28.649999618530273,31.31280342200997
78,2020-10-21,MRK,74.67557525634766,75.2385482788086,74.45610809326172,67.70527648925781,9689808.0,2.0,-1.0119976101122319,72.63275175903975,67.28397263671219,42.246886491289104,-132.92720393700972,32.88448375608858,70.94835739135742,71.43513882954916,28.649999618530273,31.31280342200997
78,2020-10-21,MSFT,213.1199951171875,216.9199981689453,213.1199951171875,209.05941772460938,22724900.0,2.0,1.9952980242527758,218.37457648251694,195.9787056830104,52.529378070902574,63.20790445989392,1.6134794348839823,204.38123118082683,206.18870646158854,28.649999618530273,31.31280342200997
78,2020-10-21,NKE,128.5,131.3800048828125,128.4499969482422,125.6462173461914,4916300.0,2.0,2.9008829186016953,127.72279352500354,120.15740361855114,64.35347322316139,76.96548708638652,29.984057923028,120.75517934163412,112.26661389668783,28.649999618530273,31.31280342200997
78,2020-10-21,PG,142.49000549316406,144.33999633789062,142.47000122070312,133.0750732421875,5649700.0,2.0,1.534439502613992,135.88154112620057,125.99808915334042,61.88075868598887,95.29808206037205,21.06012546042823,129.89178390502929,127.98646341959635,28.649999618530273,31.31280342200997
78,2020-10-21,TRV,118.5,125.18000030517578,118.12000274658203,116.89278411865234,2965200.0,2.0,1.4667980965870697,113.27723792054665,97.05779625914086,61.237012994041315,278.38832126966474,36.34489659962378,104.87964884440105,106.12634340922038,28.649999618530273,31.31280342200997
78,2020-10-21,UNH,323.4100036621094,326.489990234375,322.17999267578125,309.5704040527344,2139000.0,2.0,4.597729170375942,325.1122582924931,284.2183996664913,55.122383505264196,73.92204389434212,10.299148619163093,299.83765462239586,299.51660003662107,28.649999618530273,31.31280342200997
78,2020-10-21,V,197.8300018310547,200.4199981689453,197.8300018310547,194.31642150878906,6067200.0,2.0,-0.824835772030724,202.76271241016332,190.82717101268827,48.48104602045701,-70.92156848363337,16.048359270502864,197.10080108642578,197.46254170735676,28.649999618530273,31.31280342200997
78,2020-10-21,VZ,57.11000061035156,57.709999084472656,56.689998626708984,47.949954986572266,21498300.0,2.0,-0.3135369355593767,50.72607858788532,48.23259183752972,42.792065412851464,-241.94693639739484,41.98361593269853,49.70379168192546,49.470799382527666,28.649999618530273,31.31280342200997
78,2020-10-21,WBA,37.369998931884766,37.869998931884766,36.970001220703125,32.48600387573242,3708500.0,2.0,0.10755488243036382,32.954274722088506,30.285263279925648,49.26133196546905,124.16532063395637,17.042119519223018,31.411536725362144,32.87056926091512,28.649999618530273,31.31280342200997
78,2020-10-21,WMT,143.83999633789062,145.72999572753906,143.83999633789062,137.84552001953125,4371400.0,2.0,1.7759806556873343,140.7783242807812,129.77884277244146,58.39764554165593,98.78906524436564,27.6130327890617,133.70952555338542,130.92760060628254,28.649999618530273,31.31280342200997
79,2020-10-22,AAPL,117.44999694824219,118.04000091552734,114.58999633789062,113.69490814208984,101988000.0,3.0,0.8081619654825403,120.8496138037557,108.61865249263103,52.311516701226886,26.935715067789822,5.327464431350393,112.81417032877604,113.96068127950032,28.110000610351562,15.435552084722016
79,2020-10-22,AMGN,228.10000610351562,229.92999267578125,226.16000366210938,207.4068603515625,2172900.0,3.0,-4.123402254109834,237.65962588051994,202.96036313315196,43.144349362525624,-166.79376066075432,36.48904251974348,221.3362040201823,221.50325978597004,28.110000610351562,15.435552084722016
79,2020-10-22,AXP,101.69999694824219,104.86000061035156,101.56999969482422,100.765869140625,3748800.0,3.0,0.7911580111831427,104.43657959690073,92.81467620143913,54.29800427249336,31.363724934694904,1.5826267961642653,98.27844441731771,96.79890492757161,28.110000610351562,15.435552084722016
79,2020-10-22,BA,164.6999969482422,169.6300048828125,164.10000610351562,169.07000732421875,14238200.0,3.0,0.4903919482645449,172.42051862611032,158.49848466978813,50.90029019853785,69.00177739534129,5.542158357274294,163.4923350016276,166.96516799926758,28.110000610351562,15.435552084722016
79,2020-10-22,CAT,167.97999572753906,169.85000610351562,166.88999938964844,158.96533203125,2356800.0,3.0,5.411720890653925,163.92046108994506,131.9634653016565,66.09806472417927,133.2730556908152,37.43327649391403,145.32970479329427,138.74050267537436,28.110000610351562,15.435552084722016
79,2020-10-22,CRM,253.88999938964844,255.22000122070312,246.1300048828125,249.6699981689453,3685700.0,3.0,3.1192362280844748,269.22835368146593,241.19264546404187,54.33220195446176,-14.885081486427916,9.635084281509634,251.66366678873698,237.99766743977864,28.110000610351562,15.435552084722016
79,2020-10-22,CSCO,38.849998474121094,38.959999084472656,38.380001068115234,35.47880935668945,20399000.0,3.0,-0.2078389038627506,37.044419801507715,34.646545088018655,42.14102789713472,-69.63796057567242,17.093963442640355,35.84881324768067,37.675981203715004,28.110000610351562,15.435552084722016
79,2020-10-22,CVX,70.87999725341797,73.48999786376953,70.56999969482422,64.50426483154297,9810100.0,3.0,-1.2779531883643074,66.14733377029421,61.60978064010618,43.54713386341338,-49.53643886876532,17.35544884328028,64.92111142476399,69.83687775929769,28.110000610351562,15.435552084722016
79,2020-10-22,DIS,126.66999816894531,128.10000610351562,125.97000122070312,127.55999755859375,5177700.0,3.0,-0.18242264485490978,128.92974165504876,120.93725892478521,52.253830713177585,28.935790648273446,2.1845577618309595,126.0746671040853,127.66283315022787,28.110000610351562,15.435552084722016
79,2020-10-22,GS,203.1999969482422,206.3699951171875,202.1999969482422,191.1494903564453,2136900.0,3.0,1.4922131196665873,199.6737502516896,180.5072006760448,51.65187419948236,41.180042938170544,10.560784594469705,187.44937388102213,188.81864751180012,28.110000610351562,15.435552084722016
79,2020-10-22,HD,283.92999267578125,285.67999267578125,280.6499938964844,261.7026062011719,2787000.0,3.0,2.1448163531345585,273.34067828689507,251.10987713302683,53.36120527332835,32.259958631605265,10.48337655357914,260.3647710164388,259.15738779703776,28.110000610351562,15.435552084722016
79,2020-10-22,HON,173.61000061035156,177.25,173.0399932861328,166.873046875,1882100.0,3.0,2.5986039826657077,169.26644636838904,151.76762955934532,59.89275034101716,113.9262195940661,16.092833384581255,159.02994842529296,154.79470392862956,28.110000610351562,15.435552084722016
79,2020-10-22,IBM,109.94264221191406,110.95602416992188,108.011474609375,95.34125518798828,8217167.0,3.0,-0.7595038632908881,107.93453437913392,94.26703880201843,43.07527548104732,-179.36706561102176,22.109295984971087,100.77244237263997,101.49280611673991,28.110000610351562,15.435552084722016
79,2020-10-22,INTC,53.119998931884766,54.220001220703125,53.06999969482422,49.18418502807617,41522700.0,3.0,0.8253351050821678,50.45402845401344,45.74165788631859,54.37302024849637,83.62287229594159,23.97692647499224,47.18001225789388,46.02777417500814,28.110000610351562,15.435552084722016
79,2020-10-22,JNJ,144.16000366210938,145.69000244140625,143.83999633789062,133.970458984375,5279700.0,3.0,-0.6665964688061763,139.81910259846757,132.21901996012616,47.14455417821098,-110.69011224166857,10.98763649045948,135.87146606445313,136.78422673543295,28.110000610351562,15.435552084722016
79,2020-10-22,JPM,99.31999969482422,103.23999786376953,99.30999755859375,94.47290802001953,14837200.0,3.0,0.936594356634501,96.2706563428988,85.51928582629066,55.2866660126028,86.1731121537105,14.428889538990184,90.14854888916015,90.48756663004558,28.110000610351562,15.435552084722016
79,2020-10-22,KO,51.16999816894531,51.20000076293945,50.380001068115234,46.26540756225586,20189200.0,3.0,0.25647508162461463,46.680496589460084,44.24090042897253,55.9137131546775,86.44539468953477,4.116772675475263,45.517755126953126,44.694925181070964,28.110000610351562,15.435552084722016
79,2020-10-22,MCD,227.75999450683594,229.39999389648438,226.8800048828125,214.2728729248047,1961300.0,3.0,3.0315529733742608,217.2638064942348,203.24218258047222,63.915210321642206,93.1274597824924,12.404272977644064,208.507204691569,201.24214452107748,28.110000610351562,15.435552084722016
79,2020-10-22,MMM,169.63999938964844,170.99000549316406,168.38999938964844,150.7305450439453,1663200.0,3.0,1.7089053054790782,153.9912305628784,138.59254324083253,56.520232579125576,74.77185822669955,6.432283987657715,146.27540283203126,144.23620122273763,28.110000610351562,15.435552084722016
79,2020-10-22,MRK,74.52290344238281,75.81106567382812,74.52290344238281,68.69392395019531,6075990.0,3.0,-0.9699339589265037,72.3154879838881,67.25954405956894,45.26071871819854,-103.06356547155647,22.757567373819292,70.83976287841797,71.44139658610025,28.110000610351562,15.435552084722016
79,2020-10-22,MSFT,213.92999267578125,216.05999755859375,211.6999969482422,209.1470184326172,22351500.0,3.0,1.8105343594277201,218.05023130547798,197.44177919256887,52.57471216520572,49.71094425569904,5.207126704364228,204.6900838216146,206.37236429850262,28.110000610351562,15.435552084722016
79,2020-10-22,NKE,129.60000610351562,130.25999450683594,128.86000061035156,126.2189712524414,2869900.0,3.0,2.835579650849425,127.86087620424072,120.53091456724366,64.86411129492018,74.29045303738462,29.984057923027997,121.24800491333008,112.80481211344402,28.110000610351562,15.435552084722016
79,2020-10-22,PG,141.49000549316406,142.75,141.0800018310547,132.1325225830078,4502900.0,3.0,1.4080890102194132,135.82466102749297,126.54875511020234,59.63333115824377,53.76135432216548,9.046751273805745,130.06319122314454,128.20206807454426,28.110000610351562,15.435552084722016
79,2020-10-22,TRV,123.31999969482422,126.86000061035156,122.87999725341797,117.9588623046875,2267000.0,3.0,2.1723508603019894,115.6759405277388,96.3722741939409,62.05436120849072,289.3030384165974,40.21422466188898,105.32664667765299,106.28474477132161,28.110000610351562,15.435552084722016
79,2020-10-22,UNH,322.32000732421875,328.05999755859375,322.25,312.3899841308594,2100600.0,3.0,4.496969390768754,323.53922270966535,288.96299897002217,56.30881347664143,77.80607198240946,13.200923884783805,300.5531036376953,299.8412134806315,28.110000610351562,15.435552084722016
79,2020-10-22,V,199.33999633789062,199.77000427246094,195.75999450683594,193.88552856445312,4908200.0,3.0,-0.9542436031499619,202.51569794094902,191.31606475436345,48.151279169353856,-92.52873046964677,22.487454741869435,196.98492126464845,197.45780461629232,28.110000610351562,15.435552084722016
79,2020-10-22,VZ,56.93000030517578,57.65999984741211,56.5099983215332,48.44001770019531,16636100.0,3.0,-0.3418137297185311,50.7576194906992,48.09658125392971,46.05048806616201,-196.84365624582412,44.27467485155764,49.65949325561523,49.4776325861613,28.110000610351562,15.435552084722016
79,2020-10-22,WBA,37.529998779296875,37.66999816894531,37.15999984741211,32.59026336669922,4082200.0,3.0,0.14323707751129433,33.00620642696659,30.44880417789181,49.62258169453107,118.73141809179644,17.042119519223018,31.493787066141763,32.82448835372925,28.110000610351562,15.435552084722016
79,2020-10-22,WMT,144.19000244140625,144.55999755859375,142.69000244140625,137.03411865234375,4448000.0,3.0,1.669479251669486,140.668001996015,130.54307283308657,57.20429702643692,70.28978757288861,18.822754892670464,133.9239944458008,131.14071871439617,28.110000610351562,15.435552084722016
80,2020-10-23,AAPL,116.38999938964844,116.55000305175781,114.27999877929688,112.99751281738281,82572600.0,4.0,0.5658068100566283,120.68278718533597,109.05657820162693,51.761012998474946,7.200262589199194,6.503471602976495,112.91370417277018,114.27210388183593,27.549999237060547,52.028003401472816
80,2020-10-23,AMGN,228.72000122070312,230.07000732421875,226.3000030517578,206.66087341308594,2104200.0,4.0,-4.433072866496502,237.9188161627925,201.18551275566455,42.79977305636089,-149.9690210859229,36.04398401237917,220.84948272705077,221.24030583699545,27.549999237060547,52.028003401472816
80,2020-10-23,AXP,100.62999725341797,103.63999938964844,100.0,97.1021957397461,8921200.0,4.0,0.5407231794102927,103.89673247440052,93.84689850704478,49.99067694881981,-18.36557636650421,6.851348994899742,98.21593805948893,96.90666275024414,27.549999237060547,52.028003401472816
80,2020-10-23,BA,169.99000549316406,170.25999450683594,166.0500030517578,167.36000061035156,10024200.0,4.0,0.5729278654201551,171.42469110072705,160.62731237827688,50.122094305992476,70.98040771653736,6.892523052543901,163.7300018310547,167.0553347269694,27.549999237060547,52.028003401472816
80,2020-10-23,CAT,169.3699951171875,170.64999389648438,167.55999755859375,158.92764282226562,2857300.0,4.0,5.440678913537056,164.83172975733297,133.27371763036237,66.05494998374002,123.55229396195269,39.42769347123447,145.8228525797526,139.25411122639974,27.549999237060547,52.028003401472816
80,2020-10-23,CRM,250.10000610351562,250.57000732421875,246.80999755859375,250.52000427246094,3159600.0,4.0,2.4650170383253567,268.5515342239304,242.64746479950713,54.64589666768445,-27.71586840757472,9.63508428150963,251.91100006103517,238.9780008951823,27.549999237060547,52.028003401472816
80,2020-10-23,CSCO,38.93000030517578,38.970001220703125,38.650001525878906,35.47880935668945,15556100.0,4.0,-0.2318368247877487,36.99180734231394,34.76508924887258,42.14102789713472,-55.71541344007837,16.856124808388845,35.82762463887533,37.56637674967448,27.549999237060547,52.028003401472816
80,2020-10-23,CVX,73.93000030517578,74.36000061035156,71.83000183105469,63.77485656738281,8727200.0,4.0,-1.1942275963200473,66.15282854788374,61.66931615121294,42.54668874909965,-29.569573681530798,10.674962428403107,64.77112897237141,69.65417512257893,27.549999237060547,52.028003401472816
80,2020-10-23,DIS,128.10000610351562,128.5,126.3499984741211,128.35000610351562,5439900.0,4.0,0.02433439923673575,129.39890287635313,120.9030983138324,53.07442994440522,50.35520026240565,4.108799624309235,125.96133397420247,127.87433319091797,27.549999237060547,52.028003401472816
80,2020-10-23,GS,206.75999450683594,208.2100067138672,204.02000427246094,190.8144989013672,2110200.0,4.0,1.323341590733719,199.23241074430305,181.88753707063833,51.42835543519001,52.6409461643608,15.302799896014948,187.57717844645182,188.92273432413737,27.549999237060547,52.028003401472816
80,2020-10-23,HD,282.3800048828125,283.19000244140625,279.54998779296875,263.4153137207031,1750600.0,4.0,1.9156673906583137,272.4005385330299,253.39501810759515,54.36711730989295,22.6638625154982,13.485035605408596,260.5717178344727,259.43797760009767,27.549999237060547,52.028003401472816
80,2020-10-23,HON,178.0,178.63999938964844,173.66000366210938,165.6369171142578,1987900.0,4.0,2.6253994692179106,169.32115467661757,153.0386551988707,58.65523075627468,109.56067954486767,20.74698045792993,159.31585439046225,155.22275619506837,27.549999237060547,52.028003401472816
80,2020-10-23,IBM,111.37667083740234,111.49139404296875,110.44933319091797,95.53893280029297,4072496.0,4.0,-1.0625209974688232,108.1266830334062,93.83192521244341,43.351329372148086,-138.84918359933306,19.777853409089037,100.62254486083984,101.41989415486654,27.549999237060547,52.028003401472816
80,2020-10-23,INTC,48.349998474121094,48.66999816894531,47.65999984741211,43.982887268066406,97322500.0,4.0,0.3876232718634256,50.80149555040103,45.23541469740171,41.545972219310976,-141.8254339284404,27.267059159844,47.147162119547524,46.0358912785848,27.549999237060547,52.028003401472816
80,2020-10-23,JNJ,145.8800048828125,147.47000122070312,144.35000610351562,134.1182098388672,4154400.0,4.0,-0.704400132179245,139.83600461581406,132.16333620449845,47.36731445207384,-67.17594632410874,0.8345492671319695,135.79328409830728,136.7745445251465,27.549999237060547,52.028003401472816
80,2020-10-23,JPM,103.5,104.44999694824219,102.93000030517578,95.32691192626953,15087600.0,4.0,1.1188910479856133,96.38005786153376,86.43830151346624,56.270374171637755,129.79310503559125,21.215203944348435,90.26086247762045,90.60513750712077,27.549999237060547,52.028003401472816
80,2020-10-23,KO,51.0,51.18000030517578,50.470001220703125,46.119354248046875,13491300.0,4.0,0.2688492724460261,46.703351746516056,44.38236640839117,55.27416256980005,83.25510721692713,4.116772675475263,45.51379941304525,44.74380970001221,27.549999237060547,52.028003401472816
80,2020-10-23,MCD,230.41000366210938,230.41000366210938,227.8000030517578,213.86146545410156,2278100.0,4.0,2.9450818870488717,217.27832995801532,204.2122980937425,63.33372014112723,95.61659244244407,16.823255727639182,208.84102783203124,201.77882563273113,27.549999237060547,52.028003401472816
80,2020-10-23,MMM,171.9199981689453,172.17999267578125,169.02000427246094,149.9270477294922,2137500.0,4.0,1.6740668036061948,154.22975917104492,139.19547886606443,55.58798687507601,76.00634469070894,11.849547566422338,146.38224131266276,144.51657333374024,27.549999237060547,52.028003401472816
80,2020-10-23,MRK,75.62976837158203,76.92748260498047,75.62976837158203,69.23161315917969,7309381.0,4.0,-0.8830321419369227,71.98165750262399,67.3245306992803,46.82202667892144,-62.99509081706568,5.929932851008861,70.7229746500651,71.46178181966145,27.549999237060547,52.028003401472816
80,2020-10-23,MSFT,215.02999877929688,216.27999877929688,213.16000366210938,210.4512176513672,18879600.0,4.0,1.749182316294963,218.18972007305882,198.12081459490992,53.26214204110325,57.51760068902931,4.574530226479788,205.08588256835938,206.5803482055664,27.549999237060547,52.028003401472816
80,2020-10-23,NKE,130.0,130.60000610351562,128.64999389648438,126.18983459472656,4046300.0,4.0,2.749777532184794,127.82437418367518,121.12657491300452,64.81524964835323,72.4546037761885,31.382486530870747,121.6359868367513,113.34494616190592,27.549999237060547,52.028003401472816
80,2020-10-23,PG,141.75999450683594,142.8800048828125,141.75999450683594,133.0012664794922,4278100.0,4.0,1.362351368202809,135.86864804065254,127.0204022523162,60.9844036073416,64.28029133900336,9.940269220066616,130.21896565755208,128.38400052388508,27.549999237060547,52.028003401472816
80,2020-10-23,TRV,127.43000030517578,127.55000305175781,123.81999969482422,117.79988861083984,1375900.0,4.0,2.6876965672896347,117.55062877778343,96.1677496707029,61.85316893292409,252.12644796905252,41.768281486535,105.71847076416016,106.45472831726075,27.549999237060547,52.028003401472816
80,2020-10-23,UNH,329.1600036621094,335.6499938964844,328.1300048828125,317.0605163574219,2349500.0,4.0,4.739357098428854,323.75382303584706,291.44331441532483,58.20233207024267,108.89167198747859,25.633181370784293,301.48401794433596,300.2667516072591,27.549999237060547,52.028003401472816
80,2020-10-23,V,199.75,199.8800048828125,196.02000427246094,193.9051055908203,5877200.0,4.0,-1.0431952339388602,202.4569157572653,191.4492686299417,48.16784963994504,-83.92747098927659,21.956098109511384,196.89776611328125,197.5270538330078,27.549999237060547,52.028003401472816
80,2020-10-23,VZ,57.75,57.970001220703125,57.459999084472656,48.97232437133789,12879600.0,4.0,-0.31760938978377595,50.73413511712889,48.052106032773445,49.295604351820295,-118.11843893066317,34.49664993016592,49.625692749023436,49.49542764027913,27.549999237060547,52.028003401472816
80,2020-10-23,WBA,37.70000076293945,38.08000183105469,37.56999969482422,33.05075454711914,3875100.0,4.0,0.20629522106960962,33.16821673221617,30.51356141262026,51.20977655430887,152.22660348199767,23.362988196977515,31.590518188476562,32.793526808420815,27.549999237060547,52.028003401472816
80,2020-10-23,WMT,143.97000122070312,144.13999938964844,142.85000610351562,137.32049560546875,3513500.0,4.0,1.5898574612874938,140.5502187299716,131.2889872026456,57.52123148700219,66.44879249403158,18.822754892670467,134.1515096028646,131.36764132181804,27.549999237060547,52.028003401472816
81,2020-10-26,AAPL,114.01000213623047,116.55000305175781,112.87999725341797,113.0073471069336,111850700.0,0.0,0.3702639756551349,120.68109296622636,109.06711336311933,51.76841725850781,-3.0997241529265533,11.793068845178524,112.9035540262858,114.41913375854492,32.459999084472656,11.945228877449527
81,2020-10-26,AMGN,226.02000427246094,228.22999572753906,221.7899932861328,204.59573364257812,3087100.0,0.0,-4.789913437763033,237.89695671678092,199.1931677949378,41.842748298788074,-159.2279887350394,42.49986997793954,220.1865717569987,220.96507415771484,32.459999084472656,11.945228877449527
81,2020-10-26,AXP,99.7699966430664,100.0999984741211,95.77999877929688,93.15963745117188,5731500.0,0.0,0.023845391560584517,104.11883849751746,93.4777671848556,45.93423620462119,-101.03566823244533,24.792515560307887,97.8972058614095,96.96993853251139,32.459999084472656,11.945228877449527
81,2020-10-26,BA,164.9499969482422,165.5,159.0500030517578,160.8300018310547,16151100.0,0.0,0.110152081761413,171.64048890943613,159.88651456956777,47.26734221137465,-37.666696932960676,8.623362553516964,163.57933502197267,167.10250142415364,32.459999084472656,11.945228877449527
81,2020-10-26,CAT,166.63999938964844,166.63999938964844,160.8300018310547,153.84654235839844,4506600.0,0.0,4.996034832769084,164.90206759507078,134.7509490675269,60.546957109139946,69.11209798577791,8.364021689106774,146.15662536621093,139.74315694173177,32.459999084472656,11.945228877449527
81,2020-10-26,CRM,245.3000030517578,248.11000061035156,237.3800048828125,241.97999572753906,5864100.0,0.0,1.2431065409040798,269.1413505839521,241.5886481953448,51.00452230709213,-95.55632386740575,24.41665694932845,251.75566660563152,239.76350072224935,32.459999084472656,11.945228877449527
81,2020-10-26,CSCO,38.400001525878906,38.43000030517578,37.150001525878906,34.427791595458984,29146500.0,0.0,-0.3318384722797063,37.10501156442918,34.55113505727492,38.42173880931981,-159.84895110360392,37.279219097043004,35.7566109975179,37.42929407755534,32.459999084472656,11.945228877449527
81,2020-10-26,CVX,71.7300033569336,71.88999938964844,70.23999786376953,62.34239959716797,9710900.0,0.0,-1.2292912628971422,66.06765143818426,61.49173080974054,40.64944774060291,-96.81118630581383,19.61466245701336,64.58511517842611,69.48123989105224,32.459999084472656,11.945228877449527
81,2020-10-26,DIS,127.11000061035156,127.11000061035156,122.94999694824219,124.05999755859375,8578900.0,0.0,-0.15617668261384665,129.30983349792024,120.79916766174773,48.401384718960294,-32.373232533147544,11.678508143632522,125.7216672261556,127.99299977620443,32.459999084472656,11.945228877449527
81,2020-10-26,GS,202.49000549316406,202.80999755859375,198.50999450683594,187.18507385253906,3249700.0,0.0,0.8864272369255843,199.12112879312167,182.1914566560971,49.04938612558633,-10.604281477340207,1.4269243339323454,187.57097473144532,188.99053471883138,32.459999084472656,11.945228877449527
81,2020-10-26,HD,279.6400146484375,281.5299987792969,272.0,256.93695068359375,2911900.0,0.0,1.1975112673459307,271.95859490596797,254.18228949344606,50.13588647881574,-39.57816447143016,30.567020103117198,260.4286870320638,259.62324854532875,32.459999084472656,11.945228877449527
81,2020-10-26,HON,173.1999969482422,173.1999969482422,167.60000610351562,160.56988525390625,2323700.0,0.0,2.212266331996119,169.11680175555065,153.764811403629,53.930019492885414,21.02164620854316,4.054935056643835,159.36932373046875,155.56307373046874,32.459999084472656,11.945228877449527
81,2020-10-26,IBM,109.41682434082031,109.84703826904297,106.9216079711914,92.42568969726562,7534756.0,0.0,-1.5361689598443746,108.69525382203857,92.48010018186768,40.177018576440304,-181.70036501767103,29.28773793601895,100.35157648722331,101.29455299377442,32.459999084472656,11.945228877449527
81,2020-10-26,INTC,47.849998474121094,47.86000061035156,46.25,42.63237762451172,54161300.0,0.0,-0.0674636718463617,51.46537862534159,44.14174036269552,39.07026732008043,-179.6799024096421,34.77780327270193,47.06534067789713,46.025427373250324,32.459999084472656,11.945228877449527
81,2020-10-26,JNJ,144.42999267578125,144.77000427246094,142.75,132.94544982910156,6929500.0,0.0,-0.8195445400775441,139.92750067366887,131.78188348160455,45.782953209103866,-137.2600218572057,8.527664917243358,135.65846455891926,136.7618278503418,32.459999084472656,11.945228877449527
81,2020-10-26,JPM,102.6500015258789,102.69999694824219,100.25,92.96692657470703,12410700.0,0.0,1.0607042562074582,96.33827039061666,87.02776278199076,52.94077307657062,71.92367708318629,2.052976817749133,90.25205052693686,90.68913752237955,32.459999084472656,11.945228877449527
81,2020-10-26,KO,50.34000015258789,50.5099983215332,49.20000076293945,45.46206283569336,14696400.0,0.0,0.2230468389423521,46.69831049567541,44.43487775200526,52.47958140718642,-1.8948052688926493,16.042225326053376,45.486108016967776,44.788531112670896,32.459999084472656,11.945228877449527
81,2020-10-26,MCD,226.77999877929688,227.25,220.97000122070312,209.709716796875,2537800.0,0.0,2.5125780731172256,217.09212300901058,204.77347147341132,57.84020733831142,11.396304865411404,14.394411405871487,208.9566660563151,202.2638193766276,32.459999084472656,11.945228877449527
81,2020-10-26,MMM,167.67999267578125,168.08999633789062,164.38999938964844,146.71304321289062,3338800.0,0.0,1.3713061719984978,154.19265457841118,139.62991011885447,52.03642632285911,5.30261624233094,9.856921569577546,146.31454722086588,144.7674410502116,32.459999084472656,11.945228877449527
81,2020-10-26,MRK,75.69656372070312,76.14503479003906,74.67557525634766,68.37305450439453,9122840.0,0.0,-0.8733726379315101,71.65100290209543,67.3152286347698,44.715303040423564,-91.98435416069114,16.40011073022164,70.56918436686198,71.44992065429688,32.459999084472656,11.945228877449527
81,2020-10-26,MSFT,213.85000610351562,216.33999633789062,208.10000610351562,204.46559143066406,37111600.0,0.0,1.2036949222597002,218.16823315372517,198.20459399471235,49.83271261343609,8.747899564053112,16.864653367546477,205.23738911946614,206.6706095377604,32.459999084472656,11.945228877449527
81,2020-10-26,NKE,129.05999755859375,129.6199951171875,126.68000030517578,124.61719512939453,5422500.0,0.0,2.5257644330656603,127.50627661777864,121.8378327267038,62.19911249522608,44.99919306238404,16.91928927240993,121.93012822469076,113.84611600240072,32.459999084472656,11.945228877449527
81,2020-10-26,PG,141.5,142.0500030517578,140.00999450683594,131.99241638183594,5315500.0,0.0,1.2305135911038008,135.79057529072006,127.47699367900648,58.62711696687662,29.018772757559432,3.6760967881495104,130.32593841552733,128.5537634531657,32.459999084472656,11.945228877449527
81,2020-10-26,TRV,123.8499984741211,124.0199966430664,120.51000213623047,113.65719604492188,1331800.0,0.0,2.730357226283189,118.33543496159707,96.4415235039791,56.88162075692291,159.04416682908337,25.09402974365111,105.93916422526041,106.57902539571127,32.459999084472656,11.945228877449527
81,2020-10-26,UNH,326.32000732421875,327.75,318.5400085449219,309.8293151855469,2408500.0,0.0,4.2984042733584715,322.65282791711917,294.446094812373,54.42454179788342,52.29610446442667,5.268646169641695,301.9472351074219,300.6107706705729,32.459999084472656,11.945228877449527
81,2020-10-26,V,196.0,196.4199981689453,190.72000122070312,189.0675506591797,12608700.0,0.0,-1.4869002356970782,203.1343432609493,190.0618725593632,44.52994434480215,-182.6217037956851,36.208874751224755,196.50899658203124,197.57532221476237,32.459999084472656,11.945228877449527
81,2020-10-26,VZ,57.52000045776367,57.849998474121094,56.970001220703125,48.84558868408203,15196800.0,0.0,-0.30513636471816596,50.71181666976732,47.9962990986653,48.57594940759397,-126.95554108584575,41.22693750814653,49.57289810180664,49.508602396647134,32.459999084472656,11.945228877449527
81,2020-10-26,WBA,37.88999938964844,38.029998779296875,37.0,32.32960891723633,7692900.0,0.0,0.19582152009393639,33.21281718331131,30.568009003822485,48.72291003113435,98.6510283538376,10.815151764936513,31.651336860656738,32.74954392115275,32.459999084472656,11.945228877449527
81,2020-10-26,WMT,142.83999633789062,143.1199951171875,140.94000244140625,135.7071990966797,5370600.0,0.0,1.3806616651442027,140.1747948977286,132.13312136203706,55.14139859699066,29.45219641084268,5.085039260235598,134.3055196126302,131.57908426920574,32.459999084472656,11.945228877449527
82,2020-10-27,AAPL,115.48999786376953,117.27999877929688,114.54000091552734,114.52984619140625,92276800.0,1.0,0.33429428620270585,120.65600660390486,109.33874513559711,52.92560945218082,25.507443574533774,8.375526948806474,112.93826065063476,114.54778480529785,33.349998474121094,17.134644320206096
82,2020-10-27,AMGN,225.05999755859375,225.9499969482422,223.13999938964844,203.2947998046875,1934400.0,1.0,-5.1186816736837955,237.58231953499953,197.24796610953175,41.241784690730626,-150.34086629701997,42.499869977939554,219.43177591959636,220.6276433308919,33.349998474121094,17.134644320206096
82,2020-10-27,AXP,97.62000274658203,97.69999694824219,94.9000015258789,91.28453063964844,3780300.0,1.0,-0.5309687507401861,104.55249862982552,92.81203460381707,44.17078916082952,-128.0605969204807,27.88858410719356,97.5348030090332,96.99845123291016,33.349998474121094,17.134644320206096
82,2020-10-27,BA,159.16000366210938,160.25,155.0,155.24000549316406,15491900.0,1.0,-0.6996024660850821,172.83765796945127,157.8533454485175,44.99773090992365,-112.67820811238192,16.150832055802315,163.30433502197266,166.98533477783204,33.349998474121094,17.134644320206096
82,2020-10-27,CAT,160.9600067138672,161.85000610351562,157.00999450683594,148.85972595214844,4857900.0,1.0,4.1929233771643055,164.4132725208327,136.3139262706712,55.821153568239076,26.10353969153373,4.540345363819383,146.47752024332684,140.16626663208007,33.349998474121094,17.134644320206096
82,2020-10-27,CRM,248.0,251.75,245.77000427246094,250.3000030517578,4285600.0,1.0,0.935307088264949,268.9950619622002,242.01993742744824,54.08787914401157,-25.415861179474692,16.550059180331054,251.70966695149738,240.54866739908854,33.349998474121094,17.134644320206096
82,2020-10-27,CSCO,37.380001068115234,37.5,36.59000015258789,33.69664764404297,37911500.0,1.0,-0.4647305800028292,37.32975576965017,34.1588653698762,36.127151314354776,-218.0839979047097,42.87873668194749,35.65428301493327,37.27912006378174,33.349998474121094,17.134644320206096
82,2020-10-27,CVX,70.41999816894531,70.5999984741211,69.48999786376953,61.085716247558594,14251700.0,1.0,-1.343002023712451,66.251887914252,61.09745977251558,39.06838281500468,-136.83503354893546,23.47630797810602,64.38474769592285,69.2747985204061,33.349998474121094,17.134644320206096
82,2020-10-27,DIS,124.02999877929688,124.61000061035156,123.02999877929688,123.30999755859375,6813800.0,1.0,-0.3556520124669902,129.27174078907697,120.62825997386247,47.64274120311992,-62.17999135886396,11.678508143632527,125.45733362833658,128.10899976094564,33.349998474121094,17.134644320206096
82,2020-10-27,GS,200.0,200.58999633789062,195.41000366210938,182.10389709472656,3430400.0,1.0,0.12867764870995302,199.27282304961898,181.93646497528334,45.96969240272246,-54.25536040985226,9.338174651267988,187.49900767008464,188.95160268147785,33.349998474121094,17.134644320206096
82,2020-10-27,HD,276.989990234375,279.7300109863281,276.1199951171875,257.68157958984375,3014100.0,1.0,0.6806070804362321,271.33575567125655,255.24539362073568,50.593096681837714,-24.660808401382383,30.567020103117194,260.15751495361326,259.8102818806966,33.349998474121094,17.134644320206096
82,2020-10-27,HON,169.0399932861328,169.85000610351562,166.66000366210938,157.34283447265625,2009300.0,1.0,1.6059469589505966,168.91441071776654,154.17857023926473,51.211946072656445,-17.746954307497155,7.2150769614159795,159.32057240804036,155.86274312337238,33.349998474121094,17.134644320206096
82,2020-10-27,IBM,107.21797180175781,107.28489685058594,105.19120788574219,91.0584945678711,6209161.0,1.0,-1.9988184682117378,109.31872395049633,91.0017213009685,38.883556407277844,-196.21004133643248,33.42584839814505,100.02542622884114,101.12786242167155,33.349998474121094,17.134644320206096
82,2020-10-27,INTC,45.97999954223633,46.40999984741211,45.36000061035156,41.64686965942383,50130500.0,1.0,-0.501860474852819,52.11845975565198,42.98221735311266,37.38839702077562,-200.5448023139289,39.02623981330885,46.932722854614255,45.98992799123128,33.349998474121094,17.134644320206096
82,2020-10-27,JNJ,143.74000549316406,144.2899932861328,142.9199981689453,132.18821716308594,4890100.0,1.0,-0.9608238809897216,140.0650603260788,131.28326120712435,44.78243138639122,-139.16664075986148,8.52766491724335,135.48178304036458,136.71218134562176,33.349998474121094,17.134644320206096
82,2020-10-27,JPM,100.51000213623047,100.91999816894531,99.16000366210938,91.2130126953125,10391700.0,1.0,0.8631151582391681,95.95472893683078,87.85728201897976,50.63718829940645,31.791705194646884,4.509997191282939,90.28152109781901,90.75209426879883,33.349998474121094,17.134644320206096
82,2020-10-27,KO,49.810001373291016,50.290000915527344,49.54999923706055,45.55336380004883,13892100.0,1.0,0.19190316496135296,46.659596249359474,44.56305656741299,52.82232688707681,10.72750056007031,16.042225326053387,45.45111401875814,44.84896132151286,33.349998474121094,17.134644320206096
82,2020-10-27,MCD,224.47000122070312,225.22999572753906,222.72000122070312,208.494140625,1801900.0,1.0,2.048119400934354,216.63437401224527,205.63237250875082,56.359541771115424,1.8857612398489694,14.394411405871473,208.9753682454427,202.7266939798991,33.349998474121094,17.134644320206096
82,2020-10-27,MMM,164.5,164.97999572753906,160.64999389648438,142.1834716796875,3894400.0,1.0,0.7571397865004883,154.07974201903048,139.85054362550076,47.60237425630868,-59.59742158018666,22.794619526184505,146.15149383544923,144.94369099934895,33.349998474121094,17.134644320206096
82,2020-10-27,MRK,75.31488800048828,76.55534362792969,74.41793823242188,67.63589477539062,12241374.0,1.0,-0.914656450634908,71.50340581229338,67.12373423287264,42.99695950233142,-95.24291105064437,10.734784047332674,70.38937708536784,71.39276936848958,33.349998474121094,17.134644320206096
82,2020-10-27,MSFT,211.58999633789062,214.6699981689453,210.3300018310547,207.55088806152344,36700300.0,1.0,1.0087219667477996,217.9943951532754,198.96142760063086,51.49794174202353,22.728864344627794,16.864653367546495,205.38240763346354,206.62571283976237,33.349998474121094,17.134644320206096
82,2020-10-27,NKE,128.77999877929688,129.49000549316406,127.9000015258789,124.2483139038086,2985700.0,1.0,2.292045531907746,127.4327913895419,122.07052281944246,61.595837515244256,46.74551466951931,16.919289272409927,122.21229756673178,114.32951431274414,33.349998474121094,17.134644320206096
82,2020-10-27,PG,141.94000244140625,143.33999633789062,141.64999389648438,132.9825897216797,6806700.0,1.0,1.1921871251464893,135.61784439628065,128.19693221504747,60.189540077347864,60.83686855081825,5.54229007529281,130.4659169514974,128.73739725748698,33.349998474121094,17.134644320206096
82,2020-10-27,TRV,121.0199966430664,122.44999694824219,119.02999877929688,111.36610412597656,1159000.0,1.0,2.54990047012258,118.50889752487893,97.35750033278708,54.380933279149325,113.30319605862219,18.43594190491841,106.1554936726888,106.66544685363769,33.349998474121094,17.134644320206096
82,2020-10-27,UNH,323.05999755859375,323.5,319.42999267578125,307.38372802734375,2427700.0,1.0,3.7088541753029176,321.0295262290102,297.63839064110704,53.21607083011477,37.36942025113657,5.268646169641682,302.37177225748695,300.9008173624674,33.349998474121094,17.134644320206096
82,2020-10-27,V,193.0,193.6999969482422,189.22000122070312,186.11993408203125,8690400.0,1.0,-2.052725132280756,204.17603089628506,188.10163023652746,42.50638191302444,-216.71712125528754,39.54885480266126,196.0085896809896,197.5697380065918,33.349998474121094,17.134644320206096
82,2020-10-27,VZ,57.70000076293945,57.849998474121094,57.310001373291016,48.48226547241211,12253000.0,1.0,-0.3208697623672947,50.711020156459995,47.89267056314449,46.56014709559767,-114.34057754494576,41.226937508146534,49.500189844767256,49.51906598409017,33.349998474121094,17.134644320206096
82,2020-10-27,WBA,37.0,37.290000915527344,35.91999816894531,31.2783145904541,5661100.0,1.0,0.10152010984155169,33.16063905615827,30.67405561547259,45.3981353962221,-6.051273050340924,8.114568343215012,31.672478675842285,32.682742500305174,33.349998474121094,17.134644320206096
82,2020-10-27,WMT,142.0500030517578,143.6999969482422,141.97000122070312,136.38497924804688,3943700.0,1.0,1.2550957210937668,139.60318846279563,133.2517202896458,55.93375799152111,44.51127258271144,8.518309181006675,134.48084920247396,131.80340766906738,33.349998474121094,17.134644320206096
83,2020-10-28,AAPL,115.05000305175781,115.43000030517578,111.0999984741211,109.22570037841797,143937800.0,2.0,-0.12081945883403478,120.97514642492264,108.56679159387618,48.713452339146755,-51.143319517225294,20.602230921005376,112.90781148274739,114.57614504496256,40.279998779296875,22.5785123713206
83,2020-10-28,AMGN,219.02000427246094,221.05999755859375,215.92999267578125,196.85369873046875,2874000.0,2.0,-5.831751098930539,236.74746297340147,194.64575602073916,38.41582297435563,-184.28491454659513,51.45208682505277,218.48016916910808,220.23964411417643,40.279998779296875,22.5785123713206
83,2020-10-28,AXP,91.95999908447266,93.56999969482422,91.0,88.0823974609375,7037800.0,2.0,-1.2150420930013013,105.76563108919984,90.80721436978453,41.365359634854904,-186.9450980304446,39.65712586997841,97.08800659179687,96.97918078104655,40.279998779296875,22.5785123713206
83,2020-10-28,BA,153.0,153.9499969482422,148.0,148.13999938964844,20279800.0,2.0,-1.892435120477927,175.2304341163069,153.7485697899431,42.327300128463804,-189.9835577760473,27.227021340951925,162.66033477783202,166.70316797892252,40.279998779296875,22.5785123713206
83,2020-10-28,CAT,153.8000030517578,155.42999267578125,150.52000427246094,142.49661254882812,5645100.0,2.0,3.008323607668757,164.1619037522279,136.84013329611196,50.607221419869184,-32.6091356067038,21.51438469454712,146.50791880289714,140.4873845418294,40.279998779296875,22.5785123713206
83,2020-10-28,CRM,244.60000610351562,245.4499969482422,238.00999450683594,238.42999267578125,4425400.0,2.0,-0.263400513889394,270.28609596419847,239.43990196060622,49.49117837486134,-104.51006359004121,27.059969501986846,251.3039998372396,241.16566721598306,40.279998779296875,22.5785123713206
83,2020-10-28,CSCO,36.31999969482422,36.5099983215332,35.68000030517578,32.6364860534668,34561500.0,2.0,-0.6481235482079057,37.70185571621544,33.48334020663612,33.15689522382728,-281.85091918771604,50.54777512571872,35.52204996744792,37.10357926686605,40.279998779296875,22.5785123713206
83,2020-10-28,CVX,67.69000244140625,68.08000183105469,66.33000183105469,58.77445602416992,15961900.0,2.0,-1.6011608196789595,66.83352889582463,60.06586990788632,36.37646504654977,-237.20980403575103,37.08815236452113,64.04259974161783,69.00557924906413,40.279998779296875,22.5785123713206
83,2020-10-28,DIS,121.01000213623047,121.52999877929688,118.31999969482422,118.47000122070312,11654700.0,2.0,-0.8939796623834724,129.86823961146814,119.47076109043616,43.12975523108327,-202.5834683438543,28.77548232770638,125.003333791097,128.12866643269857,40.279998779296875,22.5785123713206
83,2020-10-28,GS,191.30999755859375,193.3699951171875,188.94000244140625,176.6039276123047,4214600.0,2.0,-0.9052112198426414,200.69322461160596,179.47376757589404,42.95004127121542,-124.85101167851421,23.106580000185957,187.1605717976888,188.78631617228191,40.279998779296875,22.5785123713206
83,2020-10-28,HD,270.25,273.6700134277344,268.69000244140625,251.05433654785156,3255900.0,2.0,-0.2607999990443659,272.4484147957228,253.38902569499987,46.6545325912916,-98.71194865277974,43.18238026526599,259.7879892985026,259.8607810974121,40.279998779296875,22.5785123713206
83,2020-10-28,HON,162.52000427246094,165.50999450683594,160.97000122070312,152.06820678710938,3233500.0,2.0,0.6918410027721222,169.44196912843375,153.3254762451014,47.190395873094026,-89.59908692695265,23.515675337289295,159.04253082275392,156.09326782226563,40.279998779296875,22.5785123713206
83,2020-10-28,IBM,103.88145446777344,104.9043960571289,101.26194763183594,87.8381576538086,9860956.0,2.0,-2.5954075694138083,110.22961115580449,88.85376744526974,36.055176666942316,-224.32576064024406,41.706348595713536,99.54306360880534,100.8867691040039,40.279998779296875,22.5785123713206
83,2020-10-28,INTC,44.88999938964844,45.290000915527344,44.20000076293945,40.37847900390625,45066000.0,2.0,-0.9376628032911611,52.790707699097595,41.62285049792389,35.36167097166904,-211.99291323174546,44.09943776732162,46.74657096862793,45.92075087229411,40.279998779296875,22.5785123713206
83,2020-10-28,JNJ,141.42999267578125,141.97999572753906,138.17999267578125,127.76504516601562,8426100.0,2.0,-1.4134088927984294,140.73549224165518,129.6413876411573,39.558575892167525,-254.05823418827617,30.402601972051624,135.17274424235026,136.59080327351887,40.279998779296875,22.5785123713206
83,2020-10-28,JPM,97.5,98.30000305175781,96.06999969482422,88.6510009765625,16389500.0,2.0,0.4940958115176812,95.79175872456871,88.12632294047036,47.513099381962675,-38.318790507894384,20.084185794530104,90.2128532409668,90.78069089253744,40.279998779296875,22.5785123713206
83,2020-10-28,KO,49.0,49.150001525878906,47.779998779296875,43.78234100341797,19886200.0,2.0,0.024037748122943015,46.859932965343305,44.23400204747408,46.143851052112076,-153.02442932325513,35.82931118314086,45.364997482299806,44.87398834228516,40.279998779296875,22.5785123713206
83,2020-10-28,MCD,218.38999938964844,220.58999633789062,214.4600067138672,200.75169372558594,3272900.0,2.0,1.0432557951291699,217.64894682855885,204.16896393804274,48.22523090512813,-110.6291088851423,37.481377723430036,208.6599365234375,202.98367767333986,40.279998779296875,22.5785123713206
83,2020-10-28,MMM,159.80999755859375,162.85000610351562,158.1199951171875,139.97605895996094,3065100.0,2.0,0.09123701923468275,154.270347444533,139.5142503337873,45.64170274532779,-92.82702850555116,30.05399567831483,145.82832997639974,145.0714838663737,40.279998779296875,22.5785123713206
83,2020-10-28,MRK,73.59732818603516,74.16984558105469,72.53816986083984,66.06619262695312,8989954.0,2.0,-1.06179628780626,71.30107719050332,66.73894279851035,39.6412805868047,-168.93382391740803,27.916437936747645,70.11793162027995,71.32194048563639,40.279998779296875,22.5785123713206
83,2020-10-28,MSFT,207.6699981689453,208.83999633789062,202.10000610351562,197.26336669921875,51195600.0,2.0,0.02381299587233343,218.75769415387015,197.45357293597363,46.20737978678222,-80.74134092802267,32.92125255675641,205.3055196126302,206.461949412028,40.279998779296875,22.5785123713206
83,2020-10-28,NKE,125.27999877929688,126.4000015258789,121.04000091552734,118.5110855102539,8618300.0,2.0,1.6251416146268696,128.2607148829714,120.9067152317747,53.28118928896707,-56.59045473745737,18.695372810664875,122.32522989908854,114.73343569437662,40.279998779296875,22.5785123713206
83,2020-10-28,PG,140.4499969482422,140.94000244140625,137.30999755859375,128.59219360351562,8192200.0,2.0,0.7983420597691406,135.68110766686024,128.08112072669442,51.302848955518016,-40.6995965461013,20.029972089060415,130.48834788004558,128.80915069580078,40.279998779296875,22.5785123713206
83,2020-10-28,TRV,117.18000030517578,122.31999969482422,116.70999908447266,113.61981964111328,2899800.0,2.0,2.559241850747,118.91901316490757,98.1920601383151,56.33440305598847,101.25164821060775,8.737925714688876,106.41515197753907,106.80954030354818,40.279998779296875,22.5785123713206
83,2020-10-28,UNH,313.3299865722656,317.80999755859375,307.44000244140625,295.3861389160156,3301400.0,2.0,2.247617170221247,321.60829301220025,296.6980729545966,47.82661206609183,-27.521730574369386,14.52541564980511,302.41908671061196,300.9767364501953,40.279998779296875,22.5785123713206
83,2020-10-28,V,183.97999572753906,184.6999969482422,179.33999633789062,177.12042236328125,17809500.0,2.0,-3.190552124179277,206.91006004072943,183.4971939875909,37.17127499980034,-348.3120530913779,55.83152457020394,195.21668701171876,197.3880874633789,40.279998779296875,22.5785123713206
83,2020-10-28,VZ,56.91999816894531,57.349998474121094,56.119998931884766,47.57818603515625,18720200.0,2.0,-0.401660159937677,50.78226704743285,47.60568957182984,42.06649287395,-168.39606145335617,54.26702770580836,49.40375493367513,49.50512587229411,40.279998779296875,22.5785123713206
83,2020-10-28,WBA,35.2400016784668,35.83000183105469,34.540000915527344,30.05324363708496,7287000.0,2.0,-0.0712461435861087,33.328439853095915,30.390699246025175,41.94752802905733,-144.54403090317757,25.497834166037332,31.623533884684246,32.59767058690389,40.279998779296875,22.5785123713206
83,2020-10-28,WMT,140.9600067138672,142.1300048828125,139.8800048828125,133.68344116210938,5616400.0,2.0,0.9269074478615664,139.58619818294184,133.28112054264412,52.13655089195134,-9.852708417882718,4.752749792274855,134.60113016764322,131.94562835693358,40.279998779296875,22.5785123713206
84,2020-10-29,AAPL,112.37000274658203,116.93000030517578,112.19999694824219,113.27255249023438,146129200.0,3.0,-0.15318738737792614,120.93912094870261,108.45842696389504,51.744617448481016,-6.332334247121663,13.5399833515509,113.07086410522462,114.66545728047689,37.59000015258789,31.147288377728238
84,2020-10-29,AMGN,213.6300048828125,220.3300018310547,210.27999877929688,198.16371154785156,2994100.0,3.0,-6.219462576595504,234.89736911297655,193.077882657043,39.29104903255851,-176.32937679134605,57.053134214517165,217.5625244140625,219.90540924072266,37.59000015258789,31.147288377728238
84,2020-10-29,AXP,91.41000366210938,92.2300033569336,90.12999725341797,87.57275390625,5419500.0,3.0,-1.7778056835456226,106.6920508862979,88.93472294793061,40.93727119775806,-181.41427245417506,41.91751575836919,96.66635615030924,96.916304397583,37.59000015258789,31.147288377728238
84,2020-10-29,BA,148.02999877929688,150.10000610351562,146.60000610351562,148.2899932861328,14554300.0,3.0,-2.7934590816589377,176.3247341320509,150.69726904177722,42.40200281409041,-182.45637096351234,29.225771689746637,162.01900126139324,166.27000122070314,37.59000015258789,31.147288377728238
84,2020-10-29,CAT,150.60000610351562,155.50999450683594,149.6300048828125,145.80543518066406,3867200.0,3.0,2.3098871479805894,163.35748245328006,138.47889755160276,52.970236244945745,-25.237090694881477,23.508220859756754,146.56241048177083,140.80977427164714,37.59000015258789,31.147288377728238
84,2020-10-29,CRM,242.52000427246094,242.52000427246094,237.1300048828125,237.13999938964844,4589000.0,3.0,-1.30246262371449,271.3904725653234,236.7045256036219,49.022792343959466,-116.09408616608269,28.156795291715508,251.0576665242513,241.74066721598308,37.59000015258789,31.147288377728238
84,2020-10-29,CSCO,35.5099983215332,36.06999969482422,35.279998779296875,32.61820983886719,35332000.0,3.0,-0.7858794059639038,37.94503195748555,32.95593201651348,33.10835126718651,-260.3549243559791,53.482348139514045,35.3907169342041,36.93286558787028,37.59000015258789,31.147288377728238
84,2020-10-29,CVX,66.12999725341797,69.13999938964844,65.16000366210938,60.461769104003906,12292200.0,3.0,-1.650574664057089,66.9552945954245,59.801738561924125,39.523441603327626,-200.60566355479537,41.22594797022366,63.74995778401693,68.75423062642416,37.59000015258789,31.147288377728238
84,2020-10-29,DIS,118.16000366210938,122.62999725341797,117.2300033569336,121.54000091552734,9583700.0,3.0,-1.0606582766923651,129.93512537210026,119.2268756654974,46.45773398989971,-157.96716504409062,22.839066385923367,124.71400044759115,128.02749977111816,37.59000015258789,31.147288377728238
84,2020-10-29,GS,189.8000030517578,192.35000610351562,186.89999389648438,176.7621307373047,3581200.0,3.0,-1.6923021214740004,201.6543751422059,177.71135514343862,43.061334947552936,-128.80760661465027,26.8507895559624,187.00888010660807,188.57926534016926,37.59000015258789,31.147288377728238
84,2020-10-29,HD,269.69000244140625,273.70001220703125,267.30999755859375,250.97055053710938,2872500.0,3.0,-1.0020813527816017,273.31733978908227,251.77639952976537,46.607079946742026,-96.34763774189575,45.16063493939927,259.467485555013,259.9159019470215,37.59000015258789,31.147288377728238
84,2020-10-29,HON,160.41000366210938,165.74000549316406,159.4199981689453,155.31410217285156,3113600.0,3.0,0.22670872026677102,169.33599420210146,153.518263000047,49.70468773102454,-74.41017598091054,27.238002526752442,158.86199188232422,156.32331364949545,37.59000015258789,31.147288377728238
84,2020-10-29,IBM,102.53346252441406,104.818359375,101.86424255371094,89.69954681396484,7071169.0,3.0,-2.884756504082034,110.59684237863704,87.48337917898016,38.72047751342202,-184.93432937245214,41.706348595713536,99.10352961222331,100.6819829305013,37.59000015258789,31.147288377728238
84,2020-10-29,INTC,44.2400016784668,44.470001220703125,43.91999816894531,40.25072479248047,36796800.0,3.0,-1.2786089771581075,53.21883135464071,40.45285634372354,35.16306587625638,-197.13785590319674,45.27432921480752,46.557681528727215,45.85261681874593,37.59000015258789,31.147288377728238
84,2020-10-29,JNJ,138.0,138.6999969482422,136.0500030517578,126.68465423583984,7205400.0,3.0,-1.8380760971321024,141.4230015301463,128.01844973328141,38.42597033621213,-276.7980716784276,37.5737195625481,134.86555302937825,136.43337796529133,37.59000015258789,31.147288377728238
84,2020-10-29,JPM,96.12000274658203,97.9800033569336,95.23999786376953,89.2295150756836,14208800.0,3.0,0.24549664109292735,95.65822365855007,88.36009146596166,48.25876934643776,-41.18183816661948,23.659279956285616,90.19804331461589,90.79375712076823,37.59000015258789,31.147288377728238
84,2020-10-29,KO,47.72999954223633,48.47999954223633,47.29999923706055,43.83712387084961,15369900.0,3.0,-0.10338453203366527,46.990138413498094,43.99790098469527,46.36086391208545,-173.95668913530136,39.93312012257561,45.28801027933756,44.8919293085734,37.59000015258789,31.147288377728238
84,2020-10-29,MCD,214.69000244140625,217.64999389648438,213.07000732421875,200.9947967529297,2477600.0,3.0,0.26347337344449784,218.39771977537265,202.98631495363128,48.46681906793979,-121.78224676358847,40.374046041789036,208.4221155802409,203.24626286824545,37.59000015258789,31.147288377728238
84,2020-10-29,MMM,158.11000061035156,160.17999267578125,156.1300048828125,139.93190002441406,2680900.0,3.0,-0.43504406130765005,154.30971264621607,139.44751239040502,45.602831688621485,-111.53567060229362,35.178645167852885,145.41922353108723,145.13816655476887,37.59000015258789,31.147288377728238
84,2020-10-29,MRK,72.6812973022461,73.08206176757812,71.25,65.81470489501953,9314310.0,3.0,-1.185038243832011,71.30769382721165,66.23366435760279,39.13506959393297,-195.807695055627,36.824152185893205,69.83607966105143,71.2473508199056,37.59000015258789,31.147288377728238
84,2020-10-29,MSFT,204.07000732421875,207.36000061035156,203.3699951171875,199.24879455566406,31432600.0,3.0,-0.5897289955629219,219.08743422578144,196.3705125515623,47.28852424354064,-75.5548080233877,32.9212525567564,205.36423899332684,206.3369400024414,37.59000015258789,31.147288377728238
84,2020-10-29,NKE,122.27999877929688,124.19000244140625,121.1500015258789,119.26830291748047,4947000.0,3.0,1.1445232205858389,128.7311051298058,120.06937628498912,54.126652385971035,-74.57056713052427,18.695372810664885,122.53556264241537,115.09169883728028,37.59000015258789,31.147288377728238
84,2020-10-29,PG,137.35000610351562,139.08999633789062,135.8000030517578,128.5081329345703,5476900.0,3.0,0.47397037900472583,135.77333620945817,127.90471554835435,51.15325820027179,-73.11295563958016,26.64067530069543,130.5135503133138,128.8849220275879,37.59000015258789,31.147288377728238
84,2020-10-29,TRV,121.04000091552734,123.73999786376953,118.91999816894531,114.51753234863281,2595800.0,3.0,2.609007856670857,119.25572481910295,99.22533215721542,57.09152342621844,112.67085312963259,13.378671503121941,106.72250213623047,106.93796653747559,37.59000015258789,31.147288377728238
84,2020-10-29,UNH,306.5899963378906,309.4800109863281,301.4599914550781,291.2430419921875,3279200.0,3.0,0.7466560336243333,323.02470105090674,294.38113085827297,46.1567079337696,-67.7664897135724,22.31346157055715,302.3775278727214,300.85673268636066,37.59000015258789,31.147288377728238
84,2020-10-29,V,183.0,187.0,179.33999633789062,181.0375213623047,16820900.0,3.0,-3.7331773159249337,207.43607799770763,181.16148822543693,40.53206006728416,-260.3674730589352,46.042587211919994,194.5507837931315,197.2096321105957,37.59000015258789,31.147288377728238
84,2020-10-29,VZ,56.15999984741211,57.310001373291016,56.02000045776367,47.95840835571289,19146100.0,3.0,-0.43004903092491276,50.767427418278345,47.446161677791,44.4010585909234,-144.0843706339478,55.16068390211293,49.313863118489586,49.502678298950194,37.59000015258789,31.147288377728238
84,2020-10-29,WBA,34.369998931884766,34.47999954223633,33.459999084472656,29.123584747314453,9205300.0,3.0,-0.27995322059988936,33.65172405136357,29.863237572781937,39.585529470832164,-227.29477926234864,35.67798713380847,31.516666412353516,32.49882230758667,37.59000015258789,31.147288377728238
84,2020-10-29,WMT,140.0,141.11000061035156,138.6999969482422,133.56887817382812,5051300.0,3.0,0.6500779076844196,139.68366123131526,132.88200038977848,51.981741392978215,-34.093697226269455,11.299583617023679,134.70390930175782,132.11493581136068,37.59000015258789,31.147288377728238
85,2020-10-30,AAPL,111.05999755859375,111.98999786376953,107.72000122070312,106.92724609375,190272600.0,4.0,-0.6829794383796894,121.46740589191886,107.52152767131356,47.21801480782628,-130.77879037064113,27.158148832929115,113.1370023091634,114.58626391092936,38.02000045776367,24.69360041753927
85,2020-10-30,AMGN,216.22000122070312,217.27000427246094,213.9600067138672,197.36312866210938,3262500.0,4.0,-6.516212225747296,234.37722284521442,191.00794103418013,38.94117304207698,-157.53299308870913,57.05313421451715,216.62911122639974,219.55662587483724,38.02000045776367,24.69360041753927
85,2020-10-30,AXP,90.80000305175781,91.31999969482422,89.11000061035156,87.73622131347656,4736300.0,4.0,-2.185417299679983,107.29459656773648,87.37564040125767,41.13939122005781,-170.80656070454407,44.521989923840984,96.28909683227539,96.84769401550292,38.02000045776367,24.69360041753927
85,2020-10-30,BA,147.1999969482422,149.1699981689453,141.5800018310547,144.38999938964844,15374700.0,4.0,-3.7786658682678365,177.52059258966887,147.13241034001862,40.974448482370185,-189.40701145892493,35.96692774545654,161.4606679280599,165.80650126139324,38.02000045776367,24.69360041753927
85,2020-10-30,CAT,153.9600067138672,157.2899932861328,153.0399932861328,148.04904174804688,4373500.0,4.0,1.9153327573268655,162.8273251418823,139.76511412813724,54.497230117465094,-3.4916804794289034,17.14583581299458,146.7379130045573,141.17861467997233,38.02000045776367,24.69360041753927
85,2020-10-30,CRM,235.82000732421875,237.75,228.66000366210938,232.27000427246094,5741200.0,4.0,-2.4901893843648963,273.01645026138783,233.520547724452,47.27545720726921,-162.394046296464,37.782909853058726,250.70733337402345,242.14866739908854,38.02000045776367,24.69360041753927
85,2020-10-30,CSCO,35.599998474121094,35.93000030517578,35.4900016784668,32.81013870239258,29151200.0,4.0,-0.869541329269687,38.097847048869646,32.58651536262938,34.15561807517366,-214.66163890095706,53.482348139514045,35.28268559773763,36.75870984395345,38.02000045776367,24.69360041753927
85,2020-10-30,CVX,69.9000015258789,70.11000061035156,68.08000183105469,61.07692337036133,17191600.0,4.0,-1.6214071116062385,67.0116862924079,59.5968284933587,40.63095102320426,-130.97677479463877,33.447417413845116,63.494811375935875,68.50923595428466,38.02000045776367,24.69360041753927
85,2020-10-30,DIS,120.63999938964844,121.75,119.08999633789062,121.25,8090200.0,4.0,-1.2022936369856438,130.003837920119,119.02816281230287,46.19357746704384,-138.98578207339997,22.839066385923356,124.46800028483072,127.86799964904785,38.02000045776367,24.69360041753927
85,2020-10-30,GS,189.50999450683594,190.39999389648438,185.52000427246094,175.924560546875,3658800.0,4.0,-2.356498004080123,202.5672785022948,175.78779657094736,42.606119961513855,-137.63214353973893,29.338840452034027,186.82833964029948,188.3624178568522,38.02000045776367,24.69360041753927
85,2020-10-30,HD,268.82000732421875,269.6199951171875,262.0299987792969,248.25259399414062,3872800.0,4.0,-1.788254657823586,274.45785945110515,249.46307713336748,45.0687950456569,-132.40441926539648,51.99643775133349,259.2043802897135,259.8965576171875,38.02000045776367,24.69360041753927
85,2020-10-30,HON,161.5399932861328,165.75999450683594,161.0500030517578,155.64439392089844,4389500.0,4.0,-0.11394667467550335,169.39478406463033,153.39720049347514,49.95549817054773,-60.83929446013904,27.15269444360546,158.7440439860026,156.5313412984212,38.02000045776367,24.69360041753927
85,2020-10-30,IBM,103.15487670898438,106.88336181640625,103.011474609375,91.96446228027344,8285889.0,4.0,-2.897902652118489,110.65303366703455,86.69334999995763,41.77530133615666,-138.88523561256682,31.857342295701628,98.79879328409831,100.50586725870768,38.02000045776367,24.69360041753927
85,2020-10-30,INTC,44.099998474121094,44.79999923706055,43.61000061035156,40.40585708618164,46781300.0,4.0,-1.518785779668498,53.53107996237955,39.52649030434408,35.61729717652473,-172.87874569616199,41.52689922008121,46.38704274495443,45.78737252553304,38.02000045776367,24.69360041753927
85,2020-10-30,JNJ,136.67999267578125,137.5399932861328,133.64999389648438,126.61079406738281,7364100.0,4.0,-2.1557378108643945,141.9147698851174,126.68359818739235,38.34832113085568,-269.0052453352626,44.46584418427843,134.494029490153,136.28771680196127,38.02000045776367,24.69360041753927
85,2020-10-30,JPM,97.91000366210938,98.41999816894531,96.2300033569336,90.02841186523438,15194500.0,4.0,0.11165718717910522,95.56536386608312,88.54937078357509,49.28798544426996,-21.528219448040822,20.6019570317341,90.21623229980469,90.81968371073405,38.02000045776367,24.69360041753927
85,2020-10-30,KO,47.810001373291016,48.119998931884766,47.369998931884766,43.873626708984375,15804000.0,4.0,-0.199126724190819,47.08898892324722,43.780373717133635,46.50943438114908,-167.31049407318127,39.93312012257561,45.21528282165527,44.906554539998375,38.02000045776367,24.69360041753927
85,2020-10-30,MCD,213.60000610351562,215.22000122070312,209.91000366210938,199.17140197753906,3450900.0,4.0,-0.4959258093703056,219.46845290665686,201.01136124129238,46.77337903644501,-145.50386342322886,46.40080945939553,208.19551493326824,203.4177215576172,38.02000045776367,24.69360041753927
85,2020-10-30,MMM,158.3300018310547,159.9600067138672,157.0,141.2386932373047,2234500.0,4.0,-0.7381691637092729,154.3464325109676,139.37547300661055,46.98504303261995,-94.13638301115995,35.17864516785288,145.13697001139323,145.21714986165364,38.02000045776367,24.69360041753927
85,2020-10-30,MRK,71.92748260498047,72.41412353515625,70.55343627929688,65.2249755859375,11096748.0,4.0,-1.3151345560429775,71.44012806111532,65.6164438993339,37.95919749965096,-210.04854544364704,41.0359612389075,69.52965571085612,71.17139879862468,38.02000045776367,24.69360041753927
85,2020-10-30,MSFT,203.5,204.2899932861328,199.6199951171875,197.0589599609375,36953700.0,4.0,-1.2383913896221372,219.48037549135174,195.61551226499594,46.22841531689448,-117.0318882896499,39.05037044597635,205.4317194620768,206.12025197347006,38.02000045776367,24.69360041753927
85,2020-10-30,NKE,123.66000366210938,123.66000366210938,118.80000305175781,116.5695571899414,7791600.0,4.0,0.5396427886350779,129.6305787490402,118.53307939304963,50.74111569271602,-126.36712390848565,27.357138340519427,122.71094716389975,115.41289354960124,38.02000045776367,24.69360041753927
85,2020-10-30,PG,137.17999267578125,137.99000549316406,134.67999267578125,128.06907653808594,6422000.0,4.0,0.17940720855520453,135.80790700046458,127.8461091128167,50.359846873163804,-96.74005476533658,31.153150794415087,130.52876256306965,128.96467831929525,38.02000045776367,24.69360041753927
85,2020-10-30,TRV,121.66999816894531,122.79000091552734,118.8499984741211,112.88103485107422,2630300.0,4.0,2.48771922496357,119.25485031908237,100.36053511792936,55.283829585096385,90.78262574487738,13.075674252408398,107.00616226196288,107.05984687805176,38.02000045776367,24.69360041753927
85,2020-10-30,UNH,303.2300109863281,307.1700134277344,299.6000061035156,292.6431884765625,3556800.0,4.0,-0.326126972461509,323.86553271593004,292.8843116444215,46.80602379884659,-72.16152504118342,24.597730138449737,302.28546040852865,300.73475494384763,38.02000045776367,24.69360041753927
85,2020-10-30,V,182.66000366210938,184.22000122070312,179.22999572753906,177.94302368164062,10252900.0,4.0,-4.362622197762391,208.2680687060532,178.39543837402493,38.83441037732033,-249.04850175294723,46.21531778555161,193.86855926513672,196.93608957926432,38.02000045776367,24.69360041753927
85,2020-10-30,VZ,56.599998474121094,57.06999969482422,56.369998931884766,48.152740478515625,17632800.0,4.0,-0.43188790260386156,50.738803613098085,47.33740793475347,45.5609493017199,-123.45687535312202,55.16068390211293,49.23713760375976,49.49942887624105,38.02000045776367,24.69360041753927
85,2020-10-30,WBA,33.369998931884766,34.04999923706055,33.36000061035156,29.575382232666016,10511600.0,4.0,-0.4042389861456037,33.79650338918276,29.568148290809912,41.24869029792488,-201.85876166007483,36.53629560967649,31.432968012491862,32.4063588142395,38.02000045776367,24.69360041753927
85,2020-10-30,WMT,139.17999267578125,140.08999633789062,137.3699951171875,132.45199584960938,6200600.0,4.0,0.336684345697023,139.89299024225446,132.50561510442523,50.47034654906628,-70.61395253145858,18.083511256088403,134.814008585612,132.27291717529297,38.02000045776367,24.69360041753927
86,2020-11-02,AAPL,109.11000061035156,110.68000030517578,107.31999969482422,106.83883666992188,122866900.0,0.0,-1.0973280427647438,121.88353917593993,106.34611704354249,47.15855316777247,-147.81848914217366,28.236975738652898,113.09411061604818,114.54791539510092,37.130001068115234,25.61437682080024
86,2020-11-02,AMGN,221.55999755859375,222.3699951171875,217.1999969482422,200.3380584716797,2029000.0,0.0,-6.4371332227438245,231.19273638876766,190.93548779336126,40.96207515965569,-118.13431438058369,40.35130819879479,215.93223520914714,219.2703778584798,37.130001068115234,25.61437682080024
86,2020-11-02,AXP,92.95999908447266,94.12999725341797,92.2699966430664,89.81327819824219,3572900.0,0.0,-2.3141749420298225,107.29877457329789,86.40429930975876,43.67307463292485,-114.86003507445533,27.66371112916966,96.1492914835612,96.76199048360189,37.130001068115234,25.61437682080024
86,2020-11-02,BA,145.75,149.58999633789062,143.3800048828125,148.60000610351562,13854600.0,0.0,-4.171648816575754,176.96273297622744,145.43027086898738,43.11319794641092,-150.97722402241652,34.81846838051077,161.20233459472655,165.44950129191082,37.130001068115234,25.61437682080024
86,2020-11-02,CAT,159.1999969482422,163.85000610351562,157.64999389648438,153.9125518798828,4072400.0,0.0,2.052126191037189,162.82609419032883,140.7761351187532,58.16916728684679,44.685840464800386,2.617251530900813,147.32936452229816,141.63690363566081,37.130001068115234,25.61437682080024
86,2020-11-02,CRM,235.1199951171875,238.5,228.99000549316406,232.4499969482422,3953400.0,0.0,-3.3780079220273933,274.1492747493786,230.4797230533558,47.34721170091955,-149.7728589565229,36.05735472496669,250.2873331705729,242.6720006306966,37.130001068115234,25.61437682080024
86,2020-11-02,CSCO,36.189998626708984,36.349998474121094,35.66999816894531,32.81013870239258,23483100.0,0.0,-0.9251791172811181,38.19993196855294,32.2404107438494,34.15561807517366,-171.76620837671624,43.28092851588803,35.19789721171061,36.58968556722005,37.130001068115234,25.61437682080024
86,2020-11-02,CVX,70.69999694824219,73.08000183105469,69.4000015258789,63.40575408935547,11475500.0,0.0,-1.3943017967850224,66.97775597464249,59.58242468942001,44.60393159139153,-28.19383209569124,13.064856761836369,63.37324358622233,68.31272919972737,37.130001068115234,25.61437682080024
86,2020-11-02,DIS,122.23999786376953,122.93000030517578,119.80999755859375,120.12999725341797,9186000.0,0.0,-1.3889051083161377,130.16599396660555,118.5420062164999,45.167518031487006,-117.60020517789225,16.26896068489002,124.29200007120768,127.70466639200846,37.130001068115234,25.61437682080024
86,2020-11-02,GS,192.0,192.6999969482422,188.22999572753906,177.0040740966797,2459600.0,0.0,-2.763909674467101,203.08966628142898,174.1858860867351,43.40383215411582,-113.17815140619396,21.948854228873337,186.71046040852863,188.1015858968099,37.130001068115234,25.61437682080024
86,2020-11-02,HD,270.1499938964844,274.7799987792969,268.5199890136719,252.00369262695312,2956400.0,0.0,-2.084590494109932,274.69068528320304,248.17286299560553,47.54078065780653,-77.31860301579833,34.48396412009961,259.1544250488281,259.904700978597,37.130001068115234,25.61437682080024
86,2020-11-02,HON,169.1999969482422,174.5,168.11000061035156,163.8157958984375,4198300.0,0.0,0.2723063408820394,169.62517337283197,153.62822170773444,55.619604264734086,47.763060042042206,3.1859283757675527,159.129025777181,156.83599497477215,37.130001068115234,25.61437682080024
86,2020-11-02,IBM,107.69598388671875,108.82408905029297,107.3135757446289,92.99398803710938,5555829.0,0.0,-2.793050398301233,110.5058848879487,86.09101376317435,43.10889535343488,-92.6996907444755,23.251322837858584,98.59728368123372,100.34045855204265,37.130001068115234,25.61437682080024
86,2020-11-02,INTC,44.959999084472656,45.060001373291016,44.2400016784668,40.57011032104492,33856700.0,0.0,-1.6765475659804991,53.67975426715091,38.71807326275632,36.10757128468082,-147.5116815987067,38.517508319905744,46.22704976399739,45.73307832082113,37.130001068115234,25.61437682080024
86,2020-11-02,JNJ,138.97999572753906,139.00999450683594,137.49000549316406,128.0697479248047,7088000.0,0.0,-2.263667474753589,141.8554865576504,125.86193058712495,40.79309692621041,-179.36554163599985,34.72697119322476,134.29672368367514,136.15031903584799,37.130001068115234,25.61437682080024
86,2020-11-02,JPM,99.38999938964844,100.87999725341797,97.86000061035156,92.05783081054688,15011600.0,0.0,0.1674157395828928,95.58183456813109,88.64401382054078,51.80715099438071,27.293688621314438,5.07566245117647,90.394265238444,90.84698295593262,37.130001068115234,25.61437682080024
86,2020-11-02,KO,48.75,48.95000076293945,48.2400016784668,44.384849548339844,15156100.0,0.0,-0.23108785366233064,47.113762418647056,43.686219652275796,48.57313933223057,-88.16495027083528,24.234603105394868,45.200980758666994,44.92487042744954,37.130001068115234,25.61437682080024
86,2020-11-02,MCD,215.8800048828125,216.32000732421875,210.7899932861328,198.7599639892578,2983200.0,0.0,-1.118066366944248,220.1416090994601,199.07491616909456,46.39498586553008,-133.51799375112174,41.09405818471458,208.0755142211914,203.56032104492186,37.130001068115234,25.61437682080024
86,2020-11-02,MMM,162.19000244140625,163.4199981689453,160.92999267578125,143.8699188232422,2116600.0,0.0,-0.75734981926297,154.34027817049062,139.39840438566173,49.649894545476805,-36.32775026126973,18.001870430833034,145.1834732055664,145.30600763956707,37.130001068115234,25.61437682080024
86,2020-11-02,MRK,72.94847106933594,73.3396987915039,72.17557525634766,66.52582550048828,8145475.0,0.0,-1.2983030746367774,71.2265923152925,65.43712075843796,41.9399837927106,-143.32243711077115,28.835718812639644,69.34406712849935,71.1175579071045,37.130001068115234,25.61437682080024
86,2020-11-02,MSFT,204.2899932861328,205.27999877929688,200.1199951171875,196.92271423339844,30842200.0,0.0,-1.7433585496759747,219.9571795230907,194.3552243465382,46.16180946438429,-113.39130711482655,35.55495767545389,205.424907430013,205.96391805013022,37.130001068115234,25.61437682080024
86,2020-11-02,NKE,122.37000274658203,124.0999984741211,121.0999984741211,118.81202697753906,4740400.0,0.0,0.2384703217169175,129.8414339274457,117.78636224565,53.254418485093716,-110.02770131613934,24.698279426169876,123.00282363891601,115.74869995117187,37.130001068115234,25.61437682080024
86,2020-11-02,PG,138.50999450683594,140.0,137.44000244140625,129.37686157226562,6682800.0,0.0,0.050904303282209185,135.81647255093492,127.8263069900807,52.624084593017905,-45.04141551384741,17.310110136576604,130.6080057779948,129.0532251993815,37.130001068115234,25.61437682080024
86,2020-11-02,TRV,123.06999969482422,124.30999755859375,120.41999816894531,115.88285064697266,1765700.0,0.0,2.6038035317037185,119.8610609787988,100.8774300795508,57.81820118023358,109.3722257042547,18.15283752441343,107.457213083903,107.17575874328614,37.130001068115234,25.61437682080024
86,2020-11-02,UNH,312.6400146484375,312.6400146484375,307.3599853515625,299.3181457519531,4519000.0,0.0,-0.6304347077117995,324.04235353529987,292.1272631639189,49.792060103680015,-33.855069794926415,14.054906061461859,302.6981709798177,300.67674713134767,37.130001068115234,25.61437682080024
86,2020-11-02,V,184.50999450683594,186.9199981689453,183.88999938964844,180.9102020263672,8057100.0,0.0,-4.56936253981911,208.0464091581167,176.776073141688,41.274214611042126,-169.15629737790292,34.88568499618465,193.45367482503255,196.75127487182618,37.130001068115234,25.61437682080024
86,2020-11-02,VZ,57.66999816894531,58.209999084472656,57.0,48.75264358520508,16086400.0,0.0,-0.3805512960910207,50.63951019886234,47.32420058604977,48.96119880377649,-57.778010126359746,23.67797774730954,49.20103073120117,49.49642403920492,37.130001068115234,25.61437682080024
86,2020-11-02,WBA,34.529998779296875,35.810001373291016,34.369998931884766,31.09585952758789,7448100.0,0.0,-0.3757155255264486,33.77532104242692,29.517216646782067,46.38702691545006,-73.34493688374847,9.137004741361581,31.432968012491862,32.33021726608276,37.130001068115234,25.61437682080024
86,2020-11-02,WMT,140.58999633789062,140.80999755859375,139.02999877929688,134.02706909179688,5525200.0,0.0,0.21295808886492296,139.93653798552444,132.3284217312724,52.48577486425279,-39.03408653245492,13.0787734814616,134.9199686686198,132.44732615152995,37.130001068115234,25.61437682080024
87,2020-11-03,AAPL,109.66000366210938,111.48999786376953,108.7300033569336,108.47918701171875,107624400.0,1.0,-1.2786008190169298,122.05061060487891,105.91187337339257,48.40562880083384,-114.88457271794637,24.253473274276693,113.0492546081543,114.51046689351399,35.54999923706055,20.16865165522892
87,2020-11-03,AMGN,221.75999450683594,223.0800018310547,218.4600067138672,200.2015838623047,2533600.0,1.0,-6.312705958771062,228.1845844944341,190.97509568134717,40.89783663596504,-105.06221971173196,38.16469886685802,215.10010935465496,219.0198112487793,35.54999923706055,20.16865165522892
87,2020-11-03,AXP,94.75,96.8499984741211,94.4000015258789,92.59230041503906,4004300.0,1.0,-2.1669926907699306,107.2221767211363,85.99560434575824,46.8402864940418,-69.26099325168977,13.91429155875038,96.0922248840332,96.68334261576335,35.54999923706055,20.16865165522892
87,2020-11-03,BA,151.8300018310547,154.82000732421875,150.63999938964844,153.64999389648438,12249800.0,1.0,-4.029153253371362,177.014748497116,144.789255409134,45.560916403228845,-85.49768095256032,21.192228772201595,161.0973342895508,165.02016779581706,35.54999923706055,20.16865165522892
87,2020-11-03,CAT,165.0,169.0,163.07000732421875,158.07923889160156,4843600.0,1.0,2.4682997689127433,162.940840135895,142.27149506918315,60.51168287069066,84.55689154528362,14.694565495091044,148.00286305745442,142.05376332600912,35.54999923706055,20.16865165522892
87,2020-11-03,CRM,235.10000610351562,240.94000244140625,233.27999877929688,237.1300048828125,4151400.0,1.0,-3.661762463341063,274.52271965963,228.80527869242079,49.20655244344651,-109.92281082570281,30.378858341360687,249.93233337402344,243.33816731770833,35.54999923706055,20.16865165522892
87,2020-11-03,CSCO,36.36000061035156,37.33000183105469,36.29999923706055,33.52299880981445,27342900.0,1.0,-0.9013602917147523,38.208503413410575,32.05910561063728,38.01303302430285,-107.99300882781264,22.905073153391896,35.12841873168945,36.42801456451416,35.54999923706055,20.16865165522892
87,2020-11-03,CVX,73.16000366210938,73.30000305175781,71.05000305175781,63.045440673828125,8608000.0,1.0,-1.229223753684714,66.95248380804004,59.55848230218944,44.131250369533795,2.0174993798826755,11.71375709578154,63.26222114562988,68.0679121017456,35.54999923706055,20.16865165522892
87,2020-11-03,DIS,121.61000061035156,125.06999969482422,121.37000274658203,124.0199966430664,8144900.0,1.0,-1.2089693569556346,130.09724660375386,118.91975321314065,49.22014024283016,-25.630809796957074,5.345800488648762,124.18566665649413,127.62516644795735,35.54999923706055,20.16865165522892
87,2020-11-03,GS,193.94000244140625,199.0,193.22000122070312,184.19776916503906,4545500.0,1.0,-2.4777532891237684,203.06616610677025,173.91530667155007,48.35238382382466,-47.23237588430134,4.471056951174302,186.90619964599608,187.94353561401368,35.54999923706055,20.16865165522892
87,2020-11-03,HD,274.8500061035156,279.5299987792969,273.7200012207031,258.1749267578125,3037500.0,1.0,-1.800714247210351,274.6833098213815,248.2640061576224,51.27272959873896,-20.81227470667671,20.789343624736674,259.28039093017577,259.96801376342773,35.54999923706055,20.16865165522892
87,2020-11-03,HON,175.52999877929688,180.38999938964844,174.25,169.09991455078125,3719800.0,1.0,0.9933481533618078,170.61519771407512,153.8006973664913,58.74330009328506,121.82799332778264,17.386018152908004,159.64894256591796,157.16116104125976,35.54999923706055,20.16865165522892
87,2020-11-03,IBM,108.98661804199219,110.56405639648438,108.63288879394531,94.02349853515625,4397698.0,1.0,-2.5969453688474857,110.28347138728009,85.67018690739764,44.42565811899605,-67.48771505768211,15.995613673232564,98.4229522705078,100.16269569396972,35.54999923706055,20.16865165522892
87,2020-11-03,INTC,44.72999954223633,45.459999084472656,44.70000076293945,40.925987243652344,34349500.0,1.0,-1.7526551076866852,53.733895089548014,38.068977377493,37.17977763428288,-124.30457858567968,33.83734289750748,46.071923446655276,45.66661732991536,35.54999923706055,20.16865165522892
87,2020-11-03,JNJ,140.02000427246094,140.9600067138672,137.77999877929688,127.89430236816406,6363000.0,1.0,-2.33642662933039,141.90240618542828,125.09843228503071,40.59284913327184,-145.8201803864672,22.971715389199723,134.12096481323243,136.01871147155762,35.54999923706055,20.16865165522892
87,2020-11-03,JPM,103.0199966430664,104.73999786376953,102.69000244140625,94.95960235595703,17482600.0,1.0,0.4406736946375531,95.90307315299712,88.81772991707125,55.10590429295896,123.052905796195,13.58470555761007,90.70056508382162,90.90353825887044,35.54999923706055,20.16865165522892
87,2020-11-03,KO,49.220001220703125,49.959999084472656,49.0,45.051265716552734,15285100.0,1.0,-0.20033374106989044,47.107221664423875,43.73018945312984,51.11640699503747,-8.326003094947405,8.413817507955814,45.19154739379883,44.955500793457034,35.54999923706055,20.16865165522892
87,2020-11-03,MCD,215.58999633789062,218.10000610351562,213.9499969482422,202.72470092773438,2615000.0,1.0,-1.276481619330923,220.24179677097655,198.29305888087893,50.39535558264424,-90.98789910920267,32.769307235363726,208.0876714070638,203.77643686930338,35.54999923706055,20.16865165522892
87,2020-11-03,MMM,164.86000061035156,166.8300018310547,163.74000549316406,146.1391143798828,1896900.0,1.0,-0.582728182266635,154.29909010194248,139.72920121885832,51.81092215283902,10.80814888286148,4.070193129110374,145.27677205403646,145.3873311360677,35.54999923706055,20.16865165522892
87,2020-11-03,MRK,73.9217529296875,74.6469497680664,73.24427795410156,66.70795440673828,7693578.0,1.0,-1.255791738282781,71.17499875627351,65.25369310774016,42.47458039628329,-99.68444468729774,13.95321158715112,69.17004140218098,71.06833101908366,35.54999923706055,20.16865165522892
87,2020-11-03,MSFT,203.88999938964844,208.1199951171875,203.1199951171875,200.91311645507812,27512000.0,1.0,-1.8007980727787185,219.92819502551367,194.4348176697988,48.413737396122805,-69.60326795548812,25.85353122298148,205.39279022216797,205.9425417582194,35.54999923706055,20.16865165522892
87,2020-11-03,NKE,124.01000213623047,125.5,123.19000244140625,120.94770812988281,3490900.0,1.0,0.1701591039854975,129.8269854520578,117.50375643026642,55.49176713154722,-79.31581431508766,16.430597208805263,123.25263366699218,116.06279118855794,35.54999923706055,20.16865165522892
87,2020-11-03,PG,139.32000732421875,142.66000366210938,139.32000732421875,131.91766357421875,6244200.0,1.0,0.15233034285910207,135.80007482247714,128.06511072439787,56.602510143901846,19.186110490614393,2.069577568965909,130.7332341512044,129.17560297648112,35.54999923706055,20.16865165522892
87,2020-11-03,TRV,125.5,127.51000213623047,125.11000061035156,118.14588165283203,1546200.0,1.0,2.8456064900820337,120.70761497867225,101.41582099544884,59.60376864186016,141.25648346027714,27.66152966729461,107.98993225097657,107.302161916097,35.54999923706055,20.16865165522892
87,2020-11-03,UNH,317.4700012207031,326.44000244140625,315.0199890136719,308.18939208984375,4043900.0,1.0,-0.15399023734721595,324.0762873601567,292.7550755548824,53.38936350289562,31.172104622332053,7.1359866575589725,303.56418863932294,300.733642578125,35.54999923706055,20.16865165522892
87,2020-11-03,V,186.8300018310547,189.52999877929688,185.16000366210938,184.4355926513672,6467900.0,1.0,-4.39803834154651,207.73040268506884,175.90618636522413,44.018800735034006,-120.39225900392118,24.88618270839228,193.0547856648763,196.61820907592772,35.54999923706055,20.16865165522892
87,2020-11-03,VZ,57.810001373291016,58.380001068115234,57.5099983215332,48.794883728027344,10693500.0,1.0,-0.33262395713256865,50.55922263794165,47.31293236083764,49.19235038612671,-35.68665094863771,19.802983428904298,49.16047960917155,49.48771362304687,35.54999923706055,20.16865165522892
87,2020-11-03,WBA,36.369998931884766,37.619998931884766,36.31999969482422,32.468631744384766,7857100.0,1.0,-0.23957753167264428,33.85820901182496,29.55770514222778,50.43572641118794,65.5408295684305,10.5879401035634,31.480754343668618,32.25777177810669,35.54999923706055,20.16865165522892
87,2020-11-03,WMT,141.64999389648438,144.16000366210938,141.57000732421875,136.29905700683594,5137700.0,1.0,0.2948358912489937,139.93424292762887,132.53595665733206,55.20567868750799,37.946214100502225,6.608122123809744,135.06220550537108,132.62933756510418,35.54999923706055,20.16865165522892
88,2020-11-04,AAPL,114.13999938964844,115.58999633789062,112.3499984741211,112.90911865234375,138235500.0,2.0,-1.0526678396886808,122.047573454749,105.90214044295607,51.59697738536825,-26.0620795908738,6.374131323523789,113.30562082926433,114.60173365275065,29.56999969482422,96.31043322497986
88,2020-11-04,AMGN,226.2899932861328,235.97999572753906,225.10000610351562,209.54483032226562,3810000.0,2.0,-5.3979503396642485,222.81887704965516,193.85352590444643,46.805913765483865,-37.400815076883624,6.069731012360638,214.7283208211263,218.9779830932617,29.56999969482422,96.31043322497986
88,2020-11-04,AXP,94.0,97.81999969482422,92.86000061035156,92.69806671142578,4545500.0,2.0,-2.018546690318715,106.98246547380519,85.6054694016831,46.95771184180518,-71.6861510372569,19.182214596327015,96.13189010620117,96.58028297424316,29.56999969482422,96.31043322497986
88,2020-11-04,BA,153.1699981689453,155.39999389648438,151.1699981689453,151.6300048828125,11344700.0,2.0,-4.0327338786936195,176.77727150695932,143.72873282653677,44.76391345886215,-87.21076729401143,19.75737405189533,161.11233469645182,164.54516779581706,29.56999969482422,96.31043322497986
88,2020-11-04,CAT,159.17999267578125,162.3800048828125,155.22999572753906,146.3333282470703,9081700.0,2.0,1.8292371956741533,162.81787027094526,142.5264031055196,52.016946522134475,-1.0607929675810936,4.565856403557501,148.37134501139323,142.2668940226237,29.56999969482422,96.31043322497986
88,2020-11-04,CRM,246.02000427246094,252.8800048828125,243.24000549316406,250.74000549316406,6505400.0,2.0,-2.7566497337628846,273.7240538792263,228.6799439235081,54.08444531760092,-13.910751669612255,7.015473683029036,250.42400004069012,244.317333984375,29.56999969482422,96.31043322497986
88,2020-11-04,CSCO,37.029998779296875,37.29999923706055,36.5,33.42246627807617,30121900.0,2.0,-0.8804465956778955,38.14115361351696,31.867812450936157,37.690896722387464,-96.48653444559791,22.905073153391896,35.08698272705078,36.27281818389893,29.56999969482422,96.31043322497986
88,2020-11-04,CVX,70.77999877929688,73.58999633789062,69.88999938964844,63.07181167602539,10925700.0,2.0,-1.083777186935869,66.78858525770104,59.545740914173955,44.17604080680651,-10.21990788336526,17.284878558386428,63.25694808959961,67.82512270609537,29.56999969482422,96.31043322497986
88,2020-11-04,DIS,123.58000183105469,126.86000061035156,123.41000366210938,125.06999969482422,7483000.0,2.0,-0.9704556974081271,130.15846854763532,119.07453087253067,50.246931985403315,31.72675138111414,2.8176750693981965,124.24533335367839,127.53483301798502,29.56999969482422,96.31043322497986
88,2020-11-04,GS,196.25,200.82000732421875,194.89999389648438,184.14195251464844,3868500.0,2.0,-2.2297727964885325,202.91838387762698,173.52984305108396,48.31847292615983,-39.72195906923613,0.04320939119702746,187.27069396972655,187.7586550394694,29.56999969482422,96.31043322497986
88,2020-11-04,HD,276.760009765625,287.0400085449219,276.010009765625,263.1546936035156,3525300.0,2.0,-1.1605367641165003,274.6782732264254,248.26253030140663,54.00417501009003,30.527645020105137,3.05346575597357,259.78209075927737,260.1113906860352,29.56999969482422,96.31043322497986
88,2020-11-04,HON,176.44000244140625,182.42999267578125,173.27999877929688,168.81683349609375,4318600.0,2.0,1.5243647809608092,171.4628053587665,153.64757061779602,58.51505225908856,119.16930711000761,21.641194805751407,160.28177388509116,157.46831690470378,29.56999969482422,96.31043322497986
88,2020-11-04,IBM,107.39006042480469,108.90057373046875,106.2715072631836,92.16213989257812,6066905.0,2.0,-2.562191458354647,109.87666607144409,85.07465762850707,42.58227922068294,-87.89933183876009,22.605403881678697,98.23269805908203,99.9588518778483,29.56999969482422,96.31043322497986
88,2020-11-04,INTC,45.11000061035156,46.150001525878906,44.779998779296875,41.70161819458008,34748200.0,2.0,-1.7304365518817733,53.56167335696178,37.60518150143666,39.470002852439116,-104.19016911268665,25.987842959302863,45.97702242533366,45.62874825795492,29.56999969482422,96.31043322497986
88,2020-11-04,JNJ,139.49000549316406,142.5399932861328,138.6999969482422,128.72540283203125,10263500.0,2.0,-2.300507107971441,141.6401512842032,124.57762444211512,41.988351808048485,-107.99138798150932,14.331525304040692,133.9658297220866,135.91716143290202,29.56999969482422,96.31043322497986
88,2020-11-04,JPM,101.0,102.06999969482422,98.93000030517578,92.05783081054688,18886500.0,2.0,0.41826241141819764,95.91121404280715,88.85733911881395,51.461920139612666,36.12753381609995,4.141408015152559,90.95654093424479,90.86350911458334,29.56999969482422,96.31043322497986
88,2020-11-04,KO,49.43000030517578,50.209999084472656,49.08000183105469,44.88694381713867,12930800.0,2.0,-0.18706393268355015,47.10465910241648,43.69714868261771,50.47962416266385,-5.356774100551072,4.879865538722049,45.22075970967611,44.98022295633952,29.56999969482422,96.31043322497986
88,2020-11-04,MCD,215.0,219.47000122070312,213.3000030517578,200.9199676513672,3360800.0,2.0,-1.5300166611181112,220.2372401052704,197.21198780000307,48.68452289153805,-95.69660927948418,26.622677830699782,208.08455301920574,203.9488390604655,29.56999969482422,96.31043322497986
88,2020-11-04,MMM,162.75,165.3000030517578,159.89999389648438,141.41526794433594,3140900.0,2.0,-0.8161066360906943,154.43799964209512,139.0313744423775,47.427278543601865,-48.81523853659844,16.007260571674376,145.29590301513673,145.36163202921549,29.56999969482422,96.31043322497986
88,2020-11-04,MRK,76.27862548828125,79.09351348876953,75.8969497680664,69.9167251586914,14731422.0,2.0,-0.9522038023706187,71.25115152159786,65.22783865174198,50.741004155468026,49.423538843856406,19.752339843429027,69.1119369506836,71.07258364359538,29.56999969482422,96.31043322497986
88,2020-11-04,MSFT,214.02000427246094,218.32000732421875,212.4199981689453,210.60694885253906,42311800.0,2.0,-1.0519814614774248,220.25517570748096,194.74630592093703,53.32047210300334,56.22645288298971,1.2734152770712694,205.90538126627604,206.16153564453126,29.56999969482422,96.31043322497986
88,2020-11-04,NKE,125.33000183105469,128.92999267578125,125.26000213623047,123.61732482910156,5061800.0,2.0,0.3276606603559884,129.57302640924723,117.49366899480547,58.08588188604049,3.9456801694568027,0.7953706539778052,123.26007639567057,116.42605756123861,29.56999969482422,96.31043322497986
88,2020-11-04,PG,140.4600067138672,143.0,140.27000427246094,131.37588500976562,5820600.0,2.0,0.1868404274958948,135.80030450563058,128.13185186643975,55.573090568358396,23.092909738147487,0.2893512256427171,130.89149703979493,129.30242207845052,29.56999969482422,96.31043322497986
88,2020-11-04,TRV,122.69999694824219,127.11000061035156,122.51000213623047,115.39657592773438,2424100.0,2.0,2.78330685273437,121.08208215590106,101.93909017686262,56.59305075894205,107.56355390122651,15.96076070117346,108.48586959838867,107.37036781311035,29.56999969482422,96.31043322497986
88,2020-11-04,UNH,345.2300109863281,360.44000244140625,341.1400146484375,340.0392761230469,10344900.0,2.0,2.76177883168225,331.0340797031023,288.8077293789289,63.1857711212219,235.50536281392377,37.64699595235719,305.5596435546875,301.3778813680013,29.56999969482422,96.31043322497986
88,2020-11-04,V,192.88999938964844,196.8800048828125,191.52999877929688,189.94886779785156,8102700.0,2.0,-3.773884461225407,207.0364067339664,175.76780469181486,47.9539522954222,-37.952563934183544,2.100966142968535,193.00908610026042,196.5610616048177,29.56999969482422,96.31043322497986
88,2020-11-04,VZ,57.189998626708984,57.849998474121094,56.58000183105469,48.34707260131836,20785700.0,2.0,-0.32700628620877126,50.44715628504268,47.276120997672166,46.8646118873704,-79.71248645583651,32.22130529821492,49.13036117553711,49.47822799682617,29.56999969482422,96.31043322497986
88,2020-11-04,WBA,36.849998474121094,37.68000030517578,36.22999954223633,31.538963317871094,8564500.0,2.0,-0.20434806587747545,33.85128477934879,29.5481205093475,47.90148775176502,36.25313414842209,9.535667463138468,31.516666221618653,32.184290981292726,29.56999969482422,96.31043322497986
88,2020-11-04,WMT,141.57000732421875,144.38999938964844,141.33999633789062,135.5162811279297,5975800.0,2.0,0.2931815535887381,139.91162045043995,132.6607229943843,54.10186242965504,25.990674619322547,5.263070781079423,135.2521728515625,132.82492218017578,29.56999969482422,96.31043322497986
89,2020-11-05,AAPL,117.94999694824219,119.62000274658203,116.87000274658203,116.91667175292969,126387100.0,3.0,-0.5439677613683784,122.33470063951198,106.01380323622045,54.24554361647711,73.9551565231696,7.596531300284144,113.65955607096355,114.70028546651204,27.579999923706055,18.201570482976187
89,2020-11-05,AMGN,233.77000427246094,233.8300018310547,230.0,211.03680419921875,2070300.0,3.0,-4.500728501579573,221.72491975615299,194.2087594430658,47.670045210106146,-26.001101493045176,6.0697310123606485,214.47510375976563,218.85453364054362,27.579999923706055,18.201570482976187
89,2020-11-05,AXP,97.20999908447266,98.31999969482422,96.83999633789062,94.34239196777344,4197300.0,3.0,-1.7480682172044766,106.28511554928947,85.53834789065193,48.77743059296498,-40.321450575081705,16.703620481465865,96.22987772623698,96.52984568277995,27.579999923706055,18.201570482976187
89,2020-11-05,BA,152.47999572753906,157.6300048828125,152.10000610351562,157.08999633789062,12328300.0,3.0,-3.5540272567753277,175.87134557476557,143.54365839251957,47.339740410755226,-65.00407873264159,14.200214846443012,161.48033447265624,164.23933436075848,27.579999923706055,18.201570482976187
89,2020-11-05,CAT,157.6699981689453,164.9600067138672,157.60000610351562,153.7428436279297,4821600.0,3.0,1.898773589522449,162.7858298035212,143.25424588007252,56.043726563889415,36.02008265561628,1.2666323631578826,148.96307423909505,142.60289154052734,27.579999923706055,18.201570482976187
89,2020-11-05,CRM,258.1099853515625,260.9200134277344,255.44000244140625,260.2200012207031,8961700.0,3.0,-1.2598620416257234,273.7240538792263,228.6799439235081,57.05610615918274,67.69877592605201,5.211027438531497,251.1796666463216,245.44400075276693,27.579999923706055,18.201570482976187
89,2020-11-05,CSCO,37.02000045776367,37.29999923706055,36.90999984741211,34.025665283203125,23149700.0,3.0,-0.8059092026966894,37.984742450844955,31.79025754915505,40.80456686502517,-73.51018144204515,22.905073153391903,35.078633371988936,36.11394049326579,27.579999923706055,18.201570482976187
89,2020-11-05,CVX,71.9000015258789,72.97000122070312,71.76000213623047,63.396976470947266,10627700.0,3.0,-0.9315335149658139,66.38343533549222,59.68021861043063,44.74113191827972,16.67916493448976,17.28487855838644,63.26690826416016,67.57187010447184,27.579999923706055,18.201570482976187
89,2020-11-05,DIS,126.77999877929688,128.6199951171875,125.80000305175781,126.95999908447266,7654800.0,3.0,-0.6217575148572649,130.39761150257678,119.22238819224745,52.0522489830787,96.64336622941919,10.136836524940081,124.39433339436849,127.45433311462402,27.579999923706055,18.201570482976187
89,2020-11-05,GS,199.64999389648438,204.1199951171875,199.05999755859375,188.87879943847656,2892800.0,3.0,-1.6322074388593535,202.47532740874578,173.50573033051205,51.31595690741315,6.385774721594775,7.551310517842536,187.5142064412435,187.63622512817383,27.579999923706055,18.201570482976187
89,2020-11-05,HD,288.3500061035156,289.0,284.0799865722656,266.0681457519531,2516600.0,3.0,-0.41333558159936956,274.81785376150685,248.24675652902047,55.513459848109626,75.76391767380015,1.0018844845728205,260.4072779337565,260.20054880777997,27.579999923706055,18.201570482976187
89,2020-11-05,HON,180.38999938964844,184.3800048828125,180.22000122070312,172.94029235839844,4585100.0,3.0,2.251968660192773,173.04231592765734,152.964465078202,60.809625158210565,173.5095670650207,25.559048749333257,161.0529978434245,157.84748077392578,27.579999923706055,18.201570482976187
89,2020-11-05,IBM,108.31739807128906,110.21988677978516,108.04015350341797,94.52589416503906,5127701.0,3.0,-2.3172022536599,108.14358218920657,85.43066402661375,45.55033123284051,-60.17275692356097,17.102435332169904,98.1415512084961,99.79509061177572,27.579999923706055,18.201570482976187
89,2020-11-05,INTC,46.150001525878906,46.380001068115234,45.529998779296875,41.98655319213867,31103200.0,3.0,-1.6705789194443952,53.238723313940085,37.25673147426792,40.29715926369232,-89.00555785956757,23.40884491913582,45.881277592976886,45.58041966756185,27.579999923706055,18.201570482976187
89,2020-11-05,JNJ,140.5500030517578,141.8300018310547,139.25999450683594,129.0578155517578,8016200.0,3.0,-2.219631173618353,141.1402050493908,124.2344859601307,42.54676262193091,-98.37235477397802,14.331525304040687,133.81469548543294,135.780025100708,27.579999923706055,18.201570482976187
89,2020-11-05,JPM,101.05999755859375,105.0999984741211,101.0,95.8227767944336,17837400.0,3.0,0.6962747618963476,96.3265261762276,88.67802552054975,55.418766734797444,119.880680671239,8.199741976340915,91.34044138590495,90.89957377115886,27.579999923706055,18.201570482976187
89,2020-11-05,KO,49.7599983215332,50.209999084472656,49.34000015258789,45.133426666259766,12452400.0,3.0,-0.15487312695030653,47.03243671847937,43.67625583217981,51.418729717016305,8.051478673025379,4.8798655387220435,45.24327761332194,45.00150667826335,27.579999923706055,18.201570482976187
89,2020-11-05,MCD,216.07000732421875,218.1999969482422,214.67999267578125,202.2664794921875,3622000.0,3.0,-1.6038050893347133,220.0819188588837,196.47992043554987,49.99476898038491,-89.11309295109845,26.622677830699782,208.0904739379883,204.12787907918295,27.579999923706055,18.201570482976187
89,2020-11-05,MMM,162.16000366210938,164.41000366210938,162.02000427246094,144.0994873046875,2178500.0,3.0,-0.7755268815818965,154.29793152420726,138.7732278385857,49.91808691724581,-28.315141955255953,16.00726057167438,145.37772471110026,145.36783752441406,27.579999923706055,18.201570482976187
89,2020-11-05,MRK,78.30152893066406,79.1030502319336,76.75572204589844,69.77798461914062,9277210.0,3.0,-0.7145663024335818,71.24840779296136,65.22884821900152,50.416946449221726,63.785322832225354,19.806721458137687,69.03417485555013,71.04912503560384,27.579999923706055,18.201570482976187
89,2020-11-05,MSFT,222.0399932861328,224.1199951171875,221.14999389648438,217.32254028320312,36080100.0,3.0,0.08240330778858151,221.53590547546654,194.70260618224833,56.29938675633449,141.8020242166064,12.709854041501229,206.5574747721354,206.39843775431316,27.579999923706055,18.201570482976187
89,2020-11-05,NKE,129.19000244140625,130.41000366210938,128.4600067138672,125.9083023071289,3940000.0,3.0,0.6300813291458098,129.571729919951,117.49399044748066,60.14791234178787,71.14415171336154,7.1328159962647835,123.42025197347006,116.82589276631673,27.579999923706055,18.201570482976187
89,2020-11-05,PG,142.44000244140625,143.52999877929688,141.77999877929688,133.0012664794922,5673100.0,3.0,0.34140906771665414,135.89363691441432,128.1797776974021,57.94672222865064,56.740017358004636,2.543058073726171,131.08505045572917,129.42180315653482,27.579999923706055,18.201570482976187
89,2020-11-05,TRV,124.02999877929688,128.5500030517578,123.63999938964844,119.24000549316406,1363000.0,3.0,3.0093763688326334,122.09006472437551,102.04299191624949,59.54803463578267,123.52682549505751,20.286308477167807,109.09963455200196,107.51902821858724,27.579999923706055,18.201570482976187
89,2020-11-05,UNH,358.07000732421875,360.9800109863281,349.67999267578125,339.8857421875,4786500.0,3.0,5.002492303081283,336.45050330887625,286.45928673018625,63.11961562320578,243.8689469881376,37.99288440689955,307.5333567301432,301.91258850097654,27.579999923706055,18.201570482976187
89,2020-11-05,V,198.36000061035156,200.99000549316406,197.2899932861328,193.5427703857422,7132100.0,3.0,-2.955174696569742,206.42701292000748,175.85426759757064,50.30939964379669,15.8259003498425,7.939001918025496,193.07828725179036,196.54800389607746,27.579999923706055,18.201570482976187
89,2020-11-05,VZ,58.0099983215332,58.970001220703125,57.79999923706055,49.13285827636719,20156400.0,3.0,-0.2561946521624847,50.31530933114463,47.32009487417763,51.06766644575577,2.5325873324495305,10.2445613780824,49.1186326344808,49.480584716796876,27.579999923706055,18.201570482976187
89,2020-11-05,WBA,36.31999969482422,37.59000015258789,36.06999969482422,32.607643127441406,6102700.0,3.0,-0.08916706865482737,33.89839768275408,29.54097418919416,50.83895553583738,55.89683607160221,7.590159203793924,31.589069747924803,32.129050985972086,27.579999923706055,18.201570482976187
89,2020-11-05,WMT,144.0,144.22999572753906,142.94000244140625,136.9577178955078,4734200.0,3.0,0.40353072857809025,139.966908791472,132.8068552466139,55.78591293913502,53.66028300915391,5.2630707810794055,135.46759541829428,133.0177527109782,27.579999923706055,18.201570482976187
90,2020-11-06,AAPL,118.31999969482422,119.19999694824219,116.12999725341797,116.78386688232422,114457900.0,4.0,-0.1498086268766201,122.50772392998446,106.02984015692961,54.14397805118478,57.724100667362734,4.8924599193242955,113.87613423665364,114.76388231913249,24.860000610351562,13.72205195492741
90,2020-11-06,AMGN,232.66000366210938,233.2100067138672,230.0399932861328,210.76388549804688,2028500.0,4.0,-3.768257858141453,221.12708142432137,194.34898974267082,47.52395390954822,-25.889349811549824,6.069731012360654,214.10665079752604,218.74551366170246,24.860000610351562,13.72205195492741
90,2020-11-06,AXP,98.5199966430664,98.63999938964844,96.2699966430664,92.97694396972656,3126300.0,4.0,-1.6251585048685229,105.44972985054069,85.4457924578089,47.38107001806775,-50.95804528779777,18.762444030298674,96.25649439493814,96.47676073710123,24.860000610351562,13.72205195492741
90,2020-11-06,BA,156.3300018310547,158.47000122070312,154.52000427246094,157.74000549316406,8995600.0,4.0,-3.0866178938058226,175.00407916099584,143.45192517250024,47.64044530278589,-54.07656923602604,12.10556311591276,161.53733469645184,163.9561678568522,24.860000610351562,13.72205195492741
90,2020-11-06,CAT,163.94000244140625,165.5399932861328,160.75999450683594,152.04603576660156,2983000.0,4.0,1.7962573326364293,162.76432438171182,143.5882451983663,54.95124607028733,39.185971471403455,2.5725238341726824,149.4741943359375,142.94027964274088,24.860000610351562,13.72205195492741
90,2020-11-06,CRM,260.0,261.75,254.49000549316406,260.1499938964844,3798600.0,4.0,-0.07839235950004309,272.76832372151057,229.05267237223944,57.027910291887,62.59972629027318,3.714364786058734,251.75999959309897,246.5275006612142,24.860000610351562,13.72205195492741
90,2020-11-06,CSCO,37.560001373291016,37.599998474121094,37.08000183105469,34.299842834472656,19475300.0,4.0,-0.7164550963828304,37.802038464321086,31.76092921756368,42.16355977007098,-56.3787897977875,16.699523982697254,35.06131172180176,36.04083251953125,24.860000610351562,13.72205195492741
90,2020-11-06,CVX,72.5,73.2699966430664,70.83000183105469,62.526954650878906,8366900.0,4.0,-0.871041968271463,66.12825044863779,59.68494497067375,43.52171087959396,-9.93017765380487,21.805291202044717,63.24698829650879,67.31711203257242,24.860000610351562,13.72205195492741
90,2020-11-06,DIS,126.26000213623047,128.0399932861328,124.61000061035156,127.45999908447266,6259700.0,4.0,-0.3015893374757326,130.64617950831882,119.22181975925929,52.52370590161561,76.77754619011881,4.451092971516531,124.50966669718424,127.39599965413412,24.860000610351562,13.72205195492741
90,2020-11-06,GS,204.33999633789062,204.38999938964844,200.4199981689453,187.29672241210938,2475100.0,4.0,-1.2716343722919135,201.9799939302165,173.4166323515218,50.30782216662884,3.124053150193415,8.161074129872736,187.70994618733724,187.5450871785482,24.860000610351562,13.72205195492741
90,2020-11-06,HD,286.7300109863281,286.7799987792969,282.8500061035156,264.5694885253906,2839100.0,4.0,0.05723782345722839,274.64371237204466,248.26451974465456,54.56077123042417,52.30648267471583,1.5958042761982285,260.89408416748046,260.26349487304685,24.860000610351562,13.72205195492741
90,2020-11-06,HON,183.52999877929688,186.0,182.8800048828125,173.87445068359375,3080300.0,4.0,2.870884971456263,174.61650285833778,152.3234843242794,61.311134909679,187.5718777559214,28.723838133621882,161.76949361165364,158.24520263671874,24.860000610351562,13.72205195492741
90,2020-11-06,IBM,110.01911926269531,110.03823852539062,108.4034423828125,93.9246597290039,5490663.0,4.0,-2.14681400267213,106.91054275172753,85.53123810154396,44.9390872698449,-58.7218193842956,17.102435332169897,98.0067537943522,99.64423243204753,24.860000610351562,13.72205195492741
90,2020-11-06,INTC,45.540000915527344,45.79999923706055,44.900001525878906,41.720001220703125,36233700.0,4.0,-1.625907382698358,52.936338515787355,36.91124868819213,39.77120844624391,-91.56437382144583,27.739924493843965,45.752922693888344,45.53722979227702,24.860000610351562,13.72205195492741
90,2020-11-06,JNJ,140.39999389648438,143.19000244140625,139.64999389648438,131.35711669921875,5942500.0,4.0,-1.94755186088193,140.13507580574907,124.43438449088177,46.24901899677032,-64.88785058988101,6.94099844797651,133.7097318013509,135.70658963521322,24.860000610351562,13.72205195492741
90,2020-11-06,JPM,105.02999877929688,105.0999984741211,102.38999938964844,94.54638671875,12552800.0,4.0,0.8043356599441012,96.51227101867201,88.65389872009752,53.878382392321456,119.79562373205442,8.19974197634091,91.65722961425782,90.92300834655762,24.860000610351562,13.72205195492741
90,2020-11-06,KO,49.650001525878906,49.9900016784668,49.25,45.14255905151367,9294900.0,4.0,-0.12715896492309042,46.900365203155616,43.684174591766265,51.45401589025855,-6.663340051442104,6.138484289148998,45.2654914855957,45.02369734446208,24.860000610351562,13.72205195492741
90,2020-11-06,MCD,216.0,217.88999938964844,214.25,202.50027465820312,3916100.0,4.0,-1.6246892282344163,219.93031557481328,195.85821591932734,50.22305606282068,-90.62658445855732,27.821124960808575,208.03998057047525,204.30353342692058,24.860000610351562,13.72205195492741
90,2020-11-06,MMM,163.66000366210938,164.3000030517578,161.57000732421875,143.9405517578125,1685000.0,4.0,-0.7475743325683766,153.97300005983658,138.54366101194074,49.773640903511755,-35.242465548278055,17.38387813628124,145.4586629231771,145.348060353597,24.860000610351562,13.72205195492741
90,2020-11-06,MRK,75.81106567382812,77.42366027832031,75.81106567382812,69.69124603271484,6945515.0,4.0,-0.5271591876971087,71.24840779296136,65.22884821900152,50.20955926114166,27.587861313975097,11.785462867264814,68.95988133748372,71.0118802388509,24.860000610351562,13.72205195492741
90,2020-11-06,MSFT,222.25999450683594,224.36000061035156,218.02999877929688,217.7410430908203,25231900.0,4.0,1.0036120739717376,222.57878010040162,194.4295908712781,56.47843640039762,121.13006555318165,5.670983533012833,207.07331034342448,206.6502446492513,24.860000610351562,13.72205195492741
90,2020-11-06,NKE,129.91000366210938,129.91000366210938,128.35000610351562,125.13170623779297,2954000.0,4.0,0.7978895019640646,129.28060235412352,117.58319616882572,59.12785521728219,53.97610700331414,6.591812605544749,123.57136713663736,117.19179789225261,24.860000610351562,13.72205195492741
90,2020-11-06,PG,142.6699981689453,144.07000732421875,142.3800048828125,133.7952880859375,4702300.0,4.0,0.5219599075180952,136.0127309447629,128.1633631104129,59.05231911418923,73.79347234068506,5.45140186347349,131.28339589436848,129.5494639078776,24.860000610351562,13.72205195492741
90,2020-11-06,TRV,127.83999633789062,129.0800018310547,126.56999969482422,118.7630844116211,1044200.0,4.0,3.114156486121786,122.87494477607547,102.30266447685423,59.0321703604477,124.77864575170673,21.868505164398996,109.68846232096354,107.6533977508545,24.860000610351562,13.72205195492741
90,2020-11-06,UNH,350.3599853515625,352.0,344.57000732421875,333.23004150390625,2994900.0,4.0,6.170089500465224,339.2105132864977,285.5809265328382,60.288897331457896,182.91352163930526,30.661131533204898,308.97064615885415,302.3483072916667,24.860000610351562,13.72205195492741
90,2020-11-06,V,197.35000610351562,199.67999267578125,195.42999267578125,194.35557556152344,6180500.0,4.0,-2.215219058425987,205.18683704398651,176.29438091255648,50.830029427943316,5.515906959667515,3.0374621651021543,193.11811014811198,196.56252950032552,24.860000610351562,13.72205195492741
90,2020-11-06,VZ,58.08000183105469,58.75,58.0099983215332,49.45394515991211,11986200.0,4.0,-0.17218208603531338,50.184172850253915,47.383637208339835,52.65086341142958,12.524150188200121,10.2445613780824,49.112033462524415,49.489407539367676,24.860000610351562,13.72205195492741
90,2020-11-06,WBA,37.689998626708984,38.16999816894531,37.16999816894531,32.41650390625,6370700.0,4.0,-0.013156970884203645,33.96115337942241,29.56249678995015,50.314072272893675,93.93383324751882,13.540744016592193,31.64351723988851,32.08236474990845,24.860000610351562,13.72205195492741
90,2020-11-06,WMT,144.36000061035156,146.22000122070312,143.5500030517578,139.15333557128906,5399500.0,4.0,0.6605369825086882,140.31647126664544,132.7427206278858,58.20245944340357,106.20313629825945,15.769411713893897,135.73806711832682,133.23922157287598,24.860000610351562,13.72205195492741
91,2020-11-09,AAPL,120.5,121.98999786376953,116.05000305175781,114.45191955566406,154515300.0,0.0,-0.025311557514086758,121.23317391362264,106.53044608149455,52.36309372270197,57.15905331264966,13.639628215363825,113.9272336324056,114.79029159545898,25.75,311.8872478829968
91,2020-11-09,AMGN,242.94000244140625,244.8000030517578,234.0,213.79339599609375,2996200.0,0.0,-2.909771384285733,220.38138870557233,194.68438125292377,49.30789909168774,18.875457189415545,15.477721329564616,213.74183807373046,218.67409744262696,25.75,311.8872478829968
91,2020-11-09,AXP,110.54000091552734,119.80999755859375,110.19000244140625,112.86278533935547,17261700.0,0.0,0.07599352721544506,108.3038057631136,83.62639519513836,63.23674354653916,231.40724979937556,40.058398248308,96.86425755818685,96.75526580810546,25.75,311.8872478829968
91,2020-11-09,BA,179.0,184.4600067138672,172.16000366210938,179.36000061035156,49014400.0,0.0,-0.9605668690961977,177.68359280869873,141.97341097548093,56.23864674961651,171.82695602989295,30.223991607440986,161.9800013224284,163.9775011698405,25.75,311.8872478829968
91,2020-11-09,CAT,174.02999877929688,176.3699951171875,170.1199951171875,161.0298309326172,5969600.0,0.0,2.4121241835601666,163.8070315355463,143.41254701669982,59.296985576616684,136.63845099908622,22.921800756134445,150.2294937133789,143.438484954834,25.75,311.8872478829968
91,2020-11-09,CRM,260.95001220703125,270.9200134277344,257.25,259.2799987792969,8777500.0,0.0,0.7787525656888477,271.42310615631436,229.61888908294347,56.667898250316284,89.34306616252998,16.03844683233372,252.18033294677736,247.62450052897137,25.75,311.8872478829968
91,2020-11-09,CSCO,39.91999816894531,40.22999954223633,38.119998931884766,34.912174224853516,42649500.0,0.0,-0.5893582913899422,37.538241116118456,31.82731674520967,45.07671341756865,24.9842677019944,20.782967538048915,35.043874486287436,35.9812505086263,25.75,311.8872478829968
91,2020-11-09,CVX,80.0,84.2699966430664,78.26000213623047,69.77709197998047,24015200.0,0.0,-0.23536336875899622,67.4490941403186,58.79383684417846,54.26695286019907,370.6068294255578,27.9677000064816,63.40722389221192,67.17553730010987,25.75,311.8872478829968
91,2020-11-09,DIS,140.25999450683594,147.67999267578125,138.07000732421875,142.58999633789062,35634700.0,0.0,1.159642939520083,135.5612262651836,116.06877251411328,63.69753429720398,476.7519815565068,49.99473274738908,125.06299997965495,127.59699961344401,25.75,311.8872478829968
91,2020-11-09,GS,214.49000549316406,218.0,209.3699951171875,200.018310546875,6960500.0,0.0,0.04018499684960375,202.1495643470738,173.32243730087544,57.28781396653096,145.7130903262983,32.24197328256112,188.20193328857422,187.6724510192871,25.75,311.8872478829968
91,2020-11-09,HD,287.9800109863281,288.4200134277344,269.4700012207031,251.28701782226562,7856400.0,0.0,-0.6343019047215535,274.3224812954931,247.00897774991702,47.14305500156435,-56.99265577366156,24.250537268679707,260.8208623250326,260.1221954345703,25.75,311.8872478829968
91,2020-11-09,HON,204.89999389648438,210.0,193.4199981689453,185.87686157226562,7735200.0,0.0,4.280531554346425,179.48110103265935,149.49986362798518,66.93505374404612,354.34655783752595,57.403264018328294,162.78699391682943,158.82251993815103,25.75,311.8872478829968
91,2020-11-09,IBM,112.69598388671875,114.47418975830078,110.20076751708984,96.53160858154297,9405841.0,0.0,-1.780892085568368,105.71755495256697,85.90022458844867,48.06512390582059,-19.083206098537058,0.12127473275790387,97.88253300984701,99.53352915445963,25.75,311.8872478829968
91,2020-11-09,INTC,46.63999938964844,47.349998474121094,45.540000915527344,41.913021087646484,48481700.0,0.0,-1.5569818601616916,52.420342362883815,36.70195377969431,40.354375077362654,-69.89857713729148,11.201812318339572,45.585680389404295,45.492238171895345,25.75,311.8872478829968
91,2020-11-09,JNJ,148.42999267578125,148.99000549316406,144.9199981689453,134.8938751220703,12351600.0,0.0,-1.4300554099249894,139.05660759980762,124.98096335356153,51.24795544182774,34.99171940669786,17.40016776739578,133.67802708943685,135.68843040466308,25.75,311.8872478829968
91,2020-11-09,JPM,113.16000366210938,118.9000015258789,110.3499984741211,107.34723663330078,47792400.0,0.0,1.9009829588922145,100.92869379046331,85.56531255719293,64.20158923544989,426.1998663639656,43.21862110066345,92.3191312154134,91.15918362935385,25.75,311.8872478829968
91,2020-11-09,KO,52.5,53.2599983215332,52.06999969482422,47.99078369140625,33442000.0,0.0,0.1232123180802418,47.28792601121707,43.431721968519255,60.67053634726999,275.50473407664583,29.89128636106186,45.36560554504395,45.09230194091797,25.75,311.8872478829968
91,2020-11-09,MCD,226.7899932861328,227.85000610351562,207.1699981689453,199.37713623046875,7981200.0,0.0,-1.8716757161575686,219.78068295610896,194.8025384794379,47.24262627202527,-86.81910566645637,8.985734247857419,207.82055002848307,204.41876907348632,25.75,311.8872478829968
91,2020-11-09,MMM,174.1300048828125,175.42999267578125,163.14999389648438,144.30255126953125,4418100.0,0.0,-0.6882773677902492,153.68396174396392,138.37178929363373,50.11376589945222,42.66096887490835,18.10417698887555,145.51075541178386,145.33081614176433,25.75,311.8872478829968
91,2020-11-09,MRK,80.8969497680664,81.26908111572266,76.66984558105469,69.81267547607422,11184046.0,0.0,-0.36463606029717255,71.26728001697677,65.22211893932206,50.50441309806195,105.75508241854682,31.687418153072294,68.89454981486003,70.97752024332682,25.75,311.8872478829968
91,2020-11-09,MSFT,224.44000244140625,228.1199951171875,217.8800048828125,212.55348205566406,44395000.0,0.0,1.3000971264506518,222.18529494767301,194.53011795515903,53.6592818387939,105.07321684511139,12.694875398487035,207.3636708577474,206.81235580444337,25.75,311.8872478829968
91,2020-11-09,NKE,135.05999755859375,136.35000610351562,128.77000427246094,125.18023681640625,7491700.0,0.0,0.9241417689678713,129.2199459875358,117.59434157960288,59.17261613946561,122.73098231532389,29.022900901379163,123.72118860880533,117.55996449788411,25.75,311.8872478829968
91,2020-11-09,PG,146.14999389648438,146.9199981689453,137.60000610351562,128.9004364013672,12664700.0,0.0,0.2669963580803767,135.85662529308,127.78681495350205,50.57324804709932,-5.043867833855142,17.76856857573114,131.30650278727214,129.60607223510743,25.75,311.8872478829968
91,2020-11-09,TRV,138.4499969482422,138.47000122070312,134.1300048828125,125.5709228515625,2734300.0,0.0,3.7038356389092115,125.06513684357644,101.77141482268333,63.678573565565046,195.67939265922436,43.21460695169286,110.43844655354818,107.91159540812174,25.75,311.8872478829968
91,2020-11-09,UNH,366.30999755859375,367.95001220703125,348.9800109863281,335.66595458984375,4635300.0,0.0,7.208877072217319,342.09082075111473,284.62158159263527,60.95191230734946,213.30887292978846,41.10241065365557,310.4657958984375,302.7899210611979,25.75,311.8872478829968
91,2020-11-09,V,214.69000244140625,217.64999389648438,212.27999877929688,208.27101135253906,17916900.0,0.0,-0.5001738194753216,206.72376443831064,175.37243612321282,58.52601343368242,193.60964941947148,33.99321775391624,193.52156931559244,196.82432072957357,25.75,311.8872478829968
91,2020-11-09,VZ,60.040000915527344,60.58000183105469,59.5099983215332,50.5608024597168,24265900.0,0.0,-0.016101777136036333,50.25588391639381,47.33642946861595,57.54888250800228,127.04343918552108,15.86494764561337,49.14316546122233,49.512915738423665,25.75,311.8872478829968
91,2020-11-09,WBA,39.47999954223633,40.72999954223633,38.54999923706055,34.56254196166992,12109900.0,0.0,0.21773895595972093,34.41579428087324,29.355476661814745,55.63423529454901,237.81116694335645,33.687823365438305,31.75096435546875,32.058418114980064,25.75,311.8872478829968
91,2020-11-09,WMT,148.0,148.1999969482422,143.47999572753906,137.02455139160156,9399500.0,0.0,0.6845501302853734,140.2503855938886,132.741026759627,55.17766421337479,100.77549600211525,24.65635643073071,135.93821563720704,133.41327845255535,25.75,311.8872478829968
92,2020-11-10,AAPL,115.55000305175781,117.58999633789062,114.12999725341797,114.10752868652344,138023400.0,1.0,0.04504455635719751,120.59662063713589,106.68275863532506,52.10128138736329,-4.203793722712475,6.438303910984447,113.99533818562826,114.81587219238281,24.799999237060547,50.66648893713279
92,2020-11-10,AMGN,244.0,245.83999633789062,239.47000122070312,219.79779052734375,3742800.0,1.0,-1.725025194193222,220.8556478190944,194.41572669262436,52.61097240530092,50.38928156278006,17.09321575735987,213.53865814208984,218.6527178446452,24.799999237060547,50.66648893713279
92,2020-11-10,AXP,118.58999633789062,119.88999938964844,115.12000274658203,111.49730682373047,7056800.0,1.0,1.299011864186184,110.51175583161135,82.47043334685544,61.91155237534742,222.60898703672785,40.178087515598946,97.46065928141276,97.05665855407715,24.799999237060547,50.66648893713279
92,2020-11-10,BA,182.8000030517578,193.9499969482422,180.3800048828125,188.69000244140625,46404300.0,1.0,1.460362904525084,183.19290100727346,139.119103082082,59.22765270742235,236.7279274596409,39.18668075211716,162.81633453369142,164.25550130208333,24.799999237060547,50.66648893713279
92,2020-11-10,CAT,171.89999389648438,174.99000549316406,170.77000427246094,162.42501831054688,3499100.0,1.0,2.978449351229159,165.0246481519268,143.2473718065693,59.91817541761957,132.03114560579763,22.921800756134438,151.03973083496095,143.97930730183919,24.799999237060547,50.66648893713279
92,2020-11-10,CRM,258.05999755859375,259.0,242.89999389648438,247.66000366210938,6863200.0,1.0,0.5144790069508076,269.024168898484,230.1008280497582,52.12158293565354,-24.35086864069303,4.425171165864074,252.1873331705729,248.47316716512043,24.799999237060547,50.66648893713279
92,2020-11-10,CSCO,38.209999084472656,39.029998779296875,38.16999816894531,35.38741683959961,31514500.0,1.0,-0.4451535969412319,37.396796193602796,31.869143137451886,47.21149434636599,12.892242719797471,20.78296753804893,35.04439163208008,35.935777473449704,24.799999237060547,50.66648893713279
92,2020-11-10,CVX,81.13999938964844,83.1500015258789,79.70999908447266,73.0022964477539,15039700.0,1.0,0.5226388917498781,69.72046603463959,57.372268111478576,57.94865644802628,332.79608341403144,27.96770000648161,63.734431711832684,67.08165162404379,24.799999237060547,50.66648893713279
92,2020-11-10,DIS,139.97000122070312,142.3699951171875,137.6699981689453,142.11000061035156,18115400.0,1.0,2.2529774809578953,138.596310659083,114.34868750986232,63.20930037728555,322.52619143939705,48.454144795706476,125.61999994913737,127.80933303833008,24.799999237060547,50.66648893713279
92,2020-11-10,GS,215.25,218.3800048828125,211.17999267578125,202.38211059570312,4166500.0,1.0,1.256071002244738,203.45630120844135,172.63549414067973,58.41071378458442,149.96252805664113,32.76813084526717,188.84344126383465,187.91475474039714,24.799999237060547,50.66648893713279
92,2020-11-10,HD,272.7900085449219,275.7900085449219,269.25,256.4994812011719,4828500.0,1.0,-0.7530689788552536,272.9682865608004,246.98652148363317,49.90775261778795,-91.52885506012767,24.555820945416087,260.92821400960287,259.94909922281903,24.799999237060547,50.66648893713279
92,2020-11-10,HON,199.41000366210938,203.02000427246094,198.1300048828125,190.58531188964844,5882200.0,1.0,5.711777403247055,184.84578143411065,147.00651196188542,68.77693386933429,305.36511713051004,57.403264018328294,163.965532430013,159.50221557617186,24.799999237060547,50.66648893713279
92,2020-11-10,IBM,111.55831909179688,112.97322845458984,111.13766479492188,98.52021026611328,5881449.0,1.0,-1.3152711661559096,104.99200641882585,86.17441280114484,50.29209542263287,-11.750067959378667,0.12127473275790199,97.84628728230794,99.4673620859782,24.799999237060547,50.66648893713279
92,2020-11-10,INTC,45.400001525878906,46.47999954223633,45.25,41.765953063964844,39224500.0,1.0,-1.496968921486065,51.83976745221927,36.54709282304929,40.048730446689575,-72.41505349406178,13.44307458852956,45.42083587646484,45.444187037150066,24.799999237060547,50.66648893713279
92,2020-11-10,JNJ,147.25,148.75,146.25999450683594,136.92538452148438,7386500.0,1.0,-0.8462548149493614,139.0419751194176,124.9882075282875,53.80101168374838,55.54527166622684,17.400167767395782,133.71557846069337,135.6926634470622,24.799999237060547,50.66648893713279
92,2020-11-10,JPM,117.3499984741211,117.44999694824219,114.69000244140625,106.99827575683594,20539300.0,1.0,2.7106786022943368,103.79391710342195,84.14546583114837,63.79888667695208,369.13976096219403,43.21862110066344,92.99396591186523,91.4304859161377,24.799999237060547,50.66648893713279
92,2020-11-10,KO,52.56999969482422,54.279998779296875,52.45000076293945,49.277957916259766,29706700.0,1.0,0.42064859115571807,48.1344951997379,42.928400765838276,63.876711973107106,302.7004166306285,37.0199536829109,45.51958020528158,45.185981559753415,24.799999237060547,50.66648893713279
92,2020-11-10,MCD,215.75,215.99000549316406,211.33999633789062,199.4706268310547,4255600.0,1.0,-2.0363960708522484,219.32947420654696,193.9418331664999,47.33940090388643,-114.26705483570181,8.985734247857415,207.65348358154296,204.5101526896159,24.799999237060547,50.66648893713279
92,2020-11-10,MMM,165.19000244140625,169.27000427246094,163.86000061035156,149.34426879882812,3500400.0,1.0,-0.23178772219068833,153.92486661260605,138.35250612909314,54.54832574125343,37.0652303364192,18.104176988875558,145.7853556315104,145.4178716023763,24.799999237060547,50.66648893713279
92,2020-11-10,MRK,78.03434753417969,78.27290344238281,77.29962158203125,70.34168243408203,8593914.0,1.0,-0.19094774377184365,71.33054195178403,65.1935463355695,51.791030145398025,79.18374120353072,31.6874181530723,68.87171223958333,70.93360964457194,24.799999237060547,50.66648893713279
92,2020-11-10,MSFT,214.5,216.5,209.72000122070312,205.37071228027344,44045100.0,1.0,0.944585580054536,221.05897557256944,194.50310481073134,50.078795041906886,-11.113968936102086,3.904847231329374,207.4853302001953,206.83242314656576,24.799999237060547,50.66648893713279
92,2020-11-10,NKE,130.0500030517578,130.1199951171875,126.25,123.97650909423828,8014700.0,1.0,0.9165019687669371,129.07759325688488,117.59205014521473,57.55530706706435,12.411857979335112,17.245720165601153,123.76519673665365,117.92049992879232,24.799999237060547,50.66648893713279
92,2020-11-10,PG,138.10000610351562,140.6199951171875,137.14999389648438,131.0209197998047,7854000.0,1.0,0.23335126870304634,135.59301111644518,127.75583379322276,53.56144107441809,-64.11764592987122,19.55131052349769,131.42351633707682,129.69182866414388,24.799999237060547,50.66648893713279
92,2020-11-10,TRV,135.27999877929688,136.82000732421875,134.10000610351562,127.51602935791016,1591100.0,1.0,4.2787912133782555,127.14289252105239,101.88843987640855,64.85665270101204,178.66910127233928,43.081108431012474,111.33992385864258,108.2438237508138,24.799999237060547,50.66648893713279
92,2020-11-10,UNH,349.489990234375,355.8999938964844,348.1700134277344,339.20489501953125,3733200.0,1.0,8.222898171858901,345.36429030557696,283.48391220907143,61.90774696367415,172.30010103227616,39.95831575513842,312.04949951171875,303.34129638671874,24.799999237060547,50.66648893713279
92,2020-11-10,V,211.94000244140625,214.05999755859375,210.5500030517578,208.88792419433594,7943600.0,1.0,0.8984349997829497,208.65576198180253,174.32079899231854,58.821599485944546,161.11217306205106,29.730941211028174,193.9743174235026,197.0508580525716,24.799999237060547,50.66648893713279
92,2020-11-10,VZ,60.279998779296875,61.40999984741211,60.20000076293945,51.62541198730469,22051800.0,1.0,0.19129297736055406,50.714764298724845,47.024567137432385,61.510500914186544,178.1186395686341,24.530607024870406,49.213128662109376,49.55430685679118,24.799999237060547,50.66648893713279
92,2020-11-10,WBA,39.79999923706055,43.7599983215332,39.54999923706055,36.79546356201172,18133200.0,1.0,0.5742837675489199,35.49005272063557,28.817293432623707,60.21908986581921,341.1818404712903,48.78682562040114,31.95282548268636,32.08213752110799,24.799999237060547,50.66648893713279
92,2020-11-10,WMT,143.75,146.44000244140625,143.52999877929688,138.95289611816406,6066400.0,1.0,0.8493907783229986,140.11688255885775,132.8105756320602,57.259152948216226,99.92492375122751,24.65635643073071,136.20614369710287,133.57174326578777,24.799999237060547,50.66648893713279
93,2020-11-11,AAPL,117.19000244140625,119.62999725341797,116.44000244140625,117.57100677490234,112295000.0,2.0,0.37594238987223605,120.31125707690103,106.82139062817708,54.46965296325206,62.97321447169065,12.720160562483187,114.12257715861003,114.88354326883952,23.450000762939453,18.920594205453423
93,2020-11-11,AMGN,242.52000427246094,245.6699981689453,238.5,218.96994018554688,2244800.0,2.0,-0.8431861814242438,221.42223800497797,194.12570358437748,52.12652949749012,50.243972676438155,14.903573112865685,213.13017730712892,218.64043680826822,23.450000762939453,18.920594205453423
93,2020-11-11,AXP,115.93000030517578,116.0,110.30000305175781,106.8528060913086,5642700.0,2.0,1.871912077013505,111.45438175552745,82.13457622176746,57.65987634808008,144.38001677988137,24.205395879228682,97.82244364420573,97.29468777974446,23.450000762939453,18.920594205453423
93,2020-11-11,BA,189.88999938964844,190.0,180.41000366210938,182.14999389648438,29907800.0,2.0,2.818750359995022,186.05427777199097,138.14872515769653,56.43262490393286,185.41290400393575,39.18668075211717,163.37933451334635,164.45416793823242,23.450000762939453,18.920594205453423
93,2020-11-11,CAT,172.3800048828125,172.74000549316406,167.47000122070312,159.74778747558594,2345500.0,2.0,3.174640691186852,165.62126788052743,143.2958570584374,58.15631622510964,97.38382245650776,14.58841573175032,151.70638275146484,144.48097508748373,23.450000762939453,18.920594205453423
93,2020-11-11,CRM,253.50999450683594,256.739990234375,251.2100067138672,254.17999267578125,4163400.0,2.0,0.8216771485520837,267.91357568640706,230.4464218721867,54.2519723622102,12.571882022241626,4.425171165864066,252.282666015625,249.30933380126953,23.450000762939453,18.920594205453423
93,2020-11-11,CSCO,39.0099983215332,39.45000076293945,38.439998626708984,35.94491958618164,27332800.0,2.0,-0.2826265819399296,37.308883249474476,31.90587657718568,49.58928986328094,37.241180605535156,25.168922561041583,35.05353101094564,35.901256243387856,23.450000762939453,18.920594205453423
93,2020-11-11,CVX,84.0999984741211,84.48999786376953,81.80000305175781,72.46623229980469,11640600.0,2.0,1.0677963559389667,71.31733235852141,56.6111447380362,57.157477895979525,295.2836669441535,31.84444440109171,64.04084129333496,67.00592784881592,23.450000762939453,18.920594205453423
93,2020-11-11,DIS,141.47000122070312,142.0,136.6199951171875,137.82000732421875,9600900.0,2.0,2.741681973720972,140.17801018907528,113.88998907850286,59.02625069328665,234.32844019582953,44.295539328765486,126.07800013224283,127.95766652425131,23.450000762939453,18.920594205453423
93,2020-11-11,GS,218.63999938964844,219.9199981689453,215.02999877929688,202.92185974121094,2680700.0,2.0,2.237430955375487,204.74401037017248,171.98246515472988,58.66739052750872,156.18118430723015,34.95616722340138,189.37327372233074,188.19318822224935,23.450000762939453,18.920594205453423
93,2020-11-11,HD,277.32000732421875,281.69000244140625,276.1700134277344,258.52862548828125,2987900.0,2.0,-0.6756690627078683,272.08701943819915,246.99842825467192,50.94112379720488,-27.412342663459224,11.655665091905643,260.92945404052733,259.8598215738932,23.450000762939453,18.920594205453423
93,2020-11-11,HON,202.3000030517578,202.9499969482422,198.33999633789062,188.04710388183594,3238500.0,2.0,6.565554254004695,188.44370707185217,145.84492513029628,66.70477551065527,247.12452289343435,57.403264018328294,165.0563171386719,160.16131006876628,23.450000762939453,18.920594205453423
93,2020-11-11,IBM,112.92543029785156,113.14531707763672,111.1089859008789,97.92696380615234,4486922.0,2.0,-0.9828041102466614,103.9748783088395,86.61167259448081,49.63526013878821,-12.275107449697842,0.7682744798556378,97.7702252705892,99.38471870422363,23.450000762939453,18.920594205453423
93,2020-11-11,INTC,45.900001525878906,46.459999084472656,45.86000061035156,42.602378845214844,31496900.0,2.0,-1.3661673383044715,51.228270635265915,36.53234719310322,42.60627364796039,-59.2409765838034,13.443074588529575,45.26592623392741,45.4143346786499,23.450000762939453,18.920594205453423
93,2020-11-11,JNJ,149.1699981689453,149.1999969482422,146.86000061035156,136.482177734375,6382400.0,2.0,-0.4145727840689233,138.98973970455296,125.01274213748805,53.17256851328044,60.274058697993425,19.034004094150035,133.6823356628418,135.672692489624,23.450000762939453,18.920594205453423
93,2020-11-11,JPM,116.88999938964844,116.95999908447266,113.95999908447266,105.40047454833984,14443400.0,2.0,3.1867046811789663,105.65408995199553,83.62231233071932,61.95808970043891,277.3118048610491,39.99064420177071,93.58763860066732,91.69623629252116,23.450000762939453,18.920594205453423
93,2020-11-11,KO,53.93000030517578,54.29999923706055,53.33000183105469,48.91279983520508,17399900.0,2.0,0.619759572527812,48.70059911474465,42.67815721765281,62.38422379933974,264.2568575786471,37.1538960511418,45.64768956502279,45.270405832926436,23.450000762939453,18.920594205453423
93,2020-11-11,MCD,214.80999755859375,219.25,214.3000030517578,203.865478515625,4126900.0,2.0,-1.7916572278028866,218.58805298252935,193.78558135584956,51.652157871430575,-64.53101207603875,17.83482295749341,207.6076644897461,204.6492192586263,23.450000762939453,18.920594205453423
93,2020-11-11,MMM,170.72999572753906,170.74000549316406,167.60000610351562,149.4060821533203,2884400.0,2.0,0.13343329591307906,154.01635018150728,138.33254203040678,54.59951246999381,66.82870760205057,21.677801693175418,146.0511271158854,145.51076939900716,23.450000762939453,18.920594205453423
93,2020-11-11,MRK,78.12023162841797,78.12023162841797,76.89885711669922,70.2983169555664,5741678.0,2.0,-0.05615046564899728,71.41228627557007,65.15949946051393,51.67711352654098,74.0356255724158,28.241871326094977,68.817076365153,70.89184583028158,23.450000762939453,18.920594205453423
93,2020-11-11,MSFT,212.38999938964844,218.0399932861328,212.1999969482422,210.7626953125,29440800.0,2.0,1.085416085248795,220.49985968770406,194.64274285135846,52.538152667433266,27.56008508230792,0.9063253368887504,207.68712259928387,206.922775777181,23.450000762939453,18.920594205453423
93,2020-11-11,NKE,128.69000244140625,129.8000030517578,127.18000030517578,123.92796325683594,6058700.0,2.0,0.8961993010245237,129.07759325688488,117.59205014521473,57.48975148549501,16.824176841556998,17.24572016560116,123.83379796346028,118.25907796223959,23.450000762939453,18.920594205453423
93,2020-11-11,PG,141.85000610351562,143.0,140.64999389648438,132.71168518066406,5554300.0,2.0,0.33920775306339124,135.44186177624056,127.79725870715788,55.76722268649997,25.000249995769288,6.498303484145083,131.54331665039064,129.79012718200684,23.450000762939453,18.920594205453423
93,2020-11-11,TRV,136.08999633789062,136.60000610351562,133.85000610351562,126.20684051513672,966300.0,2.0,4.576057112317926,128.36913756522955,102.80647888984856,63.42430178844546,159.55337054459048,41.9027428474997,112.17438303629557,108.5693925221761,23.450000762939453,18.920594205453423
93,2020-11-11,UNH,356.1600036621094,356.80999755859375,349.4100036621094,337.29638671875,2048200.0,2.0,8.771405229671302,348.2874128555329,283.42353990325614,61.073717455627296,152.40561692928557,40.53733778949727,313.32599080403645,303.9197621663412,23.450000762939453,18.920594205453423
93,2020-11-11,V,212.1699981689453,214.27999877929688,211.6699981689453,208.29058837890625,5337200.0,2.0,1.9363218444121344,210.55220301624138,173.45259129528205,58.404659400051386,150.14404876176172,30.033488165918993,194.38985392252604,197.274294535319,23.450000762939453,18.920594205453423
93,2020-11-11,VZ,61.290000915527344,61.349998474121094,60.470001220703125,51.54092788696289,12196900.0,2.0,0.3448622957866263,51.170136636246596,46.78634377146825,61.042845276749205,166.59151960337013,24.530607024870406,49.273308690388994,49.58871644337972,23.450000762939453,18.920594205453423
93,2020-11-11,WBA,42.52000045776367,42.75,41.310001373291016,36.00480651855469,7338300.0,2.0,0.7840110920504557,36.11134848295893,28.67646699250494,58.02268040047397,288.6324200746785,48.78682562040114,32.11269238789876,32.091984335581465,23.450000762939453,18.920594205453423
93,2020-11-11,WMT,146.9199981689453,148.9600067138672,146.39999389648438,141.26303100585938,6268600.0,2.0,1.153144031749008,140.8816036852094,132.43151582162656,59.58508574716854,191.7032773619538,34.67935213014748,136.4629333496094,133.7828707377116,23.450000762939453,18.920594205453423
94,2020-11-12,AAPL,119.62000274658203,120.52999877929688,118.56999969482422,117.29549407958984,103162300.0,3.0,0.6089303647679571,120.07090468596195,106.93460755158688,54.24891884800688,81.93813903661695,15.398972064367788,114.20854517618815,114.94424883524577,25.350000381469727,14.091163921127544
94,2020-11-12,AMGN,240.5500030517578,240.88999938964844,235.63999938964844,215.74026489257812,2438200.0,3.0,-0.4003156257717251,221.7252773010369,194.0164417541389,50.25882199236838,29.482530785794744,8.508259481005089,212.5767400105794,218.58964157104492,25.350000381469727,14.091163921127544
94,2020-11-12,AXP,109.81999969482422,112.12000274658203,109.55000305175781,106.83355712890625,4941200.0,3.0,2.297897658985576,112.37723029853322,81.85311332939648,57.64290462750561,113.82034883067023,21.895128348355495,98.14911321004232,97.5288850148519,25.350000381469727,14.091163921127544
94,2020-11-12,BA,178.9499969482422,184.58999633789062,176.25,176.72000122070312,20288400.0,3.0,3.4177297158137208,187.54732277079697,137.90367973164442,54.234358592407034,131.70639426604998,30.772643062201844,163.67466786702474,164.57833455403645,25.350000381469727,14.091163921127544
94,2020-11-12,CAT,168.8300018310547,171.10000610351562,167.64999389648438,159.4366912841797,2185500.0,3.0,3.267356823278732,166.08162615935387,143.315511291818,57.951478816829564,86.76181979254343,14.588415731750326,152.43887227376302,144.98292287190756,25.350000381469727,14.091163921127544
94,2020-11-12,CRM,247.39999389648438,254.97000122070312,246.36000061035156,249.4199981689453,5607000.0,3.0,0.6732809495626952,267.0647210762248,230.46527617719312,52.488116677814126,-20.70180751883515,10.519508177093575,252.14833272298176,250.04783376057944,25.350000381469727,14.091163921127544
94,2020-11-12,CSCO,38.97999954223633,39.38999938964844,38.400001525878906,35.34172058105469,29368300.0,3.0,-0.20018822493262434,37.12065965869707,31.975287988397657,47.20917243049756,23.913689098531908,24.467399282328707,35.04957071940104,35.85834204355876,25.350000381469727,14.091163921127544
94,2020-11-12,CVX,80.9800033569336,82.23999786376953,79.91000366210938,70.8931655883789,8920700.0,3.0,1.3572586046806236,72.25840258661961,56.299297379811065,54.882794357129754,200.7797768340736,21.94890359518237,64.34109929402669,66.92214819590251,25.350000381469727,14.091163921127544
94,2020-11-12,DIS,136.33999633789062,138.49000549316406,134.10000610351562,135.52000427246094,13768200.0,3.0,2.9098498431390567,141.12418592354288,113.75981371024618,56.93648428963679,160.62549972431015,34.62079855887259,126.48500035603841,128.08683331807455,25.350000381469727,14.091163921127544
94,2020-11-12,GS,215.22000122070312,216.86000061035156,212.39999389648438,199.62747192382812,3005500.0,3.0,2.7180047570927,205.60079481381774,171.67567765932677,56.46697065327819,112.95085063230934,27.38769444007461,189.868364461263,188.39035237630208,25.350000381469727,14.091163921127544
94,2020-11-12,HD,283.0,283.69000244140625,273.8399963378906,257.1230773925781,3818600.0,3.0,-0.7194516652387506,271.0009830459645,247.03265800628162,50.199066386472,-35.242469654095416,15.356467913074528,260.88663787841796,259.78014272054037,25.350000381469727,14.091163921127544
94,2020-11-12,HON,197.5500030517578,199.30999755859375,195.67999267578125,186.9853057861328,2659800.0,3.0,7.074944767573498,191.29726141792872,145.40267907279394,65.84625787899004,190.26298789261133,49.27184876477787,166.14096120198568,160.8110430399577,25.350000381469727,14.091163921127544
94,2020-11-12,IBM,110.54492950439453,111.25238800048828,108.48948669433594,95.67097473144531,6797117.0,3.0,-0.8910891167303276,102.85840342033772,87.00915944587321,47.20969452536012,-39.76394759082684,8.840397151883444,97.6348871866862,99.27930068969727,25.350000381469727,14.091163921127544
94,2020-11-12,INTC,46.130001068115234,46.189998626708984,44.54999923706055,41.31557083129883,42881300.0,3.0,-1.3507699584226813,50.4828900711872,36.49542871543389,39.89745815286535,-71.53039113019582,23.420142040178636,45.054130935668944,45.36790237426758,25.350000381469727,14.091163921127544
94,2020-11-12,JNJ,147.61000061035156,148.64999389648438,146.75,136.94386291503906,4710300.0,3.0,-0.03480630347920055,139.1756916861219,124.92928954556756,53.7546799701106,58.84321231059493,18.421920547897074,133.71249974568684,135.6558297475179,25.350000381469727,14.091163921127544
94,2020-11-12,JPM,112.52999877929688,113.95999908447266,112.05999755859375,104.10569763183594,22063000.0,3.0,3.4200568159552063,106.95005067535567,83.39615141204666,60.494879013855154,195.063399921525,31.730098559602855,94.11692250569662,91.93691927591959,25.350000381469727,14.091163921127544
94,2020-11-12,KO,53.04999923706055,53.209999084472656,52.61000061035156,48.39244842529297,15024400.0,3.0,0.7271859033246031,49.07145979902311,42.582988900928065,60.3070376507937,180.53353371421107,26.778214771900878,45.764235178629555,45.36200491587321,25.350000381469727,14.091163921127544
94,2020-11-12,MCD,217.55999755859375,217.82000732421875,210.8800048828125,199.23687744140625,4253200.0,3.0,-1.9487256589377182,217.49776036480162,193.32645380756165,47.42091544323355,-98.67651228295124,6.249968304880939,207.4044418334961,204.72369257609049,25.350000381469727,14.091163921127544
94,2020-11-12,MMM,168.14999389648438,169.19000244140625,165.5800018310547,147.4989013671875,2216700.0,3.0,0.2659147340417576,153.81694845086247,138.35270334357114,52.70502254359047,27.768316221775425,14.348288240030637,146.2942362467448,145.57785975138347,25.350000381469727,14.091163921127544
94,2020-11-12,MRK,76.86068725585938,77.29007720947266,75.4103012084961,69.25762176513672,7464799.0,3.0,-0.03291859096425753,71.4752274781017,65.16593463127329,49.001376209297995,22.66336964428119,16.173199858695195,68.76561965942383,70.82599283854167,25.350000381469727,14.091163921127544
94,2020-11-12,MSFT,217.2100067138672,219.11000061035156,214.4600067138672,209.68235778808594,21593900.0,3.0,1.0972031903878872,220.005873343884,194.72600836998322,52.00710499855862,35.47926316244104,1.2111146978831728,207.78380126953124,207.01588617960613,25.350000381469727,14.091163921127544
94,2020-11-12,NKE,126.62000274658203,127.83999633789062,125.62999725341797,122.93778991699219,4780400.0,3.0,0.7910913684066117,128.8949690547356,117.54557507368237,56.140529854719915,-35.96799311794352,10.177254515815457,123.83379796346028,118.55822893778483,25.350000381469727,14.091163921127544
94,2020-11-12,PG,142.2899932861328,142.5500030517578,141.07000732421875,132.7864227294922,5631700.0,3.0,0.42424009937113283,135.32680343257144,127.82957321537779,55.86308865765887,22.69100982616002,6.4983034841450875,131.65786743164062,129.9011282602946,25.350000381469727,14.091163921127544
94,2020-11-12,TRV,133.97999572753906,133.97999572753906,131.19000244140625,123.81283569335938,1289500.0,3.0,4.565834202771981,128.8355874052779,104.18786916820844,60.88086080525245,124.38039735839526,29.749060089830692,112.94088770548503,108.88182284037272,25.350000381469727,14.091163921127544
94,2020-11-12,UNH,351.3999938964844,360.5199890136719,349.75,339.8953857421875,2907300.0,3.0,9.308515750001675,351.3519583022136,283.22078644876296,61.79873658234437,146.59244250876054,42.93562268615061,314.6475575764974,304.5639892578125,25.350000381469727,14.091163921127544
94,2020-11-12,V,211.42999267578125,212.5399932861328,207.13999938964844,204.2499237060547,7302500.0,3.0,2.405082482747048,211.74199027523565,173.14647408023308,55.64460647787185,108.2091489037771,18.777123753641145,194.56037139892578,197.39807103474934,25.350000381469727,14.091163921127544
94,2020-11-12,VZ,60.90999984741211,61.0099983215332,60.34000015258789,51.36349105834961,13293300.0,3.0,0.44709557835884794,51.527505191943945,46.651193157055076,60.05089829949005,140.40482387132693,22.27654907917705,49.32868893941244,49.62198022206624,25.350000381469727,14.091163921127544
94,2020-11-12,WBA,41.06999969482422,41.2400016784668,40.16999816894531,35.42269515991211,5858400.0,3.0,0.8929565388530989,36.48622497313555,28.573538744515815,56.45441972215078,195.77736846140658,35.52049111242918,32.25460357666016,32.09951442082723,25.350000381469727,14.091163921127544
94,2020-11-12,WMT,148.47999572753906,148.7100067138672,147.10000610351562,141.50167846679688,4188100.0,3.0,1.3970235117245124,141.55532786883387,132.1109975095841,59.81876494632628,178.965556736128,34.67935213014747,136.6268076578776,134.03456904093426,25.350000381469727,14.091163921127544
95,2020-11-13,AAPL,119.44000244140625,119.66999816894531,117.87000274658203,117.34469604492188,81581900.0,4.0,0.7884563666669635,120.14329463204864,106.90600193777557,54.28314478072233,64.06165359372103,12.527507169503751,114.41958872477214,114.96374257405598,23.100000381469727,33.77477668264154
95,2020-11-13,AMGN,236.88999938964844,238.58999633789062,235.0,217.40728759765625,1767100.0,4.0,0.08420659944115982,222.22762037265,193.80998643887347,51.192595770635606,30.07796422821089,7.082572319784431,212.381516011556,218.59331639607748,23.100000381469727,33.77477668264154
95,2020-11-13,AXP,112.33999633789062,115.63999938964844,112.20999908447266,110.57417297363281,4811500.0,4.0,2.9038568842240977,113.942740801346,81.25689222477705,60.00921206605872,143.95411316921295,28.56163054230253,98.59153264363607,97.82813886006673,23.100000381469727,33.77477668264154
95,2020-11-13,BA,179.0,187.27000427246094,178.7100067138672,187.11000061035156,19724500.0,4.0,4.6768989092526,190.78175119350055,136.64525075962445,57.51056001841512,160.50537491850127,33.53943723392845,164.30900115966796,164.87050120035806,23.100000381469727,33.77477668264154
95,2020-11-13,CAT,170.3000030517578,172.22000122070312,169.19000244140625,161.86880493164062,2120200.0,4.0,3.4967775958173775,166.624989313554,143.14775543742257,59.11608029453006,101.92494632904312,16.77651790005596,153.15155080159505,145.5338394165039,23.100000381469727,33.77477668264154
95,2020-11-13,CRM,252.83999633789062,253.7899932861328,247.55999755859375,249.50999450683594,5160000.0,4.0,0.5565225989661258,266.03246301608397,230.5935349087207,52.51831030758603,-20.484050926029195,10.519508177093572,252.20366566975912,250.7145004272461,23.100000381469727,33.77477668264154
95,2020-11-13,CSCO,41.20000076293945,41.52000045776367,40.560001373291016,37.836761474609375,49106400.0,4.0,0.06571617990005763,37.416065188376606,31.793210629494478,56.20386957346228,142.325393296007,42.737179177659414,35.144924290974934,35.85037085215251,23.100000381469727,33.77477668264154
95,2020-11-13,CVX,81.1500015258789,83.3499984741211,81.02999877929688,72.9671630859375,10890300.0,4.0,1.7340250260962051,73.59677171039817,55.85203772258523,57.205632169156814,200.99055858009106,25.461155102598127,64.68793449401855,66.8960771560669,23.100000381469727,33.77477668264154
95,2020-11-13,DIS,140.89999389648438,141.19000244140625,136.52000427246094,138.36000061035156,21062300.0,4.0,3.2349970288323675,142.53877003281704,113.50022990614777,58.79970989376764,177.96465791560135,39.28333921702093,127.0120002746582,128.25750007629395,23.100000381469727,33.77477668264154
95,2020-11-13,GS,215.85000610351562,220.9600067138672,215.41000366210938,203.8804168701172,2832100.0,4.0,3.402814543246393,207.48220936414333,170.99197276476292,58.5435074770226,141.77722301655433,33.59375599769387,190.46334126790364,188.67643610636392,23.100000381469727,33.77477668264154
95,2020-11-13,HD,276.4200134277344,279.7300109863281,275.260009765625,257.98876953125,3939200.0,4.0,-0.6764973323390677,269.7879313883264,247.2693028035681,50.6570345110166,-42.15588393891443,15.356467913074514,260.8202428181966,259.74853261311847,23.100000381469727,33.77477668264154
95,2020-11-13,HON,198.83999633789062,201.89999389648438,198.83999633789062,191.06173706054688,2355200.0,4.0,7.718599148897482,194.66631565081425,144.64026851666623,67.50715040844838,185.94717454044147,51.86027969215342,167.3007817586263,161.53941090901694,23.100000381469727,33.77477668264154
95,2020-11-13,IBM,110.12428283691406,112.20841217041016,109.95220184326172,97.63452911376953,4898000.0,4.0,-0.6524409617759517,101.53638701719437,87.72288803773726,49.43456960469485,-19.060709298927918,4.936655701020549,97.57927678426107,99.2160800933838,23.100000381469727,33.77477668264154
95,2020-11-13,INTC,44.9900016784668,45.58000183105469,44.970001220703125,41.78434371948242,30884700.0,4.0,-1.2859181060855818,49.54945943496441,36.66514971115375,41.30379033749991,-65.4461294711752,23.42014204017864,44.89537467956543,45.31650784810384,23.100000381469727,33.77477668264154
95,2020-11-13,JNJ,149.08999633789062,150.41000366210938,148.41000366210938,138.4213409423828,5893500.0,4.0,0.3809896855285615,139.5238693924155,124.74732735441066,55.582600422032876,88.34170032448951,25.016527133320565,133.82515691121418,135.64784406026203,23.100000381469727,33.77477668264154
95,2020-11-13,JPM,114.69999694824219,114.86000061035156,113.56999969482422,104.75768280029297,11847900.0,4.0,3.6159177689934836,108.23329376644189,83.26719070011085,60.97496406375903,181.91013140957594,33.71074010876229,94.6400380452474,92.20636227925618,23.100000381469727,33.77477668264154
95,2020-11-13,KO,53.25,53.5,52.88999938964844,48.79412841796875,12447900.0,4.0,0.8351076615888218,49.48626369210594,42.48039470938331,61.33511106998597,174.37244053106397,29.08793016111303,45.888692982991536,45.46060066223144,23.100000381469727,33.77477668264154
95,2020-11-13,MCD,213.75999450683594,214.38999938964844,212.33999633789062,199.43319702148438,3072100.0,4.0,-2.033916450060616,216.23136845039764,193.08830318046174,47.609224577585124,-97.7501821943637,6.249968304880942,207.11176147460938,204.79570490519205,23.100000381469727,33.77477668264154
95,2020-11-13,MMM,167.9199981689453,170.25999450683594,167.27999877929688,149.91819763183594,1812100.0,4.0,0.559672659851941,153.63957753168665,138.42588572514927,54.76471017784427,60.797450073170246,17.173336829391168,146.5717798868815,145.69985529581706,23.100000381469727,33.77477668264154
95,2020-11-13,MRK,76.56488800048828,78.10114288330078,76.0687026977539,70.32433319091797,7694206.0,4.0,0.07075194984496136,71.63247980909244,65.11795430345637,51.65560301923693,66.61326437064633,20.529236939396892,68.77400283813476,70.77791837056478,23.100000381469727,33.77477668264154
95,2020-11-13,MSFT,216.36000061035156,217.4199981689453,214.16000366210938,210.72373962402344,18621100.0,4.0,1.1770075566498974,219.59633473325056,194.82896433901504,52.486015056793974,28.683331767429543,0.5785561279504594,208.1186075846354,207.04719314575195,23.100000381469727,33.77477668264154
95,2020-11-13,NKE,127.91000366210938,128.60000610351562,126.83000183105469,124.52984619140625,3986100.0,4.0,0.8267282024238085,128.92031492201684,117.54741121323705,57.78829824545526,3.1918643358526126,12.928654461978063,123.88686650594076,118.89004872639974,23.100000381469727,33.77477668264154
95,2020-11-13,PG,142.2100067138672,144.47999572753906,141.8800048828125,134.77609252929688,6466800.0,4.0,0.6447463364984571,135.46067100903284,127.75990546801793,58.34913763127498,80.49368195894094,3.28642692241383,131.87342274983723,130.0285691579183,23.100000381469727,33.77477668264154
95,2020-11-13,TRV,133.77000427246094,135.08999633789062,132.6300048828125,125.89822387695312,1135000.0,4.0,4.672148254636369,129.46019777227932,105.55604749749608,62.24520282775414,131.36179369622218,32.334239866076636,113.75290349324544,109.23937390645345,23.100000381469727,33.77477668264154
95,2020-11-13,UNH,356.8599853515625,357.94000244140625,352.7900085449219,341.1037902832031,2442100.0,4.0,9.719645827606485,354.2052959901411,282.8389117735308,62.137924550949634,133.8403220773734,42.935622686150616,316.04424845377605,305.26130930582684,23.100000381469727,33.77477668264154
95,2020-11-13,V,209.91000366210938,211.27999877929688,207.3000030517578,206.4271697998047,6377500.0,4.0,2.918620192821436,213.19920713225665,172.72112978180584,56.78302574535574,104.41772798491786,18.777123753641142,194.8651565551758,197.5065600077311,23.100000381469727,33.77477668264154
95,2020-11-13,VZ,60.630001068115234,61.189998626708984,60.380001068115234,51.591617584228516,10652800.0,4.0,0.540295900633879,51.8987391574594,46.534284295299386,60.896040335103166,138.0645608227683,24.304461844459496,49.39752566019694,49.66030000050863,23.100000381469727,33.77477668264154
95,2020-11-13,WBA,41.099998474121094,42.7400016784668,40.939998626708984,37.108245849609375,6447500.0,4.0,1.1025963993284194,37.21458620709027,28.305663731874567,59.715888712668466,232.22495011679885,42.705808314993924,32.45559571584066,32.14295663833618,23.100000381469727,33.77477668264154
95,2020-11-13,WMT,148.94000244140625,150.94000244140625,147.52000427246094,143.70684814453125,6579400.0,4.0,1.748087653955082,142.72919942837527,131.493664341156,61.9232540021526,216.85284957175688,42.424328279212176,136.94628397623697,134.35229504903157,23.100000381469727,33.77477668264154
96,2020-11-16,AAPL,118.91999816894531,120.98999786376953,118.1500015258789,118.36799621582031,91183000.0,0.0,1.001756166782954,120.71147197020171,106.78254048097016,55.007313414342796,80.31694730223431,16.7054229240396,114.55080159505208,114.9005111694336,22.450000762939453,29.520186983369506
96,2020-11-16,AMGN,237.4199981689453,239.82000732421875,235.25999450683594,216.76614379882812,2069200.0,0.0,0.41171303581893426,223.08548996622488,193.6396794063337,50.81307263724525,38.88163073040929,9.52478888793141,211.84347229003907,218.6028325398763,22.450000762939453,29.520186983369506
96,2020-11-16,AXP,119.0999984741211,120.38999938964844,116.75,114.11286926269531,5339100.0,0.0,3.6278080394874763,116.31635728729267,80.44106535064677,62.08226695448263,176.7488291509408,36.393034668739034,99.07913131713867,98.19546839396159,22.450000762939453,29.520186983369506
96,2020-11-16,BA,194.55999755859375,202.94000244140625,191.35000610351562,202.39999389648438,40562800.0,0.0,6.82984405047884,197.60641944303921,133.34958183869907,61.6860114486094,242.15541857470308,46.823120501667496,165.3490010579427,165.4521677652995,22.450000762939453,29.520186983369506
96,2020-11-16,CAT,175.0,175.0,171.8300018310547,163.2639923095703,3902400.0,0.0,3.7479708968056116,167.49906256081155,142.90311944602436,59.77718612943124,122.21028768965127,22.07349607413997,153.79986216227215,146.09317372639973,22.450000762939453,29.520186983369506
96,2020-11-16,CRM,249.52000427246094,253.49000549316406,248.17999267578125,249.88999938964844,5712600.0,0.0,0.48901690070067616,265.51509124485614,230.5989071682298,52.649748918987875,-18.1067237760898,10.519508177093586,252.1489990234375,251.4205004374186,22.450000762939453,29.520186983369506
96,2020-11-16,CSCO,41.7400016784668,42.59000015258789,41.349998474121094,38.878639221191406,34572600.0,0.0,0.3564096941840589,38.11344872487583,31.391941442360494,59.20636806989817,177.77267029686982,49.319878961399255,35.26586774190267,35.860669962565105,22.450000762939453,29.520186983369506
96,2020-11-16,CVX,86.23999786376953,89.18000030517578,85.54000091552734,78.17845916748047,18980200.0,0.0,2.425167351076553,76.14888932834845,54.85364630092403,62.25663988014295,256.6762879428144,40.49497687372229,65.16424662272135,66.95290635426839,22.450000762939453,29.520186983369506
96,2020-11-16,DIS,141.57000732421875,144.74000549316406,141.57000732421875,144.6699981689453,16382500.0,0.0,3.9562375404875354,145.220321808807,112.862677611359,62.526343533302224,209.28323776604864,44.81474156865332,127.72200012207031,128.54466667175294,22.450000762939453,29.520186983369506
96,2020-11-16,GS,223.52999877929688,224.60000610351562,220.02999877929688,206.9514617919922,3004700.0,0.0,4.145551554163177,209.8984928786504,170.12889512183787,59.96986205124582,163.30904863538564,38.575994246016826,191.10174662272135,189.0047622680664,22.450000762939453,29.520186983369506
96,2020-11-16,HD,279.17999267578125,281.2900085449219,276.3999938964844,260.2226257324219,5360200.0,0.0,-0.45693492632892685,269.3211771620246,247.3488408433465,51.839274867719475,-19.139955860608865,11.7742563278114,260.74174448649086,259.7148020426432,22.450000762939453,29.520186983369506
96,2020-11-16,HON,205.99000549316406,209.61000061035156,203.39999389648438,197.7451934814453,4898800.0,0.0,8.668078744491964,199.11540745062894,143.7747201128476,69.98295005798863,197.94144082544358,58.58487061402242,168.58556518554687,162.35825322469074,22.450000762939453,29.520186983369506
96,2020-11-16,IBM,113.0975112915039,113.33651733398438,111.96940612792969,98.89620971679688,5536896.0,0.0,-0.3573838012507906,100.33886170856665,88.47206282146264,50.81252677477673,2.0395371432335567,0.3946676677654199,97.52618916829427,99.17375005086264,22.450000762939453,29.520186983369506
96,2020-11-16,INTC,46.040000915527344,46.75,45.790000915527344,42.45531463623047,36306300.0,0.0,-1.1669291673790525,48.35936730493306,37.120304173338425,43.26931094649242,-46.75361438885429,10.429596353684548,44.73830057779948,45.274623235066734,22.450000762939453,29.520186983369506
96,2020-11-16,JNJ,150.9199981689453,151.3000030517578,149.8000030517578,139.29859924316406,6266400.0,0.0,0.772394730135062,140.48292471872148,124.39126885427656,56.63542096351672,104.79623294359902,28.15591351056344,133.90580164591472,135.6339926401774,22.450000762939453,29.520186983369506
96,2020-11-16,JPM,117.79000091552734,118.61000061035156,115.7300033569336,107.71454620361328,19858600.0,0.0,3.964038185809784,109.958784727497,83.14869360502252,63.079925561001566,194.9731789760876,41.29639529189236,95.19896647135417,92.52584431966146,22.450000762939453,29.520186983369506
96,2020-11-16,KO,54.5,54.619998931884766,53.279998779296875,49.15928649902344,14908200.0,0.0,0.9392742688419062,49.9364795301627,42.41633304613124,62.25450104019693,181.64934444072597,37.258543963215836,46.02471402486165,45.5663387298584,22.450000762939453,29.520186983369506
96,2020-11-16,MCD,215.5,216.75,213.6300048828125,202.6592254638672,3702100.0,0.0,-1.8201358385843776,215.3885384000014,193.0643134676744,50.61581382640391,-65.64311167855458,12.99486719317448,206.82064056396484,204.89529927571616,22.450000762939453,29.520186983369506
96,2020-11-16,MMM,172.6199951171875,173.88999938964844,170.17999267578125,153.51187133789062,2434300.0,0.0,1.0701216704728154,154.3867660014071,138.05925450640538,57.6020052240542,127.00269879516021,26.022093633845145,146.89877065022787,145.87865549723307,22.450000762939453,29.520186983369506
96,2020-11-16,MRK,77.5095443725586,78.13931274414062,76.04962158203125,69.53515625,9503474.0,0.0,0.08821473211691,71.73770056434152,65.1436875276995,49.67688185135579,54.73610968532394,20.736446823279692,68.74336090087891,70.7174087524414,22.450000762939453,29.520186983369506
96,2020-11-16,MSFT,214.8699951171875,217.74000549316406,214.52000427246094,211.42449951171875,24953300.0,0.0,1.2820202271653613,219.87527055815377,194.84298505708063,52.81378913697012,32.54102746904266,1.2820601121489854,208.34083913167316,207.11548436482747,22.450000762939453,29.520186983369506
96,2020-11-16,NKE,129.4600067138672,130.32000732421875,127.37000274658203,126.30635070800781,6116200.0,0.0,0.9869428548736039,129.21246980213854,117.5154232642677,59.54282307866113,50.649842824583274,18.935820921054198,123.958056640625,119.22338701883952,22.450000762939453,29.520186983369506
96,2020-11-16,PG,144.77999877929688,144.77999877929688,141.25999450683594,133.04794311523438,7976600.0,0.0,0.6723020238781316,135.57434965615874,127.76799806112643,55.538373299343846,49.38711766999336,0.12730988661949608,131.99204661051434,130.11807238260906,22.450000762939453,29.520186983369506
96,2020-11-16,TRV,137.8000030517578,138.97999572753906,134.97999572753906,127.4505615234375,1163500.0,0.0,4.82603208753018,129.74222910948745,107.5604411785985,63.23266098995888,146.20178982407046,40.53227784263905,114.51286239624024,109.63362592061361,22.450000762939453,29.520186983369506
96,2020-11-16,UNH,358.95001220703125,359.5799865722656,351.010009765625,342.2066955566406,2790100.0,0.0,10.018972140105461,357.0853561666524,283.08534085483194,62.45269259275536,121.87974760174502,39.84338730334014,317.28045756022135,305.964116414388,22.450000762939453,29.520186983369506
96,2020-11-16,V,214.57000732421875,215.08999633789062,211.8300018310547,208.60443115234375,12083200.0,0.0,3.4613885898877186,215.15964668647723,172.33246451957746,57.90080461824025,128.96897962683303,25.015458515847843,195.17462259928385,197.65166269938152,22.450000762939453,29.520186983369506
96,2020-11-16,VZ,60.810001373291016,61.459999084472656,60.70000076293945,51.447975158691406,14289400.0,0.0,0.59570022287906,52.198448217470414,46.53790546600126,60.06829227740022,136.69094628148363,27.34410771475359,49.449869791666664,49.695807774861656,22.450000762939453,29.520186983369506
96,2020-11-16,WBA,43.790000915527344,44.869998931884766,43.720001220703125,38.31593704223633,8055800.0,0.0,1.3506189902884032,38.15421775919209,27.98551650899638,61.834621020354454,264.50821747915046,50.995063919967144,32.672226969401045,32.21014699935913,22.450000762939453,29.520186983369506
96,2020-11-16,WMT,150.52999877929688,153.39999389648438,149.27999877929688,145.52056884765625,11520100.0,0.0,2.147900953627669,144.30928179676957,130.81950543467573,63.54768103058973,249.44783109986557,49.486957291908034,137.28485209147135,134.68338521321616,22.450000762939453,29.520186983369506
97,2020-11-17,AAPL,119.55000305175781,120.66999816894531,118.95999908447266,117.47261047363281,74271000.0,1.0,1.0860285872488191,120.9761576751359,106.72275055850669,54.229757889007,72.15177043790348,16.70542292403959,114.7615249633789,114.79800529479981,22.709999084472656,52.53992527113573
97,2020-11-17,AMGN,235.00999450683594,236.92999267578125,232.1199951171875,212.90086364746094,1935100.0,1.0,0.3552730746289683,223.33717540840334,193.65354724784666,48.5675072650045,16.65749813454473,2.1948512490822614,211.2772669474284,218.5793144226074,22.709999084472656,52.53992527113573
97,2020-11-17,AXP,116.97000122070312,117.79000091552734,114.13999938964844,112.00696563720703,4023200.0,1.0,3.9856713842903417,117.96720900734707,80.07298645774083,60.16230010489569,134.70186441325228,28.14196638128931,99.56452255249023,98.47694664001465,22.709999084472656,52.53992527113573
97,2020-11-17,BA,200.25,211.1999969482422,196.0500030517578,210.0500030517578,38299300.0,1.0,9.049048591740814,205.44091546361483,129.79608557398285,63.540446762176344,246.17974488760203,52.20586328866158,167.0326680501302,165.9818344116211,22.709999084472656,52.53992527113573
97,2020-11-17,CAT,172.1699981689453,172.47999572753906,170.19000244140625,162.057373046875,2110800.0,1.0,3.8058083179710707,167.99342667562829,142.78073561685218,58.924720326862314,92.86978448370816,17.362899539458372,154.46916859944662,146.581645711263,22.709999084472656,52.53992527113573
97,2020-11-17,CRM,253.74000549316406,258.2699890136719,250.4600067138672,256.1700134277344,5090700.0,1.0,0.9315247595058338,265.5443959996909,230.58960363409818,54.7893473352538,20.622137919223114,2.640409900867248,252.3499994913737,252.21566721598307,22.709999084472656,52.53992527113573
97,2020-11-17,CSCO,41.91999816894531,42.349998474121094,41.619998931884766,38.27544021606445,23140900.0,1.0,0.5319809349470432,38.56318592628291,31.187137941514933,56.87125981898243,153.73088105591876,49.319878961399255,35.36670455932617,35.86197230021159,22.709999084472656,52.53992527113573
97,2020-11-17,CVX,86.4000015258789,87.52999877929688,84.83000183105469,77.6166763305664,14329000.0,1.0,2.8942088055828066,78.0940673044828,54.370863039145135,61.44783460584062,197.69376837956383,36.90042844043248,65.6335496266683,66.96932137807211,22.709999084472656,52.53992527113573
97,2020-11-17,DIS,144.39999389648438,144.8300018310547,142.55999755859375,144.5,9354900.0,1.0,4.462665579840092,147.46936590788783,112.56863381745399,62.369117544620345,179.30235994522533,44.950647806661856,128.50766677856444,128.7748332977295,22.709999084472656,52.53992527113573
97,2020-11-17,GS,220.02000427246094,224.85000610351562,218.3300018310547,209.06398010253906,2722900.0,1.0,4.8487452421425985,212.38765723495462,169.18642418594382,60.92651553129532,150.32110704624517,33.57283590083796,191.8325937906901,189.29259923299153,22.709999084472656,52.53992527113573
97,2020-11-17,HD,272.1000061035156,273.5299987792969,269.3999938964844,253.61399841308594,8532200.0,1.0,-0.8068898083325848,268.2171140419733,247.18981344826108,48.29777703162841,-105.63927611467264,23.212002249849924,260.6176361083984,259.5166079203288,22.709999084472656,52.53992527113573
97,2020-11-17,HON,206.91000366210938,206.91000366210938,203.36000061035156,194.65469360351562,3447800.0,1.0,9.066655887593043,202.2523082327906,143.75473369836175,67.5218848499567,158.7460417570291,58.46213126090921,169.82489115397135,163.09617919921874,22.709999084472656,52.53992527113573
97,2020-11-17,IBM,112.42829895019531,113.32695770263672,111.9216079711914,98.34474182128906,4324687.0,1.0,-0.16613265231859486,100.6020698172406,88.37660068446839,50.19404307982655,1.194106832317569,0.5895516103375522,97.45581715901693,99.08763758341472,22.709999084472656,52.53992527113573
97,2020-11-17,INTC,45.75,46.119998931884766,45.40999984741211,41.84868240356445,31118000.0,1.0,-1.108798192167768,47.25517442155004,37.53383429121851,41.95529872315847,-53.1941483422502,13.587376392034928,44.57073872884114,45.22475713094075,22.709999084472656,52.53992527113573
97,2020-11-17,JNJ,150.0,150.6300048828125,149.1199951171875,137.91346740722656,7297700.0,1.0,0.9597540376564382,141.06187051675994,124.25556951619905,54.52446340066883,83.36186807669682,23.918476540093522,134.00091425577799,135.59089953104655,22.709999084472656,52.53992527113573
97,2020-11-17,JPM,115.38999938964844,116.44000244140625,114.58000183105469,106.62178802490234,14553200.0,1.0,4.10443628517541,111.233036309128,83.31981937324504,61.805415018872125,148.16206435838149,36.18760184307918,95.75269088745117,92.78556442260742,22.709999084472656,52.53992527113573
97,2020-11-17,KO,53.65999984741211,53.75,53.029998779296875,49.00409698486328,14248400.0,1.0,0.997802512496456,50.29514901853742,42.37078611635027,61.61041799912137,140.5297585154049,33.58588016930474,46.168951416015624,45.6590763092041,22.709999084472656,52.53992527113573
97,2020-11-17,MCD,215.60000610351562,217.38999938964844,214.02000427246094,201.98597717285156,2443100.0,1.0,-1.6856080341346455,214.15045631478048,193.2326659386375,49.99638952284434,-60.03425642713154,14.772391158684409,206.56879323323568,204.9674041748047,22.709999084472656,52.53992527113573
97,2020-11-17,MMM,173.0399932861328,174.5,170.86000061035156,153.31761169433594,2589900.0,1.0,1.4423544944594937,154.8561658352223,137.82737145725818,57.40067391551647,127.4000900570823,27.415074923625255,147.23459014892578,146.02743479410807,22.709999084472656,52.53992527113573
97,2020-11-17,MRK,77.34732818603516,78.20610809326172,76.72709655761719,70.67990112304688,9509133.0,1.0,0.19220978237797226,72.01248118992608,65.14902469996649,52.41227457889622,83.83102012765634,21.12117400036808,68.79741872151693,70.66966425577799,22.709999084472656,52.53992527113573
97,2020-11-17,MSFT,216.10000610351562,217.67999267578125,214.0800018310547,208.728515625,24154100.0,1.0,1.1346209526780626,219.86146111795244,194.8383008449382,51.40252305860043,14.66083528377489,0.23954004269090787,208.61822204589845,207.12797470092772,22.709999084472656,52.53992527113573
97,2020-11-17,NKE,130.47999572753906,132.60000610351562,129.11000061035156,128.344970703125,7002900.0,1.0,1.263844900080116,129.78119595688779,117.30782534438173,61.4452073671298,118.34218021408353,26.154958293640995,124.10561396280924,119.55712356567383,22.709999084472656,52.53992527113573
97,2020-11-17,PG,141.88999938964844,143.47000122070312,141.75,132.53421020507812,6396800.0,1.0,0.645248133420921,135.59032590163508,127.76946871506414,54.727643572957724,27.641581251466114,0.1273098866194879,132.08673350016275,130.18244717915852,22.709999084472656,52.53992527113573
97,2020-11-17,TRV,136.0800018310547,136.17999267578125,134.0800018310547,126.28163146972656,1218000.0,1.0,4.798350845911287,130.32710046231836,108.55876608431251,61.970094345894424,119.37219367499672,36.44392023260823,115.24570236206054,109.96090507507324,22.709999084472656,52.53992527113573
97,2020-11-17,UNH,352.3900146484375,353.3599853515625,347.5,337.6799621582031,2557600.0,1.0,9.778203798853497,358.9509012610904,283.9712972252378,60.32336853043225,88.85916009032712,33.74436963214449,318.4840586344401,306.6758458455404,22.709999084472656,52.53992527113573
97,2020-11-17,V,210.55999755859375,212.08999633789062,209.5,206.65277099609375,7268800.0,1.0,3.6915004715363295,216.575511557835,172.22172202370797,56.54464773902943,99.05684280927834,19.03859465721584,195.5198974609375,197.7270253499349,22.709999084472656,52.53992527113573
97,2020-11-17,VZ,60.560001373291016,61.02000045776367,60.36000061035156,51.329689025878906,11698200.0,1.0,0.6228836303068661,52.434882845957944,46.59719761363678,59.380703444926354,112.1189899208703,20.81360149883576,49.50384470621745,49.72126242319743,22.709999084472656,52.53992527113573
97,2020-11-17,WBA,39.90999984741211,40.77000045776367,39.560001373291016,34.623348236083984,25101600.0,1.0,1.2349815258455976,38.29707834246271,28.047701244329275,53.01518368213212,87.82341718262543,15.966926228970987,32.785176340738936,32.21173982620239,22.709999084472656,52.53992527113573
97,2020-11-17,WMT,150.5,153.24000549316406,149.17999267578125,142.58993530273438,14237200.0,1.0,2.2028847551594026,144.93290319968978,130.71805657814227,59.31769430548949,191.9425358015815,48.694312987845336,137.56296132405598,134.97040430704752,22.709999084472656,52.53992527113573
98,2020-11-18,AAPL,118.61000061035156,119.81999969482422,118.0,116.13446044921875,76322100.0,2.0,1.0329305832474773,121.10544425270054,106.72740639427211,53.06997225032558,43.19260630386682,12.249901626055694,114.86477966308594,114.69009971618652,23.84000015258789,8.486900847787942
98,2020-11-18,AMGN,234.0500030517578,234.3699951171875,227.63999938964844,208.61427307128906,2466200.0,2.0,-0.03494520958346925,223.35232730693025,193.66906551533538,46.22397046526745,-13.117448480466509,7.27011972016227,210.41715596516926,218.29254531860352,23.84000015258789,8.486900847787942
98,2020-11-18,AXP,116.94000244140625,118.76000213623047,114.19000244140625,109.85298156738281,3264300.0,2.0,4.048800103175097,119.17153301534904,80.10047015847908,58.25598807912776,118.78174989308549,29.828420798945878,99.92640431722005,98.72699394226075,23.84000015258789,8.486900847787942
98,2020-11-18,BA,223.02000427246094,223.02000427246094,203.0,203.3000030517578,65990700.0,2.0,10.14615700906299,210.5688240635704,128.61217721816791,60.8520425999596,227.20621956778157,58.61405298697188,168.32233479817708,166.45800120035807,23.84000015258789,8.486900847787942
98,2020-11-18,CAT,172.0399932861328,175.3800048828125,172.0399932861328,162.83978271484375,3165100.0,2.0,3.87016594831789,168.71687738870494,142.65648381734977,59.31392185596914,108.74585231218234,22.980786346032083,155.06336313883463,147.09143397013347,23.84000015258789,8.486900847787942
98,2020-11-18,CRM,256.3999938964844,262.6600036621094,255.85000610351562,257.1600036621094,5880500.0,2.0,1.3465768640525368,265.95552878884615,230.47147163839992,55.12006376099068,51.97674979699365,4.073556781636206,252.25599924723306,252.90083389282228,23.84000015258789,8.486900847787942
98,2020-11-18,CSCO,41.900001525878906,42.2400016784668,41.2599983215332,37.76363754272461,21327700.0,2.0,0.6226467258772885,38.87336837347838,31.083503040706198,54.968357276964,128.1857242993822,42.99992247810696,35.42519594828288,35.8580649693807,23.84000015258789,8.486900847787942
98,2020-11-18,CVX,87.37000274658203,87.9000015258789,84.25,75.15548706054688,10583700.0,2.0,3.032374803321673,79.22235362367924,54.53003590268794,58.03104310974888,156.8999981628122,33.90866335577306,65.97745882670084,66.96038875579833,23.84000015258789,8.486900847787942
98,2020-11-18,DIS,144.5,145.47999572753906,143.35000610351562,143.89999389648438,9456200.0,2.0,4.7607193621881265,149.30863430538528,112.45636508426317,61.80170822756482,157.3156548080071,45.977804446608005,129.20733311971028,129.00999997456867,23.84000015258789,8.486900847787942
98,2020-11-18,GS,225.0,227.72000122070312,223.50999450683594,208.73828125,2856200.0,2.0,5.318442436885249,214.79217796220885,168.77250099286928,60.69517021784555,157.01584414481883,37.63619813637702,192.47472279866537,189.59566701253254,23.84000015258789,8.486900847787942
98,2020-11-18,HD,270.5,275.3800048828125,269.0,251.15670776367188,5122200.0,2.0,-1.2678988439487853,267.3609620905668,246.67955609790977,47.06109343638317,-101.07723201930862,18.85873781909729,260.215532430013,259.2870262145996,23.84000015258789,8.486900847787942
98,2020-11-18,HON,204.5,204.97000122070312,200.9600067138672,190.65411376953125,4422300.0,2.0,8.956473139589832,204.2554670698728,144.50523239301782,64.485142096896,125.20949135942061,50.96680922900533,170.78429412841797,163.6862803141276,23.84000015258789,8.486900847787942
98,2020-11-18,IBM,112.54302215576172,113.65200805664062,111.61567687988281,97.56768798828125,4818713.0,2.0,-0.07638595932313308,100.89541049125114,88.36355404732308,49.319007087257994,0.0016901049713314356,0.8210877552990846,97.30189056396485,99.00284983317057,23.84000015258789,8.486900847787942
98,2020-11-18,INTC,45.54999923706055,45.689998626708984,45.040000915527344,41.41668701171875,32817900.0,2.0,-1.0850792748455618,45.84024653200581,38.20851369138286,41.03723173490789,-57.43580527205623,16.645980312358823,44.349235153198244,45.1632807413737,23.84000015258789,8.486900847787942
98,2020-11-18,JNJ,148.8699951171875,149.75999450683594,147.3699951171875,136.0850830078125,6661000.0,2.0,0.9497541237936389,141.35951480508476,124.27558575033515,51.88374357137345,54.16399732643461,13.58659439421456,133.9852160135905,135.51871859232585,23.84000015258789,8.486900847787942
98,2020-11-18,JPM,117.33999633789062,118.61000061035156,115.19999694824219,105.83207702636719,12571200.0,2.0,4.104663704622325,112.15872036530754,83.85236895964363,60.88573825475769,136.23812339091944,40.52515888496794,96.22774912516276,93.02545051574707,23.84000015258789,8.486900847787942
98,2020-11-18,KO,53.75,54.02000045776367,52.560001373291016,48.02730178833008,15278200.0,2.0,0.95436602090696,50.470096931521795,42.43501590722332,57.721967018693746,109.50373270640893,26.769173694655773,46.26176223754883,45.736439577738444,23.84000015258789,8.486900847787942
98,2020-11-18,MCD,216.10000610351562,217.83999633789062,215.41000366210938,201.5277862548828,3095200.0,2.0,-1.597550391236922,212.54137569906248,193.65700229166015,49.56930939973046,-51.20693574286211,16.061312660001345,206.22717793782553,205.03140767415366,23.84000015258789,8.486900847787942
98,2020-11-18,MMM,174.5,174.6999969482422,171.3300018310547,151.3397979736328,2615800.0,2.0,1.5597784957096508,155.14548120445,137.73495702797186,55.362616675492085,110.22755095160969,27.890946578120307,147.3791020711263,146.14957784016926,23.84000015258789,8.486900847787942
98,2020-11-18,MRK,77.70037841796875,78.21565246582031,76.55534362792969,69.59586334228516,8678174.0,2.0,0.18502101266558668,72.10962519454863,65.24093938064668,49.76247466119003,60.257507982121,19.526524480887737,68.80348943074544,70.6001215616862,23.84000015258789,8.486900847787942
98,2020-11-18,MSFT,213.64999389648438,215.1699981689453,210.92999267578125,205.9767303466797,28372800.0,2.0,0.7866914025706535,219.6945984073857,194.69689481771192,49.9919924043333,-29.374197103093497,7.079964593169582,208.67670440673828,207.04950637817382,23.84000015258789,8.486900847787942
98,2020-11-18,NKE,133.07000732421875,133.97999572753906,131.52999877929688,127.78191375732422,5572800.0,2.0,1.4214719324135814,130.10872711380307,117.19386382857974,60.63062682562073,149.53647829897602,30.177990972451095,124.15641810099284,119.88664169311524,23.84000015258789,8.486900847787942
98,2020-11-18,PG,141.99000549316406,142.10000610351562,139.66000366210938,130.497802734375,6097100.0,2.0,0.4542503511157747,135.43766705752475,127.66440050839326,51.63669398802368,-55.22405075281587,10.425776065434007,132.0797876993815,130.20436617533366,23.84000015258789,8.486900847787942
98,2020-11-18,TRV,135.44000244140625,137.27999877929688,134.25999450683594,125.65508270263672,1333200.0,2.0,4.672000104294881,131.03506894689428,108.72702745813501,61.2915116241273,112.10027924059769,38.77119572389043,115.88689804077148,110.26660372416178,23.84000015258789,8.486900847787942
98,2020-11-18,UNH,353.42999267578125,354.04998779296875,343.0899963378906,330.40081787109375,2722500.0,2.0,8.897462633386851,359.7581800077799,285.2470598603841,57.08567030797893,65.36130502856501,26.34378287837786,319.1662587483724,307.2124521891276,23.84000015258789,8.486900847787942
98,2020-11-18,V,209.72000122070312,211.14999389648438,207.6699981689453,203.82821655273438,6977900.0,2.0,3.6043985944798465,217.44809236627873,172.30032071965877,54.62899172098828,77.52784319071152,14.444870274226105,195.70508321126303,197.72773005167645,23.84000015258789,8.486900847787942
98,2020-11-18,VZ,61.130001068115234,61.150001525878906,60.29999923706055,50.96636962890625,11698800.0,2.0,0.6081000388714912,52.5565593634867,46.777162560341424,57.29673373407158,100.50307531684017,22.439304442662884,49.54152870178223,49.74275201161702,23.84000015258789,8.486900847787942
98,2020-11-18,WBA,39.939998626708984,39.95000076293945,38.220001220703125,33.61055374145508,14434700.0,2.0,1.0495157860314563,38.34626861560103,28.11096595776323,50.953158677438815,42.07864821367628,7.388871631664346,32.84872639973958,32.199927997589114,23.84000015258789,8.486900847787942
98,2020-11-18,WMT,149.86000061035156,151.6699981689453,149.0500030517578,142.3226318359375,8312300.0,2.0,2.199535778892397,145.43595512652377,130.6627158329489,58.94746502524554,155.55172547766344,47.60681782056891,137.82388763427736,135.26410547892252,23.84000015258789,8.486900847787942
99,2020-11-19,AAPL,117.58999633789062,119.05999755859375,116.80999755859375,116.7346420288086,74113000.0,3.0,1.027436027108294,121.36543006722549,106.77139396841905,53.53108139985587,29.831813066334156,6.844826734696192,114.99164199829102,114.56440773010254,23.110000610351562,16.11199750462169
99,2020-11-19,AMGN,226.97000122070312,226.97000122070312,223.58999633789062,205.7840118408203,2595700.0,3.0,-0.5660493741795278,223.31427740935652,193.54483056183489,44.74911918563746,-59.54151907599736,14.887812756456533,209.99582163492838,217.92888692220052,23.110000610351562,16.11199750462169
99,2020-11-19,AXP,113.77999877929688,114.80000305175781,112.52999877929688,109.75682067871094,3249800.0,3.0,4.0444487994651155,120.13752484718974,80.03357348044698,58.170863631767844,92.34263206436408,24.483850978713363,100.18539479573568,98.98581263224284,23.110000610351562,16.11199750462169
99,2020-11-19,BA,200.4499969482422,209.44000244140625,199.89999389648438,205.6699981689453,34236100.0,3.0,11.079148604529081,215.45586985971113,127.38513050649982,61.44455433710312,171.2434398956498,52.8677934953048,169.5780014038086,167.02083460489908,23.110000610351562,16.11199750462169
99,2020-11-19,CAT,172.5,173.25,170.7100067138672,162.99061584472656,2012100.0,3.0,3.8885164103943737,169.2514568095342,142.52443277786813,59.39065901948059,89.18229280652626,19.014276310227636,155.60355631510416,147.59311701456707,23.110000610351562,16.11199750462169
99,2020-11-19,CRM,256.8399963378906,267.0899963378906,255.66000366210938,264.6499938964844,8084600.0,3.0,2.2539066300258526,268.1678716171295,229.75712838287052,57.55037790827729,85.32486140326625,10.396054373475309,252.4036656697591,252.77300033569335,23.110000610351562,16.11199750462169
99,2020-11-19,CSCO,41.0,41.369998931884766,40.77000045776367,37.62654495239258,22177700.0,3.0,0.6756493272249031,39.15344425772942,31.018200716025458,54.4633902065461,100.52601827052219,34.70459537475438,35.467236582438154,35.84749584197998,23.110000610351562,16.11199750462169
99,2020-11-19,CVX,83.55000305175781,85.95999908447266,83.05999755859375,76.44850158691406,8820200.0,3.0,3.2092139967780327,80.4746296214338,54.472183580470485,59.26213867706779,129.40531091222238,27.784011816262183,66.32228558858236,66.9927796045939,23.110000610351562,16.11199750462169
99,2020-11-19,DIS,142.57000732421875,143.3000030517578,141.6999969482422,141.72000122070312,8892500.0,3.0,4.7660815210915075,150.55927592785793,112.62172382800144,59.758333743413374,120.83883062597009,38.94284768926,129.8283332824707,129.16900011698405,23.110000610351562,16.11199750462169
99,2020-11-19,GS,224.3000030517578,224.94000244140625,222.11000061035156,208.98953247070312,1505200.0,3.0,5.645872616333634,216.9303177594759,168.418365407028,60.81391143315495,131.80949573084573,33.38173399623769,192.9893575032552,189.88411432902018,23.110000610351562,16.11199750462169
99,2020-11-19,HD,270.4200134277344,272.3800048828125,268.70001220703125,252.18057250976562,3929400.0,3.0,-1.532963449441752,266.8539166411405,246.23439817819542,47.638988261473685,-102.23114449913245,19.35264606113878,259.79388224283855,258.98500493367516,23.110000610351562,16.11199750462169
99,2020-11-19,HON,201.27999877929688,203.08999633789062,199.88999938964844,192.18038940429688,3263000.0,3.0,8.889833736496342,206.315232866,144.9762008498203,65.10453429702345,110.12794365564145,47.63864188722606,171.72443237304688,164.28955256144206,23.110000610351562,16.11199750462169
99,2020-11-19,IBM,111.4149169921875,112.28489685058594,110.79350280761719,97.91026306152344,3597822.0,3.0,0.022126822619384257,101.1884639521306,88.32740137379713,49.718774602027004,-2.6964688860298596,2.8621392919900326,96.9556770324707,98.93022333780924,23.110000610351562,16.11199750462169
99,2020-11-19,INTC,44.91999816894531,45.66999816894531,44.70000076293945,41.93140411376953,29469100.0,3.0,-1.0130704480067863,43.45527741983622,39.86820471212178,42.58576270222933,-53.80595030501522,19.44671296116812,44.123596827189125,45.10855801900228,23.110000610351562,16.11199750462169
99,2020-11-19,JNJ,147.3000030517578,147.4600067138672,145.58999633789062,135.87271118164062,7987700.0,3.0,0.9141546823684052,141.55050352818438,124.27482224696212,51.583554523774225,28.965136270119864,4.145362481970123,133.93135096232098,135.43930422465007,23.110000610351562,16.11199750462169
99,2020-11-19,JPM,114.18000030517578,115.81999969482422,113.55999755859375,106.11673736572266,10202500.0,3.0,4.080773035196017,113.08286637617434,84.09260588334715,61.10157369211434,106.64842395151304,33.20998063771411,96.64954732259115,93.29146232604981,23.110000610351562,16.11199750462169
99,2020-11-19,KO,52.4900016784668,53.22999954223633,51.95000076293945,48.50200653076172,17189500.0,3.0,0.9473268001586632,50.68322890345142,42.44554383214428,59.02218039999427,86.61444576211557,18.38772272685693,46.343009821573894,45.81794134775797,23.110000610351562,16.11199750462169
99,2020-11-19,MCD,214.83999633789062,215.47999572753906,213.3300018310547,201.14442443847656,2840500.0,3.0,-1.5409352274122625,210.30791702278896,194.5776161193009,49.205503256253785,-65.81643224040414,7.991670644653234,205.89397989908855,205.0718241373698,23.110000610351562,16.11199750462169
99,2020-11-19,MMM,170.57000732421875,171.8800048828125,169.3000030517578,152.8360137939453,2986000.0,3.0,1.7533583513498456,155.51608997768284,137.57489512973905,56.56939467039801,81.72355539542902,19.397668309598096,147.53758138020834,146.28488489786784,23.110000610351562,16.11199750462169
99,2020-11-19,MRK,77.07061004638672,77.07061004638672,75.69656372070312,69.71726989746094,7037110.0,3.0,0.1869651375184418,72.19231036611508,65.26058880380678,50.055019806024255,30.165285410103472,11.668434132243023,68.80088755289714,70.53461112976075,23.110000610351562,16.11199750462169
99,2020-11-19,MSFT,211.3800048828125,213.02999877929688,209.92999267578125,207.28431701660156,24792700.0,3.0,0.6094407896590042,219.56795767093087,194.63726541256523,50.657568684292315,-40.3554507016577,9.32681104964626,208.7544403076172,206.916916402181,23.110000610351562,16.11199750462169
99,2020-11-19,NKE,131.9199981689453,132.11000061035156,129.92999267578125,128.05374145507812,4642800.0,3.0,1.550454045516588,130.40301286352238,117.08305509912408,60.88956927968997,109.33121905631175,21.944145906068723,124.22760772705078,120.22036755879721,23.110000610351562,16.11199750462169
99,2020-11-19,PG,139.8699951171875,140.1199951171875,138.4499969482422,130.33900451660156,5284100.0,3.0,0.2867639077082913,135.37417519462767,127.5485405646497,51.40250114267909,-98.44454159689981,15.910735641624354,132.0381317138672,130.23401222229003,23.110000610351562,16.11199750462169
99,2020-11-19,TRV,133.1199951171875,134.17999267578125,131.4600067138672,125.1875,1118600.0,3.0,4.482465146928732,131.60084191361747,108.88411826094307,60.77771432446256,84.71359512456078,26.197414732373193,116.45577596028646,110.59668515523275,23.110000610351562,16.11199750462169
99,2020-11-19,UNH,342.2900085449219,343.07000732421875,334.3299865722656,323.19842529296875,3935600.0,3.0,7.531477837875855,359.99327086439206,286.09281311998296,54.11283540760522,20.881400066786995,13.059803073340689,319.63267517089844,307.6831410725911,23.110000610351562,16.11199750462169
99,2020-11-19,V,207.24000549316406,208.72999572753906,205.52999877929688,203.57322692871094,5657200.0,3.0,3.4747395630236895,218.25657768417435,172.46060523818895,54.456696538967435,61.15410186814211,9.178168013588802,195.86512145996093,197.68893127441407,23.110000610351562,16.11199750462169
99,2020-11-19,VZ,60.400001525878906,60.439998626708984,59.900001525878906,50.8734245300293,12663000.0,3.0,0.5821731141741466,52.665619482810996,46.91144312400053,56.76947701408117,75.30100378877201,14.694549799809813,49.57025655110677,49.76213506062825,23.110000610351562,16.11199750462169
99,2020-11-19,WBA,38.130001068115234,38.439998626708984,37.02000045776367,33.27647399902344,12780900.0,3.0,0.8655973405012602,38.37175273472828,28.15410290186839,50.285751809427836,1.4191074671478603,0.2875061906439713,32.884342956542966,32.19456726710002,23.110000610351562,16.11199750462169
99,2020-11-19,WMT,149.4600067138672,152.4499969482422,149.32000732421875,145.21510314941406,6196900.0,3.0,2.402584454642664,146.48651088436122,130.43025852481844,61.62838762480679,172.27503238695283,49.954539436999035,138.16627400716146,135.60490086873372,23.110000610351562,16.11199750462169
100,2020-11-20,AAPL,118.63999938964844,118.7699966430664,117.29000091552734,115.45552825927734,73604300.0,4.0,0.9093849370980962,121.49518225230948,106.88744332752451,52.39606696197726,19.379029074126162,6.844826734696177,115.01038411458333,114.44215774536133,23.700000762939453,6.800104376703097
100,2020-11-20,AMGN,223.22000122070312,225.08999633789062,221.47999572753906,204.41009521484375,2956200.0,4.0,-1.0853061072124035,223.2918060108809,193.3422241404863,44.043420776597095,-73.546777140919,18.611373270854205,209.6314926147461,217.50245157877603,23.700000762939453,6.800104376703097
100,2020-11-20,AXP,113.73999786376953,114.54000091552734,111.9000015258789,108.25672912597656,3702300.0,4.0,3.8752836507623556,120.96456265209613,80.32198901416362,56.83075588035864,79.57508626044213,22.439025949806542,100.38540725708008,99.16967493693033,23.700000762939453,6.800104376703097
100,2020-11-20,BA,204.58999633789062,206.5800018310547,199.1699981689453,199.6199951171875,18230900.0,4.0,11.20124549594172,218.7729886925919,127.29401112430261,59.083084461642926,136.4051176909642,51.4863329384318,170.65433451334636,167.4445012410482,23.700000762939453,6.800104376703097
100,2020-11-20,CAT,172.4499969482422,173.1199951171875,171.30999755859375,162.35903930664062,2449800.0,4.0,3.808197801742068,169.67311447159668,142.44591476424316,58.90938006868636,83.58603331193679,19.014276310227647,156.0514877319336,148.0602254231771,23.700000762939453,6.800104376703097
100,2020-11-20,CRM,263.5899963378906,265.0199890136719,257.82000732421875,258.0400085449219,7286100.0,4.0,2.411799704894264,268.9621580014953,229.7148424257508,54.839284589683324,68.69284624108677,10.396054373475305,252.13899892171224,252.46833368937175,23.700000762939453,6.800104376703097
100,2020-11-20,CSCO,41.04999923706055,41.38999938964844,40.91999816894531,37.44376754760742,19776300.0,4.0,0.6948953406941598,39.38441526524294,30.98372552760373,53.78196414463153,96.25570356190535,34.86944650453334,35.50135663350423,35.83327655792236,23.700000762939453,6.800104376703097
100,2020-11-20,CVX,85.72000122070312,86.30999755859375,84.87999725341797,76.50200653076172,8294600.0,4.0,3.315459183789784,81.58596829034303,54.633559907899155,59.3132280523826,123.44021574948454,28.807746562903596,66.704634475708,67.02415790557862,23.700000762939453,6.800104376703097
100,2020-11-20,DIS,141.7100067138672,142.61000061035156,140.86000061035156,141.07000732421875,8481600.0,4.0,4.6641169584490285,151.5867361702502,112.86626370767951,59.155056613141866,102.27059046321013,35.39207728768747,130.3646667480469,129.29133364359538,23.700000762939453,6.800104376703097
100,2020-11-20,GS,223.0,224.80999755859375,222.6300048828125,207.85415649414062,1848100.0,4.0,5.747494501060743,218.6873807356973,168.36526819008392,59.96702947068878,118.22404516318466,33.381733996237685,193.47979482014975,190.10846633911132,23.700000762939453,6.800104376703097
100,2020-11-20,HD,271.45001220703125,272.3699951171875,268.8699951171875,251.1381072998047,4111000.0,4.0,-1.8063250978511576,265.97607642824266,245.88451774900344,47.097469325075146,-99.21731378264064,19.35264606113878,259.2940434773763,258.71653340657554,23.700000762939453,6.800104376703097
100,2020-11-20,HON,201.77000427246094,203.3300018310547,200.5,191.49781799316406,2359000.0,4.0,8.681864590318554,208.00952997526497,145.86799382844595,64.58344132816976,100.28820416220815,47.91396527327864,172.6229466756185,164.87075449625652,23.700000762939453,6.800104376703097
100,2020-11-20,IBM,112.42829895019531,112.84894561767578,111.55831909179688,97.70973205566406,5255418.0,4.0,0.08306026871525773,101.424525451468,88.30841979999686,49.482420929581814,10.392177795797622,0.17823477953713995,96.7043576558431,98.84766565958658,23.700000762939453,6.800104376703097
100,2020-11-20,INTC,45.65999984741211,45.880001068115234,45.33000183105469,41.720001220703125,24199300.0,4.0,-0.9619723620613883,42.97314189809605,40.124051629125624,42.11581147580044,-47.41680357362021,16.854326311695452,43.90764096577962,45.0525931040446,23.700000762939453,6.800104376703097
100,2020-11-20,JNJ,147.0500030517578,147.94000244140625,146.1300048828125,135.15245056152344,6354900.0,4.0,0.8183889772838029,141.64488187723558,124.28386797017653,50.55728065498342,34.32945254508267,6.388279356036003,133.78945185343426,135.33742027282716,23.700000762939453,6.800104376703097
100,2020-11-20,JPM,114.43000030517578,115.6500015258789,114.08999633789062,105.20763397216797,12718900.0,4.0,3.943029669804119,113.78104141287061,84.38250305124073,60.00760849438133,94.43996446440103,33.209980637714104,97.05879491170248,93.49288800557454,23.700000762939453,6.800104376703097
100,2020-11-20,KO,53.189998626708984,53.25,52.59000015258789,48.08207321166992,15645600.0,4.0,0.8975170399279335,50.82996024381182,42.49508438814619,57.406552495692466,82.82577216584072,18.576404169906002,46.399609375,45.891387875874834,23.700000762939453,6.800104376703097
100,2020-11-20,MCD,214.38999938964844,215.22000122070312,213.6300048828125,200.1906280517578,3932600.0,4.0,-1.5551044236136988,207.54811904495125,195.97033035690424,48.2932536145041,-65.5547870594112,7.991670644653233,205.55922241210936,205.12066955566405,23.700000762939453,6.800104376703097
100,2020-11-20,MMM,171.5,172.9499969482422,170.9600067138672,153.97596740722656,2656900.0,4.0,1.9759786592345279,156.20918959310828,137.28668748208705,57.4755109890984,103.46534208579305,22.304887183645956,147.68726247151693,146.4365427652995,23.700000762939453,6.800104376703097
100,2020-11-20,MRK,76.78434753417969,77.10877990722656,76.0782470703125,69.76929473876953,8415440.0,4.0,0.19050778521388168,72.24394627002006,65.26272105786079,50.18361618499461,38.56915389398939,11.943487271676766,68.8034891764323,70.46595001220703,23.700000762939453,6.800104376703097
100,2020-11-20,MSFT,212.1999969482422,213.2899932861328,210.0,205.3033905029297,22843100.0,4.0,0.3056014047810436,219.2317755809795,194.45866478767283,49.62252593202184,-46.187451786278736,8.597001185091967,208.59647165934246,206.66322962443033,23.700000762939453,6.800104376703097
100,2020-11-20,NKE,133.3000030517578,133.52999877929688,131.91000366210938,129.09243774414062,4318100.0,4.0,1.7166983788927013,130.89035621665676,116.88597206093114,61.880648550222624,152.74950681886452,26.362821388534453,124.29232482910156,120.58254407246908,23.700000762939453,6.800104376703097
100,2020-11-20,PG,139.52999877929688,140.35000610351562,138.6300048828125,130.12416076660156,4726900.0,4.0,0.1351358377143015,135.20340295369746,127.4316022342908,51.07827222277723,-87.48881880227518,14.486217189772763,131.94998728434246,130.26286404927572,23.700000762939453,6.800104376703097
100,2020-11-20,TRV,132.9499969482422,134.8000030517578,132.67999267578125,125.82344818115234,1322400.0,4.0,4.3336177828514195,132.20376093713384,109.08355519445799,61.23492739394557,86.59150363957157,27.747047095108652,117.0393056233724,110.88105812072754,23.700000762939453,6.800104376703097
100,2020-11-20,UNH,335.0,337.6600036621094,331.7099914550781,320.99261474609375,3702000.0,4.0,6.199470927820244,360.0975755284869,286.3817182947553,53.23451760607137,3.5417604015657393,9.382890416642246,319.8519775390625,308.0716979980469,23.700000762939453,6.800104376703097
100,2020-11-20,V,207.1300048828125,208.11000061035156,203.80999755859375,199.95425415039062,9653500.0,4.0,3.0448636949453203,218.63786698474044,172.68423079357987,52.04663215211941,44.288955996855705,5.025603176431834,195.7850565592448,197.5772486368815,23.700000762939453,6.800104376703097
100,2020-11-20,VZ,60.209999084472656,60.33000183105469,59.95000076293945,50.72978210449219,14225400.0,4.0,0.5437668900615904,52.75588145595547,46.99692692417148,55.946393604644136,68.82581945240699,14.69454979980982,49.590253067016604,49.77954209645589,23.700000762939453,6.800104376703097
100,2020-11-20,WBA,37.40999984741211,38.08000183105469,37.13999938964844,32.99513244628906,9018500.0,4.0,0.6891941343492078,38.36951848018732,28.150774946326358,49.71841129643314,-6.689785554007117,0.2875061906439545,32.93172334035238,32.1748153368632,23.700000762939453,6.800104376703097
100,2020-11-20,WMT,151.1699981689453,152.75999450683594,149.80999755859375,143.4204559326172,7312400.0,4.0,2.391125554193792,147.06820986224608,130.45855557964848,59.14910651844977,146.1471456719076,50.88945971677818,138.40365397135417,135.82143809000652,23.700000762939453,6.800104376703097
101,2020-11-23,AAPL,117.18000030517578,117.62000274658203,113.75,112.0215835571289,127959300.0,0.0,0.5325984950429472,121.49268920184001,106.7913600230135,49.48231386028163,-44.391805965756966,8.183760662809116,114.67139155069987,114.2659907023112,22.65999984741211,23.258448684416553
101,2020-11-23,AMGN,222.05999755859375,223.1699981689453,220.33999633789062,203.53997802734375,2032600.0,0.0,-1.5491740798767353,223.30156428856608,193.22689030127768,43.59302708445283,-81.36491225632739,20.61713422168677,209.15294494628907,217.05681457519532,22.65999984741211,23.258448684416553
101,2020-11-23,AXP,114.23999786376953,116.77999877929688,113.72000122070312,111.63192749023438,3022900.0,0.0,3.9678306698589694,122.13369630588893,81.00008436427707,59.02774961762156,95.96248336433027,26.996848275897538,100.68927154541015,99.39367116292318,22.65999984741211,23.258448684416553
101,2020-11-23,BA,203.24000549316406,214.2100067138672,201.8699951171875,211.52999877929688,28372400.0,0.0,12.119341694499496,224.0007846342589,127.13621487745982,62.053075586555735,147.9116169264982,55.93550762321953,172.1270009358724,168.0400011698405,22.65999984741211,23.258448684416553
101,2020-11-23,CAT,173.75999450683594,175.5,173.24000549316406,164.76284790039062,2403500.0,0.0,3.893628662251018,170.71177080767907,142.49888898236,60.179890755585504,106.20017810558946,24.024994906868255,156.46492462158204,148.56333719889324,22.65999984741211,23.258448684416553
101,2020-11-23,CRM,261.2300109863281,261.739990234375,254.61000061035156,257.6400146484375,5383600.0,0.0,2.4761118634916386,269.758595395582,230.4844069237539,54.67803992668399,53.11159261033211,4.6831439757249145,251.82466583251954,252.24400049845377,22.65999984741211,23.258448684416553
101,2020-11-23,CSCO,41.029998779296875,41.79999923706055,41.02000045776367,38.05610275268555,19651400.0,0.0,0.750902343780929,39.73817971560285,30.992792192966483,55.70275790267154,107.98451791806608,38.283855581434636,35.540350977579756,35.830621337890626,22.65999984741211,23.258448684416553
101,2020-11-23,CVX,87.44999694824219,91.58000183105469,86.76000213623047,81.1747055053711,13379300.0,0.0,3.7336676196363214,83.43218378258904,54.67057500647347,63.4538976801185,150.84655828234125,42.03397743661317,67.22780011494955,67.12286904652913,22.65999984741211,23.258448684416553
101,2020-11-23,DIS,142.4499969482422,147.75,141.6999969482422,145.97999572753906,12887000.0,0.0,4.922757849424812,153.21077524677594,113.43422444804827,62.14163986475717,121.18551628720844,44.64524984129283,131.06499989827475,129.46533368428547,22.65999984741211,23.258448684416553
101,2020-11-23,GS,226.05999755859375,230.0,225.72999572753906,212.95396423339844,3371300.0,0.0,6.1684365437813256,221.21709749887043,168.41244046499673,62.40004368311073,140.01390822870562,41.09491932472299,193.9361083984375,190.4554328918457,22.65999984741211,23.258448684416553
101,2020-11-23,HD,270.010009765625,273.69000244140625,269.54998779296875,252.61805725097656,3294200.0,0.0,-1.881853742547321,265.85425723668743,245.57444759729697,47.96612173805761,-80.88763425350942,15.808234810803649,258.8128204345703,258.50883865356445,22.65999984741211,23.258448684416553
101,2020-11-23,HON,203.64999389648438,205.3000030517578,203.4199981689453,193.94371032714844,2806400.0,0.0,8.615101091148716,209.56124732621905,147.65365898481613,65.60396904891947,102.67668512388533,50.21103565286713,173.5721674601237,165.45513534545898,22.65999984741211,23.258448684416553
101,2020-11-23,IBM,112.26577758789062,115.21988677978516,112.11280822753906,100.34172821044922,5910318.0,0.0,0.3398133995856085,102.1474392168747,88.3771098859085,52.54542120938035,52.075311997156746,10.334261521068628,96.55669453938802,98.80320943196615,22.65999984741211,23.258448684416553
101,2020-11-23,INTC,45.47999954223633,46.209999084472656,45.45000076293945,42.3358268737793,35489600.0,0.0,-0.861849908017625,42.91637280859479,40.151165643553654,43.97880287190469,-37.85524293231249,12.744068979328308,43.679970804850264,44.99122714996338,22.65999984741211,23.258448684416553
101,2020-11-23,JNJ,146.00999450683594,146.00999450683594,143.0399932861328,133.7762451171875,7318300.0,0.0,0.6242497258627111,141.69398840859975,124.31784096762097,48.64434134893471,-3.480033779069399,8.36673521818498,133.57490107218425,135.20244153340658,22.65999984741211,23.258448684416553
101,2020-11-23,JPM,116.05000305175781,118.16999816894531,115.56999969482422,108.23796844482422,13209200.0,0.0,4.031912350922042,114.79161271764168,84.89903593348136,62.33308374072033,107.49389575768049,38.80345202028019,97.53109817504883,93.73844998677572,22.65999984741211,23.258448684416553
101,2020-11-23,KO,52.95000076293945,53.16999816894531,52.20000076293945,48.0911979675293,13191900.0,0.0,0.8489920853435962,50.967837650044466,42.62012049509713,57.43274433055138,71.16162912265592,13.124861200248757,46.44799257914225,45.940837987264,22.65999984741211,23.258448684416553
101,2020-11-23,MCD,215.13999938964844,217.60000610351562,214.64999389648438,202.91172790527344,3010300.0,0.0,-1.3314158633928912,205.89113098180385,196.94751953089147,50.975655711975094,-39.17801260178996,15.659047586359682,205.2752721150716,205.17272262573243,22.65999984741211,23.258448684416553
101,2020-11-23,MMM,173.75999450683594,174.86000061035156,173.4499969482422,155.0892333984375,2064300.0,0.0,2.2166855475116165,157.33652260281664,136.99697349093336,58.35332680976628,131.00558414960784,27.307933010122465,147.89318186442057,146.58350372314453,22.65999984741211,23.258448684416553
101,2020-11-23,MRK,76.91793823242188,77.4427490234375,75.74427795410156,69.62187194824219,9498548.0,0.0,0.1793521123951365,72.3223865462132,65.30916252605242,49.80768326634368,36.18696704035278,11.943487271676775,68.80117670694987,70.39727147420247,22.65999984741211,23.258448684416553
101,2020-11-23,MSFT,210.9499969482422,212.2899932861328,208.16000366210938,205.03013610839844,25683500.0,0.0,0.04226989621287203,219.23972623548548,194.5071686009403,49.478264429542065,-56.94472661526661,12.991036338877693,208.24804077148437,206.36719258626303,22.65999984741211,23.258448684416553
101,2020-11-23,NKE,134.3800048828125,134.88999938964844,133.08999633789062,130.20883178710938,6118400.0,0.0,1.9164403485963675,131.71760591199381,116.61788603136557,62.92523967844538,178.46213249834616,30.396775920142804,124.44344100952148,120.93590291341145,22.65999984741211,23.258448684416553
101,2020-11-23,PG,139.32000732421875,139.9499969482422,137.86000061035156,129.61972045898438,4770600.0,0.0,-0.025441345227250167,135.14245750337443,127.25527809232871,50.307527104848354,-101.57100872874193,18.088656846656423,131.7964121500651,130.2746379852295,22.65999984741211,23.258448684416553
101,2020-11-23,TRV,135.55999755859375,135.55999755859375,133.6300048828125,125.89822387695312,918000.0,0.0,4.173578532793755,132.5515267508733,109.95989216392162,61.28981483410246,86.46749226045037,29.68168958243828,117.60319646199544,111.18663241068522,22.65999984741211,23.258448684416553
101,2020-11-23,UNH,335.54998779296875,336.260009765625,331.5899963378906,321.33782958984375,2535700.0,0.0,5.11276503508077,360.1470663653015,287.4830788983704,53.35708686790744,1.1359811806362587,9.209006132464639,320.0146942138672,308.42302958170575,22.65999984741211,23.258448684416553
101,2020-11-23,V,204.6999969482422,209.0,204.6999969482422,204.15185546875,6101900.0,0.0,3.008218448257935,219.47094077471687,173.35958748456048,54.464679911779605,61.06321723079343,6.98250884272288,195.85274556477864,197.4591428120931,22.65999984741211,23.258448684416553
101,2020-11-23,VZ,60.0099983215332,60.38999938964844,60.0,50.89033126831055,11601400.0,0.0,0.520287110562208,52.84920034033462,47.10808229821518,56.67273172465456,70.78820140840422,15.609471609152184,49.6094051361084,49.80199368794759,22.65999984741211,23.258448684416553
101,2020-11-23,WBA,37.68000030517578,38.040000915527344,37.220001220703125,33.39076614379883,8205200.0,0.0,0.5746929528707483,38.403894475368084,28.222514673801832,50.53034465668947,-2.013988042235657,0.2875061906439459,32.975204404195146,32.17005631128947,22.65999984741211,23.258448684416553
101,2020-11-23,WMT,150.3699951171875,151.39999389648438,149.3699951171875,144.0791015625,6185700.0,0.0,2.407440020850487,147.67990826330774,130.6840474251688,59.763659627805,121.71513356964637,46.73044335958711,138.6162124633789,135.99056218465168,22.65999984741211,23.258448684416553
102,2020-11-24,AAPL,113.91000366210938,115.8499984741211,112.58999633789062,113.32038879394531,113874200.0,1.0,0.3349343385914523,121.43867965091624,106.72442383419119,50.5580933529412,-53.56398519194577,12.495142671373099,114.48373998006186,114.0421812693278,21.639999389648438,14.669697532908824
102,2020-11-24,AMGN,222.4499969482422,223.0500030517578,219.82000732421875,201.92791748046875,3198300.0,1.0,-2.023546420263358,223.34036167545148,193.0514046819704,42.75506250519769,-83.07365238335112,21.559692010583813,208.62581736246744,216.581276957194,21.639999389648438,14.669697532908824
102,2020-11-24,AXP,119.0,120.83999633789062,117.88999938964844,115.76680755615234,6163400.0,1.0,4.324969557089275,123.69258204263565,81.88942631918076,61.51023395955448,120.52595805956838,34.459076966581556,101.1822509765625,99.70174395243326,21.639999389648438,14.669697532908824
102,2020-11-24,BA,219.42999267578125,222.9499969482422,215.75999450683594,218.49000549316406,31132000.0,1.0,13.255749887700858,229.76450657936084,127.69749293235793,63.64821633509754,163.8604728410496,60.38421138526896,174.00533447265624,168.81783447265624,21.639999389648438,14.669697532908824
102,2020-11-24,CAT,176.25,178.32000732421875,175.27000427246094,166.7613525390625,3447000.0,1.0,4.075614707475438,171.80784367702188,143.19297877170857,61.21138876362746,127.4907134866858,29.546178453667714,156.9602828979492,149.120369720459,21.639999389648438,14.669697532908824
102,2020-11-24,CRM,260.0,262.30999755859375,257.82000732421875,260.8399963378906,5797300.0,1.0,2.7535502779218177,270.86299893368124,230.434002714268,55.75469876592265,78.8086750289501,5.610329245501616,251.6249994913737,252.04716720581055,21.639999389648438,14.669697532908824
102,2020-11-24,CSCO,42.13999938964844,42.709999084472656,41.900001525878906,38.9426155090332,22849700.0,1.0,0.8569441490557779,40.20362402480679,31.051944670261566,58.29837848768598,136.64626457627233,45.110976686284374,35.6256514231364,35.84243939717611,21.639999389648438,14.669697532908824
102,2020-11-24,CVX,93.38999938964844,95.81999969482422,93.0,85.26776123046875,17257400.0,1.0,4.345286450639136,85.8379044156255,54.68305887172801,66.53958411408627,178.124836747248,50.01980093922581,67.9199166615804,67.31469707489013,21.639999389648438,14.669697532908824
102,2020-11-24,DIS,148.16000366210938,151.86000061035156,147.85000610351562,151.49000549316406,16711700.0,1.0,5.508841858137458,155.60169573491385,113.86130475336739,65.10380685445557,146.51950399871723,50.68261493244035,131.81599985758464,129.79233385721844,21.639999389648438,14.669697532908824
102,2020-11-24,GS,231.10000610351562,238.1199951171875,230.6300048828125,221.0224151611328,3915200.0,1.0,7.071575978395572,224.8982738762314,168.62311589427642,65.8017037682136,169.71232569730736,50.650832124723756,194.76404978434246,190.9615353902181,21.639999389648438,14.669697532908824
102,2020-11-24,HD,274.0,275.54998779296875,272.57000732421875,254.3959503173828,4773400.0,1.0,-1.777756752410255,265.662203995935,245.43793791080324,49.006676087060164,-50.93765416303873,10.849808311236732,258.28381907145183,258.3500661214193,21.639999389648438,14.669697532908824
102,2020-11-24,HON,208.3000030517578,208.7899932861328,206.74000549316406,197.08160400390625,4053600.0,1.0,8.714932020815183,210.8957005357834,150.2930827283768,66.87089798543086,108.38049871731387,54.04874267689459,174.74582010904948,166.136319732666,21.639999389648438,14.669697532908824
102,2020-11-24,IBM,115.54492950439453,119.24474334716797,115.49713134765625,103.95967864990234,8109115.0,1.0,0.8257121736474176,103.51380099834041,88.30086651264592,56.312161555255315,127.43075695588162,24.677591983600706,96.58755671183268,98.84321161905925,21.639999389648438,14.669697532908824
102,2020-11-24,INTC,46.290000915527344,47.29999923706055,46.0099983215332,43.209014892578125,33901200.0,1.0,-0.7039287142271036,43.18478573422138,40.03896724124249,46.504278589649466,-16.74312208341423,0.2887370861140885,43.482927576700845,44.936506017049155,21.639999389648438,14.669697532908824
102,2020-11-24,JNJ,144.0,144.75999450683594,143.61000061035156,133.7762451171875,11034800.0,1.0,0.4650323667622729,141.77095040448097,124.39968176714989,48.6443413489347,-5.439260820814255,8.366735218184976,133.46746699015299,135.0710028330485,21.639999389648438,14.669697532908824
102,2020-11-24,JPM,120.06999969482422,123.5,119.70999908447266,113.24260711669922,20121600.0,1.0,4.454832495412745,116.45106512413219,85.44254296912953,65.73690220278286,138.6891437536132,48.54614206570551,98.22103474934896,94.10654589335124,21.639999389648438,14.669697532908824
102,2020-11-24,KO,53.13999938964844,53.59000015258789,53.02000045776367,48.584163665771484,13827600.0,1.0,0.8406237340578926,51.14969119162313,42.74134694009074,58.8470485057125,87.01706244144106,17.49172628159924,46.53928209940592,46.003031984965006,21.639999389648438,14.669697532908824
102,2020-11-24,MCD,219.00999450683594,221.25,218.25,205.44578552246094,3870900.0,1.0,-0.938841416681953,204.84110500267226,197.69270999976916,53.30913449636576,2.834680493782772,25.796360706707123,205.03713938395182,205.2691914876302,21.639999389648438,14.669697532908824
102,2020-11-24,MMM,175.0,177.22000122070312,174.89999389648438,157.70758056640625,3086000.0,1.0,2.588883190785907,158.85399765929978,137.0319093231221,60.3449813147131,154.9446079731817,33.00588813613987,148.24583282470704,146.81295420328777,21.639999389648438,14.669697532908824
102,2020-11-24,MRK,76.35496520996094,77.18511199951172,76.02098846435547,69.5004653930664,12790840.0,1.0,0.15888316077219145,72.38252429388757,65.43548184014563,49.49183194448274,35.158809699150154,11.943487271676762,68.78469924926758,70.33202222188314,21.639999389648438,14.669697532908824
102,2020-11-24,MSFT,209.58999633789062,214.25,208.86000061035156,208.6894989013672,33979700.0,1.0,0.1273893086402893,219.3202493874129,194.54050653299726,51.43423963851749,-20.725097644186704,7.1268762204665865,207.9742228190104,206.18697306315104,21.639999389648438,14.669697532908824
102,2020-11-24,NKE,135.0,135.99000549316406,134.2100067138672,130.76214599609375,7204700.0,1.0,2.0952325939686887,132.59944508698672,116.38743006560115,63.43892523325333,185.07206250663788,33.5444157111363,124.62141418457031,121.30495567321778,21.639999389648438,14.669697532908824
102,2020-11-24,PG,138.8300018310547,139.83999633789062,138.07000732421875,129.19935607910156,7101800.0,1.0,-0.18449309042594564,134.95598388913245,127.06342834231285,49.6615248735152,-97.7939131044454,18.08865684665644,131.637494913737,130.28621889750164,21.639999389648438,14.669697532908824
102,2020-11-24,TRV,136.8000030517578,136.94000244140625,134.75999450683594,127.54407501220703,2098500.0,1.0,4.131922475500502,132.67474694812702,111.45446905529094,62.498826733986164,93.70258302128107,33.15579314445618,118.33572489420573,111.51731758117675,21.639999389648438,14.669697532908824
102,2020-11-24,UNH,336.17999267578125,340.0,334.42999267578125,322.2489318847656,3759700.0,1.0,4.275772680705018,360.0740236435776,289.0426420058364,53.68848198468141,12.2262108555248,13.775792918324697,320.1614288330078,308.81851857503256,21.639999389648438,14.669697532908824
102,2020-11-24,V,210.85000610351562,213.82000732421875,209.39999389648438,205.64259338378906,10110800.0,1.0,3.064145357058578,220.26414872762447,174.51864546182864,55.29289975064176,88.01191494155806,16.89559899033895,196.03802134195965,197.42659759521484,21.639999389648438,14.669697532908824
102,2020-11-24,VZ,60.599998474121094,60.79999923706055,60.36000061035156,51.23674392700195,15481400.0,1.0,0.5235961323251104,52.948691498569914,47.28403898543887,58.21064553011963,84.60925736291432,21.740824090179746,49.645455551147464,49.83007933298747,21.639999389648438,14.669697532908824
102,2020-11-24,WBA,38.41999816894531,38.59000015258789,37.70000076293945,33.865509033203125,8786000.0,1.0,0.5163060702076763,38.44627705776729,28.438851535677532,51.502463856123036,15.533858968864639,3.8472278859719204,33.05623099009196,32.18392521540324,21.639999389648438,14.669697532908824
102,2020-11-24,WMT,151.74000549316406,151.97999572753906,150.27000427246094,144.48960876464844,5718400.0,1.0,2.4255338097602817,148.29393866605218,130.88047997408452,60.1501835776007,121.98538988372508,48.72203582187496,138.77945149739583,136.18959833780926,21.639999389648438,14.669697532908824
103,2020-11-25,AAPL,115.55000305175781,116.75,115.16999816894531,114.16657257080078,76499200.0,2.0,0.24375418296017415,121.32200800762176,107.33518269672395,51.25766160460516,-10.53740103489979,8.278312930677943,114.3213483174642,113.74832916259766,21.25,16.832219967690623
103,2020-11-25,AMGN,221.10000610351562,223.77000427246094,218.9199981689453,201.79052734375,2550300.0,2.0,-2.3831052001875435,222.95661747418634,193.92883174456367,42.68272587977462,-78.47849535889372,23.24585482689259,208.1453592936198,216.1407501220703,21.25,16.832219967690623
103,2020-11-25,AXP,119.5,120.9800033569336,118.25,115.94952392578125,4646600.0,2.0,4.570067489025405,124.66868308270008,83.7000379256007,61.61654504708793,110.69362980723986,34.70511025409895,101.6877311706543,99.9988171895345,21.25,16.832219967690623
103,2020-11-25,BA,217.7100067138672,221.0,213.08999633789062,217.61000061035156,19254100.0,2.0,13.924835690723086,233.92327934294232,130.48572029084673,63.30017883195925,140.47867649805204,55.26524040039354,175.81766764322916,169.57633438110352,21.25,16.832219967690623
103,2020-11-25,CAT,176.4600067138672,176.47999572753906,172.77999877929688,164.6214599609375,2506400.0,2.0,4.001046933741264,171.36726220817425,145.84604498176716,59.50403914514095,94.18194803619386,21.23068956577121,157.33777364095053,149.58333409627278,21.25,16.832219967690623
103,2020-11-25,CRM,263.7300109863281,266.1000061035156,245.0500030517578,246.82000732421875,26394900.0,2.0,1.8211333846848277,270.5498094780124,231.58619363478059,50.335137585654365,9.577555435570803,14.3436934093772,251.12466684977213,251.47333399454752,21.25,16.832219967690623
103,2020-11-25,CSCO,42.779998779296875,42.79999923706055,42.209999084472656,38.84208679199219,22617700.0,2.0,0.922240205401117,40.50142803922086,31.374700729700034,57.90038644277135,130.86005348341894,45.74548934824848,35.7051638285319,35.85544961293538,21.25,16.832219967690623
103,2020-11-25,CVX,94.68000030517578,94.68000030517578,92.13999938964844,82.1645278930664,10556600.0,2.0,4.527404682194543,86.88817492823196,55.971795546011215,62.40688968203043,143.3633507986688,45.66860165087455,68.5217741648356,67.46725419362386,21.25,16.832219967690623
103,2020-11-25,DIS,150.27000427246094,150.27000427246094,147.24000549316406,149.08999633789062,9552000.0,2.0,5.713791939663878,156.59543873546502,115.92956126453495,62.8866817186693,121.44385282262238,48.11956509076957,132.56599985758464,130.05133374532065,21.25,16.832219967690623
103,2020-11-25,GS,235.0,237.4499969482422,232.42999267578125,220.12905883789062,2272800.0,2.0,7.627311202197717,227.2426110406144,170.63129185245202,65.12683188224496,152.0860285693314,50.650832124723735,195.54918314615887,191.44359690348307,21.25,16.832219967690623
103,2020-11-25,HD,273.4800109863281,274.739990234375,271.2099914550781,255.00091552734375,3001700.0,2.0,-1.6276806123070173,265.64182719344825,245.85297261123924,49.36312189817903,-53.85307134109826,13.7366881887985,257.8764419555664,258.18748626708987,21.25,16.832219967690623
103,2020-11-25,HON,208.0,208.63999938964844,206.5500030517578,196.8825225830078,2434300.0,2.0,8.677950533036977,210.79164556732766,154.87856927642233,66.70962997773567,98.4304724781891,53.36080078326687,175.85244700113932,166.77612864176433,21.25,16.832219967690623
103,2020-11-25,IBM,117.5239028930664,118.86233520507812,116.73995971679688,103.7758560180664,4326151.0,2.0,1.182328357353967,104.0873953082839,89.3210420391282,56.078201743760836,135.36852888441592,24.67759198360069,96.58923034667968,98.87891476949056,21.25,16.832219967690623
103,2020-11-25,INTC,47.029998779296875,47.18000030517578,46.56999969482422,43.24577713012695,28126900.0,2.0,-0.5692467033989814,43.37674158590023,40.13374120218571,46.60910613819459,-8.932755678706393,0.28873708611409005,43.295626703898115,44.88483085632324,21.25,16.832219967690623
103,2020-11-25,JNJ,144.05999755859375,144.1699981689453,142.86000061035156,133.5995635986328,7594600.0,2.0,0.3208956552545885,141.6944080414976,125.05967597339496,48.39277509804727,-13.721337846732354,11.76091919655826,133.3621462504069,134.96570676167806,21.25,16.832219967690623
103,2020-11-25,JPM,121.37000274658203,122.37999725341797,120.47000122070312,112.05801391601562,11715600.0,2.0,4.640915401777846,117.24254518907941,86.99176419812761,64.3138186972979,121.28561522392877,48.54614206570551,98.88862584431966,94.45565668741862,21.25,16.832219967690623
103,2020-11-25,KO,53.06999969482422,53.279998779296875,52.790000915527344,48.31942367553711,10194800.0,2.0,0.803368716205,51.140912980307725,43.20383341861805,57.780514564460795,70.6997625573095,14.133374042674617,46.62478968302409,46.067001787821454,21.25,16.832219967690623
103,2020-11-25,MCD,219.97999572753906,220.58999633789062,217.9199981689453,205.0997772216797,1889200.0,2.0,-0.6481715987607117,205.43561713670348,197.53300621534729,52.953112488954524,0.9292064693473274,24.351837660196775,204.77905832926433,205.3728286743164,21.25,16.832219967690623
103,2020-11-25,MMM,176.83999633789062,177.33999633789062,175.4499969482422,157.74319458007812,2052200.0,2.0,2.853829092552587,159.9031471330958,137.75947341133778,60.371647239934255,144.55878759416876,33.2900969035644,148.54757639567057,147.01680374145508,21.25,16.832219967690623
103,2020-11-25,MRK,76.46946716308594,76.77481079101562,75.9542007446289,69.43106842041016,6023590.0,2.0,0.1354996577130123,72.28694507890505,65.86754863447386,49.30694082114692,26.765171506277238,11.20339503158803,68.7716901143392,70.27766990661621,21.25,16.832219967690623
103,2020-11-25,MSFT,215.11000061035156,215.2899932861328,212.4600067138672,208.6992645263672,21012900.0,2.0,0.19340560118439498,219.03981108864312,195.9645346144819,51.439429869594356,8.041815529804586,4.063523348756205,207.76561584472657,205.97869084676105,21.25,16.832219967690623
103,2020-11-25,NKE,134.25,135.8000030517578,133.6199951171875,131.5775909423828,4484500.0,2.0,2.2764844332780996,133.32851357855256,116.96501211724824,64.19524557279638,164.7622851066309,30.169264234346606,124.87640177408854,121.63986981709799,21.25,16.832219967690623
103,2020-11-25,PG,138.16000366210938,139.38999938964844,138.0399932861328,129.54495239257812,8411300.0,2.0,-0.27943485906010324,134.90245067926975,127.21223743108179,50.20533874349172,-92.20988217181186,18.2420652659407,131.4953623453776,130.30588239034017,21.25,16.832219967690623
103,2020-11-25,TRV,135.55999755859375,136.5,134.02999877929688,127.19806671142578,986700.0,2.0,4.024596725986214,132.8017820904708,112.68525861997841,62.07717248871087,82.6294811564126,29.536936767576126,119.08352711995443,111.86311937967936,21.25,16.832219967690623
103,2020-11-25,UNH,338.82000732421875,338.82000732421875,329.1400146484375,319.54443359375,3145100.0,2.0,3.3555392324868194,358.65016308319315,292.8823320339944,52.54214820438931,-4.084333843845611,5.734398564331674,320.52394714355466,309.1644744873047,21.25,16.832219967690623
103,2020-11-25,V,209.6699981689453,211.9499969482422,208.8699951171875,206.8292694091797,6772900.0,2.0,3.167707314901577,219.99830960173068,177.7553692923123,55.9526374060232,79.7936676394273,15.449403528174486,196.3320551554362,197.39163360595703,21.25,16.832219967690623
103,2020-11-25,VZ,60.66999816894531,60.7400016784668,60.33000183105469,51.04241943359375,10604300.0,2.0,0.5047200942626375,52.88187396849033,47.697279855362204,57.035814569770515,74.02964078416493,21.052930175422237,49.70122159322103,49.856459045410155,21.25,16.832219967690623
103,2020-11-25,WBA,38.5,39.18000030517578,38.06999969482422,34.349056243896484,6644000.0,2.0,0.503251098373596,38.411033933236915,28.903675920889064,52.48625646552627,31.39142710775019,7.628669501365234,33.16119575500488,32.22409890492757,21.25,16.832219967690623
103,2020-11-25,WMT,151.25,152.38999938964844,151.2100067138672,144.93826293945312,4611100.0,2.0,2.4478585208875927,148.70355403557204,131.59634678229907,60.57834445673392,120.34162845596627,50.13091849550943,139.03051300048827,136.2570571899414,21.25,16.832219967690623
104,2020-11-27,AAPL,116.56999969482422,117.48999786376953,116.22000122070312,114.71758270263672,46691300.0,4.0,0.21349413783471505,121.37816087957093,107.42353284601502,51.71785416316572,15.266174884748256,4.824752518960536,114.19303944905599,113.50917116800944,20.84000015258789,6.264472781511508
104,2020-11-27,AMGN,221.41000366210938,226.2100067138672,221.38999938964844,205.91226196289062,1698300.0,4.0,-2.308853560137578,222.58243644903098,195.07786781122292,45.542152133904665,-42.57776349740078,16.018263186162905,207.88235168457032,215.65883763631186,20.84000015258789,6.264472781511508
104,2020-11-27,AXP,120.52999877929688,121.69000244140625,119.79000091552734,115.9591293334961,2447700.0,4.0,4.710781485442368,125.15413158613005,86.05322696489533,61.6223097074687,106.3641664701719,36.00732690415467,102.20571212768554,100.26524772644044,20.84000015258789,6.264472781511508
104,2020-11-27,BA,218.25,219.92999267578125,216.0399932861328,216.5,9970200.0,4.0,14.201813571003385,236.91147601018474,134.31852429499105,62.851724321715196,128.1790331636402,55.26524040039354,177.5596674601237,170.27166773478191,20.84000015258789,6.264472781511508
104,2020-11-27,CAT,174.41000366210938,175.9199981689453,173.8800048828125,165.04568481445312,976900.0,4.0,3.9308702111959235,171.1084184019067,148.0289137514136,59.73437000039205,93.28121093834136,21.230689565771215,157.68474426269532,150.0030850728353,20.84000015258789,6.264472781511508
104,2020-11-27,CRM,251.0,251.83999633789062,247.02999877929688,247.6300048828125,7395000.0,4.0,1.1344688617837164,270.0324330759791,233.15257058613025,50.6220011748737,-26.28353660827692,14.343693409377206,250.7883336385091,250.9890007019043,20.84000015258789,6.264472781511508
104,2020-11-27,CSCO,42.86000061035156,42.97999954223633,42.63999938964844,39.024871826171875,10769500.0,4.0,0.9774693667412677,40.739234984347064,31.777559983304297,58.43412502056112,129.48571492849678,47.05401286255223,35.78833147684733,35.86562004089355,20.84000015258789,6.264472781511508
104,2020-11-27,CVX,91.33000183105469,92.58999633789062,90.54000091552734,81.42438507080078,4627700.0,4.0,4.559452818734499,87.64493532511831,57.31129674580454,61.464988431105695,117.87857134597137,37.72430445713325,69.08255577087402,67.60586477915446,20.84000015258789,6.264472781511508
104,2020-11-27,DIS,149.0,150.35000610351562,146.52999877929688,147.1300048828125,5306400.0,4.0,5.652898332595299,157.1829518133698,117.90104858335872,61.12799490072315,105.46022732258633,45.04978770320795,133.225,130.24700050354005,20.84000015258789,6.264472781511508
104,2020-11-27,GS,237.0,237.3000030517578,233.7899932861328,219.06814575195312,1050400.0,4.0,7.891164123367361,228.69585467166036,173.4086497228709,64.31645942110691,136.43769260358263,50.650832124723756,196.3805379231771,191.83693923950196,20.84000015258789,6.264472781511508
104,2020-11-27,HD,275.239990234375,276.5799865722656,274.3599853515625,256.890380859375,1625300.0,4.0,-1.3408239448583572,265.68714511325095,246.39963772366306,50.48147684218337,-20.41662654291915,8.64845881332833,257.518083190918,258.0135813395182,20.84000015258789,6.264472781511508
104,2020-11-27,HON,207.6699981689453,209.4199981689453,207.60000610351562,198.52256774902344,1434200.0,4.0,8.680912223570544,210.57426457267766,159.4167968286895,67.38004351681536,95.69896318042304,54.25722695220704,177.0407918294271,167.37250289916992,20.84000015258789,6.264472781511508
104,2020-11-27,IBM,118.73805236816406,119.79923248291016,118.46080017089844,103.90119171142578,2187395.0,4.0,1.4582529627783174,104.69188465489803,90.13671718226017,56.206537417282895,153.38548064999515,27.751706414616255,96.62390823364258,98.85109252929688,20.84000015258789,6.264472781511508
104,2020-11-27,INTC,47.36000061035156,48.099998474121094,47.36000061035156,43.61343765258789,15921400.0,4.0,-0.42791042299946014,43.584887439621816,40.26186663447486,47.67000837767107,15.331042480303186,9.368011098481139,43.1114559173584,44.81707909901937,20.84000015258789,6.264472781511508
104,2020-11-27,JNJ,144.5,144.66000366210938,143.22000122070312,133.89715576171875,3059000.0,4.0,0.22805064750750148,141.4356463073609,126.03968786011954,48.85365553399178,-3.2100771668381785,8.942643285884003,133.29475580851238,134.82981910705567,20.84000015258789,6.264472781511508
104,2020-11-27,JPM,122.0,122.3499984741211,121.08000183105469,111.31421661376953,5983600.0,4.0,4.6744846700980816,117.59095424205066,88.85182529896497,63.42201391050796,110.7038473414063,48.5461420657055,99.48550974527994,94.76947326660157,20.84000015258789,6.264472781511508
104,2020-11-27,KO,53.11000061035156,53.189998626708984,52.61000061035156,48.10945510864258,8499300.0,4.0,0.7482754835912786,51.04661400127114,43.72536552143394,56.933913087475425,60.06274432127003,11.46787429983743,46.707254028320314,46.09623018900553,20.84000015258789,6.264472781511508
104,2020-11-27,MCD,219.02000427246094,220.39999389648438,217.66000366210938,204.15536499023438,1394400.0,4.0,-0.4883899923706281,205.76049787417037,197.5241823016109,51.973054447803925,-1.2431419081561645,23.160759463011736,204.4265345255534,205.40555674235026,20.84000015258789,6.264472781511508
104,2020-11-27,MMM,177.82000732421875,179.6300048828125,175.57000732421875,157.53836059570312,1267100.0,4.0,3.0125454887153182,160.60243400002648,138.820832601536,60.13106600506151,142.05102284379257,38.60360034389945,148.82247823079427,147.1479268391927,20.84000015258789,6.264472781511508
104,2020-11-27,MRK,76.62213897705078,76.98473358154297,75.91603088378906,69.25762176513672,5644528.0,4.0,0.10179889326919067,72.06778880796041,66.43099659243022,48.8352422736316,25.4173834837924,13.133000451839221,68.79481557210286,70.18455276489257,20.84000015258789,6.264472781511508
104,2020-11-27,MSFT,214.85000610351562,216.27000427246094,214.0399932861328,210.0263671875,14512200.0,4.0,0.3487894546219934,218.94495427633552,197.13714868997306,52.158202812305674,32.198610834349864,1.1499343065798937,207.64017588297526,205.7214782714844,20.84000015258789,6.264472781511508
104,2020-11-27,NKE,136.0,136.1300048828125,133.33999633789062,130.3253173828125,3506800.0,4.0,2.292651551252476,133.70116896353227,117.69805817880172,62.15268682758548,138.8915797415525,31.20875398158791,125.04628626505534,121.92220102945963,20.84000015258789,6.264472781511508
104,2020-11-27,PG,138.58999633789062,138.88999938964844,137.52999877929688,129.47959899902344,4252200.0,4.0,-0.3558483689110403,134.83832531050965,127.37350940628725,50.09946078091532,-97.88295220575031,20.93181385633117,131.35755360921223,130.28838132222492,20.84000015258789,6.264472781511508
104,2020-11-27,TRV,135.67999267578125,135.67999267578125,133.5500030517578,125.7205581665039,538000.0,4.0,3.776781320635237,132.65608731448754,113.95125597774879,60.280663570812564,68.22380166405667,27.108830149821323,119.76306457519532,112.1411366780599,20.84000015258789,6.264472781511508
104,2020-11-27,UNH,333.5299987792969,338.8999938964844,331.8399963378906,324.0999450683594,1558600.0,4.0,2.9597214720853344,356.03873345691164,298.77945196789307,54.24449111324492,5.88000207679811,5.841962281652803,320.9513631184896,309.46839904785156,20.84000015258789,6.264472781511508
104,2020-11-27,V,212.0,212.02999877929688,208.80999755859375,206.9371337890625,3512900.0,4.0,3.221350938217597,219.81195599385694,180.53168414286182,56.01367278014083,74.32974420685782,15.61785242136155,196.7161855061849,197.3073824564616,20.84000015258789,6.264472781511508
104,2020-11-27,VZ,60.52000045776367,60.7400016784668,60.40999984741211,51.18605422973633,5763700.0,4.0,0.4956374260226397,52.82487265190357,48.077045759351314,57.68877067382441,71.97263609058338,21.052930175422233,49.76937967936198,49.866143290201826,20.84000015258789,6.264472781511508
104,2020-11-27,WBA,39.2400016784668,39.2400016784668,38.61000061035156,34.287513732910156,3024000.0,4.0,0.48237841473974186,38.16678461895426,29.664318133731292,52.34644889412704,35.913055585028935,8.021905042017071,33.21400578816732,32.25730985005696,20.84000015258789,6.264472781511508
104,2020-11-27,WMT,152.14999389648438,152.72000122070312,151.10000610351562,144.7187042236328,3666500.0,4.0,2.4199389124360096,148.90084997168003,132.51403345117154,60.25062333832881,108.8005258115394,51.282569103344954,139.25548248291017,136.31942494710287,20.84000015258789,6.264472781511508
105,2020-11-30,AAPL,116.97000122070312,120.97000122070312,116.80999755859375,117.13807678222656,169410200.0,0.0,0.38044099044917346,121.02726063316874,108.79551616126486,53.70414586918024,81.06995697377243,9.660214903731749,114.20074691772462,113.48257522583008,20.56999969482422,23.747597269444046
105,2020-11-30,AMGN,224.3300018310547,225.27999877929688,219.4499969482422,203.37510681152344,4857700.0,0.0,-2.426761619921024,222.06624270397114,196.19525937122418,44.139934847541724,-58.33524357987426,20.005369655001303,207.51324157714845,215.2894495646159,20.56999969482422,23.747597269444046
105,2020-11-30,AXP,120.02999877929688,121.4800033569336,118.0,114.03593444824219,3517700.0,0.0,4.613926118735208,124.88248242060381,88.95484744389815,59.763244687345924,89.15108169386006,29.070055157468694,102.64420064290364,100.4986676534017,20.56999969482422,23.747597269444046
105,2020-11-30,BA,215.6999969482422,217.77999877929688,208.52000427246094,210.7100067138672,16501900.0,0.0,13.795095197161118,237.5089932966098,140.3530077409879,60.53744566115556,102.4610596684829,40.8020631747711,179.00500081380207,170.970667775472,20.56999969482422,23.747597269444046
105,2020-11-30,CAT,173.61000061035156,174.8800048828125,172.42999267578125,163.6410369873047,2382600.0,0.0,3.71904052827594,170.65171331576545,150.04481836148062,58.59286002876345,73.00021389019881,16.264656143853763,157.869021097819,150.43862126668293,20.56999969482422,23.747597269444046
105,2020-11-30,CRM,245.47999572753906,247.6300048828125,236.07000732421875,245.8000030517578,18966400.0,0.0,0.4375723645914604,268.5958517409061,235.94215179913297,49.947732414325955,-78.81820611112639,27.734367430903067,250.36333414713542,250.66883392333983,20.56999969482422,23.747597269444046
105,2020-11-30,CSCO,42.439998626708984,43.04999923706055,42.40999984741211,39.31732177734375,34741600.0,0.0,1.0329301659845385,40.953976552190845,32.213536722955645,59.28840991176547,120.75408893947233,42.3641123358705,35.87545954386393,35.90285135904948,20.56999969482422,23.747597269444046
105,2020-11-30,CVX,90.01000213623047,90.8499984741211,86.9000015258789,77.74152374267578,14288400.0,0.0,4.238812673680499,87.64925866888197,58.97343343927233,57.03400812076425,84.1537553504082,21.597129662730833,69.53873761494954,67.69642276763916,20.56999969482422,23.747597269444046
105,2020-11-30,DIS,147.05999755859375,148.69000244140625,146.2899932861328,148.00999450683594,9710100.0,0.0,5.610967774756006,157.46543805885057,120.29456178856157,61.6264300529293,95.31678605746633,43.9716016422769,133.9316665649414,130.49316698710123,20.56999969482422,23.747597269444046
105,2020-11-30,GS,232.0500030517578,235.0,230.36000061035156,214.5825653076172,2705400.0,0.0,7.650134620195786,228.55959699048623,177.41070788011922,60.99679750661729,107.35041491603747,39.01469954884829,197.13651275634766,192.19398778279623,20.56999969482422,23.747597269444046
105,2020-11-30,HD,275.2200012207031,277.760009765625,271.9200134277344,258.2121887207031,4624100.0,0.0,-0.9953552854708789,265.4951343880021,247.58760792156826,51.260493115423586,-15.308750169380591,14.096124244944876,257.20006154378257,258.0567085266113,20.56999969482422,23.747597269444046
105,2020-11-30,HON,207.1699981689453,208.25,203.9199981689453,193.31797790527344,6465700.0,0.0,8.169123905557626,208.6173605816393,165.1410592181654,63.20167536072922,75.21404901992963,40.625638199791084,177.98488108317056,167.97916564941406,20.56999969482422,23.747597269444046
105,2020-11-30,IBM,118.64244842529297,119.50286865234375,117.67686462402344,103.20767974853516,6263448.0,0.0,1.602492050184722,105.21840568729338,90.734517896691,55.28193931624652,143.6999947319792,23.25242274573869,96.60691731770834,98.86291287740072,20.56999969482422,23.747597269444046
105,2020-11-30,INTC,47.41999816894531,48.5,47.27000045776367,44.44066619873047,46332700.0,0.0,-0.24631065635028193,43.979433855756284,40.270801129595284,49.983272474317474,36.8064703870484,13.25027652493722,42.94543011983236,44.791402117411295,20.56999969482422,23.747597269444046
105,2020-11-30,JNJ,144.22999572753906,144.86000061035156,143.05999755859375,134.52940368652344,15663200.0,0.0,0.20314569643639402,141.06452001483322,127.20267511456127,49.838210500821,4.598906676996991,7.757078023130723,133.22042973836264,134.77033983866374,20.56999969482422,23.747597269444046
105,2020-11-30,JPM,120.0,120.72000122070312,117.7699966430664,108.24715423583984,14411800.0,0.0,4.4028489536469095,117.23442261137689,91.03023116669928,59.88009010751609,81.80911972943893,32.53984661616856,99.98658625284831,95.03702456156412,20.56999969482422,23.747597269444046
105,2020-11-30,KO,52.09000015258789,52.189998626708984,51.08000183105469,47.47462844848633,43203600.0,0.0,0.6459424710912458,50.832249903832945,44.29982979282232,54.43912927847541,18.063504780590513,8.0450603959161,46.767340596516924,46.12559407552083,20.56999969482422,23.747597269444046
105,2020-11-30,MCD,216.4600067138672,217.57000732421875,214.42999267578125,204.5316162109375,3413600.0,0.0,-0.32762493280810645,206.04905383601852,197.77164776310258,52.33662164903881,-25.36133732498367,9.262434459024862,204.0949676513672,205.48242568969727,20.56999969482422,23.747597269444046
105,2020-11-30,MMM,175.77000427246094,176.0,172.6999969482422,153.83346557617188,6141300.0,0.0,2.80701775778374,160.60795222122985,140.07479161421938,55.958600822274846,84.84621690748595,25.239435674228115,148.9182576497396,147.26439310709637,20.56999969482422,23.747597269444046
105,2020-11-30,MRK,76.33587646484375,76.85114288330078,75.77290344238281,69.71726989746094,14501910.0,0.0,0.11090214657389197,71.56382657185499,67.38418825968797,50.142818546007504,27.818960104794286,11.369140779570639,68.81100413004557,70.11975987752278,20.56999969482422,23.747597269444046
105,2020-11-30,MSFT,214.10000610351562,214.75999450683594,210.83999633789062,208.89443969726562,33064800.0,0.0,0.3762579222866691,218.23402840772948,199.0316225322119,51.48579506106055,3.1056339015405774,9.950182520107145,207.4770050048828,205.6781748453776,20.56999969482422,23.747597269444046
105,2020-11-30,NKE,133.91000366210938,135.2899932861328,132.69000244140625,130.76214599609375,9652500.0,0.0,2.3140377404542534,133.46269379052367,119.35579223242556,62.58230617602129,118.61103233111216,27.22135019035758,125.26309026082357,122.27572161356608,20.56999969482422,23.747597269444046
105,2020-11-30,PG,138.0,139.1999969482422,136.74000549316406,129.72247314453125,11640400.0,0.0,-0.3922866756322776,134.70475909137198,127.67241528606944,50.5007804303666,-93.24885696852279,25.016592676167825,131.21049957275392,130.30976448059081,20.56999969482422,23.747597269444046
105,2020-11-30,TRV,133.16000366210938,134.0,129.57000732421875,121.24120330810547,2684100.0,0.0,3.182256255708708,131.76889954971648,115.67446058822298,55.264704047082134,28.34138309283491,8.99931480291809,120.27209345499675,112.37744750976563,20.56999969482422,23.747597269444046
105,2020-11-30,UNH,335.1099853515625,337.94000244140625,330.2900085449219,322.5654296875,5265700.0,0.0,2.49346733914291,352.5846140459745,305.22579549992395,53.57482687928232,-1.9059337570132824,3.397972033500035,321.15723876953126,309.8105824788411,20.56999969482422,23.747597269444046
105,2020-11-30,V,209.5399932861328,210.5399932861328,206.60000610351562,206.2996826171875,7725500.0,0.0,3.175818060287554,218.35721107971557,184.82209495055787,55.543146043493174,59.156938063662786,9.19387329935991,197.05589345296224,197.33524169921876,20.56999969482422,23.747597269444046
105,2020-11-30,VZ,60.31999969482422,60.599998474121094,60.189998626708984,51.04241943359375,21839100.0,0.0,0.47141503923607075,52.71894387029087,48.47194243647182,56.795841122012796,60.11427882043999,15.580037147070133,49.83584810892741,49.87231884002686,20.56999969482422,23.747597269444046
105,2020-11-30,WBA,39.0099983215332,39.099998474121094,37.88999938964844,33.41714096069336,13859300.0,0.0,0.391096536448174,37.84986110242829,30.365417523059985,50.38298756871883,11.65678166830885,2.4285507451125774,33.24446436564128,32.27717297871907,20.56999969482422,23.747597269444046
105,2020-11-30,WMT,151.60000610351562,152.9499969482422,150.10000610351562,145.85467529296875,10898500.0,0.0,2.461105698668149,148.89228751710974,133.8628638500778,61.369187038715395,101.20002414936226,40.753365900625404,139.51258951822916,136.45068359375,20.56999969482422,23.747597269444046
106,2020-12-01,AAPL,121.01000213623047,123.47000122070312,120.01000213623047,120.74913787841797,127728200.0,1.0,0.7949661505646901,120.9755629269118,110.23824398837141,56.46802415366727,158.8309172806857,18.32696751202956,114.42835693359375,113.51485379536946,20.770000457763672,17.35446220039977
106,2020-12-01,AMGN,224.8800048828125,225.77999877929688,222.72000122070312,206.15956115722656,3050600.0,1.0,-2.2693626121748025,221.77304617692093,197.0706061668291,46.0266127958215,-31.688602007863835,18.455977384018453,207.38887634277344,214.95903930664062,20.770000457763672,17.35446220039977
106,2020-12-01,AXP,120.31999969482422,122.56999969482422,119.8499984741211,115.3244857788086,3583400.0,1.0,4.588252349323369,124.59924054096172,91.78921008159688,60.587370845604475,92.09695177307847,31.34938062724912,103.20385106404622,100.73425153096517,20.770000457763672,17.35446220039977
106,2020-12-01,BA,214.30999755859375,218.08999633789062,213.0,213.00999450683594,15754200.0,1.0,13.502706948180617,237.93112785281366,146.371872025116,61.12565546804813,100.68603917411637,41.04406673201997,180.53500061035157,171.67000096638998,20.770000457763672,17.35446220039977
106,2020-12-01,CAT,175.38999938964844,176.57000732421875,172.94000244140625,163.32998657226562,2710200.0,1.0,3.4858817347227102,170.7377827763359,150.90049237014847,58.33747839249515,76.1836000764278,20.33065880072557,158.0810333251953,150.84679845174153,20.770000457763672,17.35446220039977
106,2020-12-01,CRM,245.0,246.6999969482422,238.6999969482422,241.35000610351562,18872000.0,1.0,-0.4684012557419237,267.141021093768,238.28698336179835,48.32843036623785,-82.82998202841355,27.734367430903067,249.9080012003581,250.44633407592772,20.770000457763672,17.35446220039977
106,2020-12-01,CSCO,43.0099983215332,44.06999969482422,43.0099983215332,39.792572021484375,23942500.0,1.0,1.1025227755682963,41.146590008491444,32.719166598564215,60.64805649865369,130.36443928186975,49.933656343094235,36.00462875366211,35.94996579488119,20.770000457763672,17.35446220039977
106,2020-12-01,CVX,89.27999877929688,89.70999908447266,87.06999969482422,77.98228454589844,9913600.0,1.0,3.9584993172863676,87.72503096647023,60.355314187338365,57.242461235083,76.77730564063297,21.59712966273084,70.05010719299317,67.79611975351969,20.770000457763672,17.35446220039977
106,2020-12-01,DIS,149.57000732421875,151.39999389648438,149.0,149.44000244140625,8825500.0,1.0,5.628248252428762,157.2522734040718,123.43872696213914,62.43613381621772,103.34479838957738,48.5845704643084,134.77199986775716,130.78400026957195,20.770000457763672,17.35446220039977
106,2020-12-01,GS,231.9600067138672,234.8699951171875,231.35000610351562,217.1557159423828,2577600.0,1.0,7.579378397747007,228.17134871476046,181.81412034041531,62.15594632035662,104.85475619927017,39.01469954884828,197.99438985188803,192.54149703979493,20.770000457763672,17.35446220039977
106,2020-12-01,HD,278.7300109863281,278.95001220703125,275.54998779296875,257.45819091796875,3942400.0,1.0,-0.7734938495823087,265.5146025960217,248.1135895426502,50.789001980260835,9.828032653527494,10.655830159652021,256.97884165445964,258.1643704732259,20.770000457763672,17.35446220039977
106,2020-12-01,HON,207.08999633789062,209.8300018310547,205.92999267578125,195.47947692871094,3795500.0,1.0,7.847481995530444,207.58258591966896,169.34220198316305,64.15661564769547,78.41282870275047,42.93986685841033,179.10387166341147,168.61571985880533,20.770000457763672,17.35446220039977
106,2020-12-01,IBM,118.45124053955078,120.2963638305664,117.66730499267578,102.9068832397461,5553319.0,1.0,1.6732427014380704,105.6347002522513,91.30951285199673,54.87689940232976,149.69917398886352,26.069682349240907,96.59115626017253,98.8992327372233,20.770000457763672,17.35446220039977
106,2020-12-01,INTC,48.75,50.22999954223633,48.709999084472656,45.55284118652344,57768000.0,1.0,-0.012504166002344164,44.641767659282344,40.106740412617064,52.88027055949764,102.10401465536606,27.5902623992485,42.80370178222656,44.78897603352865,20.770000457763672,17.35446220039977
106,2020-12-01,JNJ,146.2899932861328,149.1300048828125,145.86000061035156,137.10507202148438,9738200.0,1.0,0.38678463959485043,141.0115690418937,128.15915849716882,53.602201095336305,77.37676295813974,13.681662241615946,133.34831110636392,134.7685634613037,20.770000457763672,17.35446220039977
106,2020-12-01,JPM,120.33999633789062,121.58000183105469,119.62999725341797,109.95515441894531,12668900.0,1.0,4.276104757887069,117.05789492397801,92.996491214938,61.13062357714108,88.13420545315486,34.50006343956388,100.59693781534831,95.29983342488607,20.770000457763672,17.35446220039977
106,2020-12-01,KO,52.13999938964844,52.33000183105469,51.790000915527344,47.87944412231445,18968800.0,1.0,0.5906988544112366,50.64417047050296,44.837368683549784,55.7191106144363,31.647019138832054,6.226135194417582,46.85339724222819,46.15325272878011,20.770000457763672,17.35446220039977
106,2020-12-01,MCD,218.8800048828125,218.92999267578125,215.52999877929688,203.30877685546875,4224800.0,1.0,-0.29548422295681576,206.0407773947765,198.2348054909657,51.03763403475202,-14.556415244050774,13.648296257574206,203.8276794433594,205.57117462158203,20.770000457763672,17.35446220039977
106,2020-12-01,MMM,174.22000122070312,175.69000244140625,170.00999450683594,151.86521911621094,3859600.0,1.0,2.456991837794476,160.55958199793628,140.92269186680983,53.90302370090144,57.44886393222347,14.20650124933475,148.99022165934244,147.3560022989909,20.770000457763672,17.35446220039977
106,2020-12-01,MRK,77.24236297607422,78.6832046508789,77.11832427978516,70.72327423095703,10166543.0,1.0,0.19702154090548163,71.32113343694022,68.04662626764963,52.86986420114648,93.51534309600464,26.952497059898967,68.89425938924154,70.07532119750977,20.770000457763672,17.35446220039977
106,2020-12-01,MSFT,214.50999450683594,217.32000732421875,213.35000610351562,210.9827117919922,30904500.0,1.0,0.5600767700672407,217.23493654085027,201.43671415495052,52.650765195678495,46.93570051197612,2.1715340559243588,207.55993092854817,205.71915130615236,20.770000457763672,17.35446220039977
106,2020-12-01,NKE,136.44000244140625,136.5,134.75,131.4805145263672,3833100.0,1.0,2.3617282530363752,133.47111767219744,120.61421710563461,63.29119559802604,135.9804629792883,31.371593143925487,125.52228469848633,122.64849573771158,20.770000457763672,17.35446220039977
106,2020-12-01,PG,139.16000366210938,139.5399932861328,138.16000366210938,130.1895294189453,7169700.0,1.0,-0.37910665273258815,134.6753229804649,127.78311818164445,51.28025398103877,-59.70797159424825,22.11425676877453,131.1558095296224,130.3435764312744,20.770000457763672,17.35446220039977
106,2020-12-01,TRV,132.50999450683594,134.24000549316406,131.99000549316406,124.75735473632812,1218300.0,1.0,2.9606859483371863,131.32209968359155,117.00871086328345,58.09613172413284,47.01671932736395,9.827462255334131,120.94446156819662,112.65348828633627,20.770000457763672,17.35446220039977
106,2020-12-01,UNH,344.7699890136719,354.1000061035156,339.92999267578125,327.21685791015625,3817700.0,1.0,2.4708070380564777,349.5050359098653,311.09524485185347,55.305035211627676,46.61558264241813,23.169930326038752,321.6997406005859,310.29762471516926,20.770000457763672,17.35446220039977
106,2020-12-01,V,212.1300048828125,213.6699981689453,211.0399932861328,207.13331604003906,8047900.0,1.0,3.170453166179044,216.6976595196576,189.10395791198303,56.04268898332343,74.87926190790412,16.239753966674154,197.5307810465495,197.44717610677083,20.770000457763672,17.35446220039977
106,2020-12-01,VZ,60.43000030517578,60.91999816894531,60.279998779296875,51.18605422973633,14282600.0,1.0,0.4585231810273669,52.66786519945524,48.76636217176058,57.47672935574498,64.14467889777667,21.124648745620956,49.92822748819987,49.88269990285237,20.770000457763672,17.35446220039977
106,2020-12-01,WBA,38.380001068115234,39.20000076293945,38.310001373291016,33.8127555847168,8002200.0,1.0,0.34668145609684586,37.712660458455176,30.774307772745995,51.24291763349674,21.8600070916907,3.1729358335849165,33.30085309346517,32.30652586619059,20.770000457763672,17.35446220039977
106,2020-12-01,WMT,153.60000610351562,153.66000366210938,151.66000366210938,145.7115020751953,7645100.0,1.0,2.453890864826292,148.86204017095162,135.06155449457572,61.14484636046791,104.43566481092218,43.72599413816158,139.82092844645183,136.6067621866862,20.770000457763672,17.35446220039977
107,2020-12-02,AAPL,122.0199966430664,123.37000274658203,120.88999938964844,121.10334777832031,89004200.0,2.0,1.1389331922363937,121.01403759617732,111.46218539576604,56.730150883305015,154.3255452964686,18.32696751202957,114.61768010457357,113.68629404703776,21.170000076293945,32.35850720245094
107,2020-12-02,AMGN,225.0800018310547,230.0800018310547,224.61000061035156,207.51515197753906,2641200.0,2.0,-2.0120443200162015,221.40032094096046,198.174688214313,46.92935240277608,-2.2042373314613544,5.887883164281463,207.29787038167316,214.76069666544598,21.170000076293945,32.35850720245094
107,2020-12-02,AXP,119.27999877929688,122.8499984741211,118.9000015258789,117.63232421875,3271900.0,2.0,4.699950868790083,124.61301156255213,94.27944144037757,62.028348254384035,89.44178622392289,27.531220785327942,103.81895395914714,101.04021962483723,21.170000076293945,32.35850720245094
107,2020-12-02,BA,213.00999450683594,224.99000549316406,210.3000030517578,223.85000610351562,25912300.0,2.0,13.984481103293632,239.74504639127724,151.57795470735556,63.759378929054925,106.31080855789467,46.270254967365744,182.4220006306966,172.71616770426434,21.170000076293945,32.35850720245094
107,2020-12-02,CAT,173.25999450683594,174.4199981689453,172.27999877929688,163.905029296875,1971000.0,2.0,3.309354672395159,171.03245388040867,151.18840030660303,58.681890173421195,64.22864730655462,17.93986465194882,158.26661529541016,151.25924987792968,21.170000076293945,32.35850720245094
107,2020-12-02,CRM,225.47999572753906,226.0,215.6300048828125,220.77999877929688,52225500.0,2.0,-2.8137840068725097,271.10293240539465,232.6900714398202,41.841783354697824,-254.2479554819075,47.48202828717768,248.73500111897786,250.104833984375,21.170000076293945,32.35850720245094
107,2020-12-02,CSCO,43.38999938964844,43.959999084472656,43.349998474121094,40.112449645996094,17422200.0,2.0,1.1699998411511743,41.38288588273896,33.14181580793486,61.54234076291234,122.41653729596163,49.93365634309425,36.14750696818034,36.014787610371904,21.170000076293945,32.35850720245094
107,2020-12-02,CVX,87.26000213623047,91.30999755859375,87.0999984741211,80.1402816772461,10509600.0,2.0,3.8659174067456377,87.80165240558856,61.988176848561835,59.08312449963394,82.65115384547354,25.95229794174169,70.62169227600097,67.97513777414957,21.170000076293945,32.35850720245094
107,2020-12-02,DIS,149.49000549316406,154.00999450683594,148.33999633789062,153.61000061035156,10601900.0,2.0,5.910296933570521,157.87349037470426,125.7765103882352,64.68407631117606,109.62780879551705,52.60217433781648,135.72733332316082,131.1075003306071,21.170000076293945,32.35850720245094
107,2020-12-02,GS,232.0800018310547,238.1300048828125,231.5800018310547,222.36752319335938,2136300.0,2.0,7.853324632114322,229.13696836658528,184.66547609142253,64.37438625224088,110.782260742751,43.73458794663904,198.95340576171876,193.1070869445801,21.170000076293945,32.35850720245094
107,2020-12-02,HD,273.9700012207031,274.1099853515625,269.57000732421875,253.71473693847656,4168600.0,2.0,-0.889479152027036,265.37299223233987,247.8091809243984,48.49792548959278,-63.43914856857095,23.109885555795202,256.56116943359376,258.21584599812826,21.170000076293945,32.35850720245094
107,2020-12-02,HON,205.99000549316406,209.0399932861328,205.97000122070312,197.1858673095703,2459900.0,2.0,7.642175663406448,207.0239555784558,172.70942760025514,64.90048370208865,75.18579564812093,42.93986685841033,180.2272155761719,169.318771870931,21.170000076293945,32.35850720245094
107,2020-12-02,IBM,117.44741821289062,119.15869903564453,117.02677154541016,104.12679290771484,3860472.0,2.0,1.806920561814266,106.24319160684725,91.71135093465666,56.222582595081526,134.50564533970342,22.19896950733315,96.83980662027994,98.97084668477376,21.170000076293945,32.35850720245094
107,2020-12-02,INTC,49.220001220703125,50.060001373291016,49.18000030517578,45.86534881591797,33753500.0,2.0,0.19574943836443026,45.268687121576626,39.97375710754935,53.660451771491005,127.06112338329322,27.590262399248484,42.70736974080403,44.80955225626628,21.170000076293945,32.35850720245094
107,2020-12-02,JNJ,147.85000610351562,149.7100067138672,147.6999969482422,137.74668884277344,7745500.0,2.0,0.5774366105529225,140.81845327465857,129.33751291186485,54.482366396118046,94.08538149281523,16.10521876622914,133.49050064086913,134.79794985453287,21.170000076293945,32.35850720245094
107,2020-12-02,JPM,119.69999694824219,122.30999755859375,119.2699966430664,112.06720733642578,10811300.0,2.0,4.296556065077809,117.31729789786147,94.44784873910143,62.621023817098255,89.41036950383565,36.18266280869747,101.26024424235025,95.65243352254232,21.170000076293945,32.35850720245094
107,2020-12-02,KO,51.900001525878906,52.130001068115234,51.63999938964844,47.94385528564453,14913100.0,2.0,0.5458234201337291,50.49835095033593,45.27244716062599,55.9229327708949,25.901048535651803,7.999994513558123,46.92243003845215,46.200549062093096,21.170000076293945,32.35850720245094
107,2020-12-02,MCD,214.0,214.39999389648438,209.1300048828125,198.3422393798828,6223700.0,2.0,-0.6631264372459498,206.16030722767545,197.67702950328157,46.21796003561802,-112.25016116036706,8.580489340744382,203.34964497884116,205.5483159383138,21.170000076293945,32.35850720245094
107,2020-12-02,MMM,170.25999450683594,172.5800018310547,170.22000122070312,153.0497283935547,2421800.0,2.0,2.249245867473718,160.70760976122858,141.4657255048847,54.9336507832605,48.32639254818654,14.206501249334757,149.06046447753906,147.5056147257487,21.170000076293945,32.35850720245094
107,2020-12-02,MRK,78.18701934814453,78.95037841796875,77.5667953491211,70.96609497070312,7165805.0,2.0,0.28161905654781094,70.88238869785106,68.91118506313528,53.504875256118744,104.6218461966132,28.901243975514205,68.99717178344727,70.06233736673991,21.170000076293945,32.35850720245094
107,2020-12-02,MSFT,214.8800048828125,215.47000122070312,212.8000030517578,210.1629638671875,23724500.0,2.0,0.6323187477449039,216.6323648043191,202.96427063269263,52.14231005939524,27.74845359253986,3.7356194712672575,207.60158131917316,205.93446935017903,21.170000076293945,32.35850720245094
107,2020-12-02,NKE,135.16000366210938,136.32000732421875,134.6699981689453,131.61642456054688,4132700.0,2.0,2.3830201587485362,133.63499441948318,121.51721200141526,63.42680564066536,123.03015839296484,30.844241887825895,125.75170923868815,123.01835734049479,21.170000076293945,32.35850720245094
107,2020-12-02,PG,139.3699951171875,139.94000244140625,137.49000549316406,129.24606323242188,6963000.0,2.0,-0.43972238012378284,134.63522990067395,127.55605122725575,49.646553189332025,-70.28452437476588,25.74558391782274,131.05202026367186,130.39293937683107,21.170000076293945,32.35850720245094
107,2020-12-02,TRV,132.5800018310547,134.27999877929688,132.4199981689453,125.3464584350586,948400.0,2.0,2.800344994616225,131.1085802542349,117.94228797086274,58.55082495147475,47.555649022572055,9.973398601192795,121.44102121988932,112.98312568664551,21.170000076293945,32.35850720245094
107,2020-12-02,UNH,341.7699890136719,351.8299865722656,341.5,333.325927734375,2864300.0,2.0,2.9122291010966705,347.7180704750815,315.3958638510903,57.45912266742364,52.19435208817064,23.169930326038745,322.4717732747396,310.9620976765951,21.170000076293945,32.35850720245094
107,2020-12-02,V,211.0,211.39999389648438,208.47999572753906,206.13296508789062,9728900.0,2.0,3.050319305196979,214.74741286061462,193.22394181467834,55.27171877325564,57.08652831611362,8.855147843419306,197.94849497477213,197.61653620402018,21.170000076293945,32.35850720245094
107,2020-12-02,VZ,61.400001525878906,61.95000076293945,61.0099983215332,51.84510040283203,14169900.0,2.0,0.4957708708141908,52.6577723063021,49.08147673239419,60.436286691498864,94.60095355569219,35.663657291164206,50.043983459472656,49.91131064097087,21.170000076293945,32.35850720245094
107,2020-12-02,WBA,38.5,40.099998474121094,38.38999938964844,35.02601623535156,8350800.0,2.0,0.4047168558027465,37.75248896910878,30.990217711189075,53.78406193158643,47.7063299047539,9.793683256206027,33.38262379964193,32.36753950119019,21.170000076293945,32.35850720245094
107,2020-12-02,WMT,152.0,152.6199951171875,149.52999877929688,143.687744140625,7849000.0,2.0,2.2588342695733274,148.72771177133305,135.9347516075732,58.04227268588049,69.5937270876734,23.805555815644734,140.03157958984374,136.79879786173504,21.170000076293945,32.35850720245094
108,2020-12-03,AAPL,123.5199966430664,123.77999877929688,122.20999908447266,120.9655990600586,78967600.0,3.0,1.3844552423202856,121.59050401498006,111.69136701773478,56.59305758784459,152.69347455573805,19.769363879041908,114.82336552937825,113.78177007039388,21.280000686645508,30.6928002535231
108,2020-12-03,AMGN,226.0,228.4499969482422,225.52000427246094,207.83570861816406,2167800.0,3.0,-1.76194091955702,221.3474921941099,198.05660479075337,47.145605998214336,-3.0944530065777602,5.887883164281468,207.28214162190756,214.50113271077473,21.280000686645508,30.6928002535231
108,2020-12-03,AXP,122.8499984741211,123.94999694824219,122.12000274658203,118.3919906616211,4285100.0,3.0,4.794503432261806,124.17997632901304,97.28186906893617,62.495274783415375,94.66148209555158,30.048082019143983,104.51419016520182,101.35709330240886,21.280000686645508,30.6928002535231
108,2020-12-03,BA,228.3000030517578,242.0,226.52999877929688,237.1999969482422,45945100.0,3.0,15.26752871553083,242.61753821567999,157.26246208949578,66.63891020562244,137.50370673119656,56.44481416122471,184.86666717529297,173.9898343404134,21.280000686645508,30.6928002535231
108,2020-12-03,CAT,173.8699951171875,175.0800018310547,173.27999877929688,164.6214599609375,2903900.0,3.0,3.1904877144581008,169.20467882207942,154.84498853631902,59.117469764373446,69.47890762806958,19.646475556189422,158.525737508138,151.61852340698243,21.280000686645508,30.6928002535231
108,2020-12-03,CRM,226.11000061035156,226.11000061035156,220.1300048828125,220.97000122070312,21395300.0,3.0,-4.604111790844115,274.0857123932749,226.73029102469388,41.91627713462665,-202.31721150630514,47.276897982315226,247.62633463541667,249.61383412679035,21.280000686645508,30.6928002535231
108,2020-12-03,CSCO,43.779998779296875,44.13999938964844,43.599998474121094,40.31350326538086,27710700.0,3.0,1.2255716218163002,41.522857664232696,33.690947725171604,62.10232177022229,116.68201822934326,51.22538370799895,36.301351674397786,36.08099816640218,21.280000686645508,30.6928002535231
108,2020-12-03,CVX,90.58000183105469,91.11000061035156,89.06999969482422,80.07786560058594,8249800.0,3.0,3.7443466227793607,87.56750095962802,63.922933686978425,59.00712076537937,83.0388620907774,25.952297941741698,71.21492462158203,68.13758983612061,21.280000686645508,30.6928002535231
108,2020-12-03,DIS,153.4499969482422,154.44000244140625,152.1300048828125,153.24000549316406,9063200.0,3.0,6.034406153794038,157.98246302493692,128.4845383178365,64.33071687861704,110.81031026299942,53.245596071662874,136.614333597819,131.43883374532064,21.280000686645508,30.6928002535231
108,2020-12-03,GS,237.2899932861328,238.85000610351562,234.63999938964844,220.32772827148438,2142600.0,3.0,7.81573961248489,228.9477935373659,188.47322849632553,62.881944452707565,106.1756755684478,44.74421811342172,200.0032531738281,193.6427131652832,21.280000686645508,30.6928002535231
108,2020-12-03,HD,270.6300048828125,271.92999267578125,267.1400146484375,250.94456481933594,4168900.0,3.0,-1.1911967044490837,264.5359942624021,247.42516601591825,46.87907602632706,-98.75640961532955,27.499767772121974,256.09862823486327,258.10045827229817,21.280000686645508,30.6928002535231
108,2020-12-03,HON,206.61000061035156,209.44000244140625,206.41000366210938,197.39443969726562,2779400.0,3.0,7.410871056191979,205.59317639571955,176.99796740310856,64.99234901210845,72.70658261467729,43.57609110418377,181.36977895100912,170.00202534993488,21.280000686645508,30.6928002535231
108,2020-12-03,IBM,118.6998062133789,119.36902618408203,117.86807250976562,103.28287506103516,4757417.0,3.0,1.8237411591053245,106.28730509652743,92.77931096182218,55.04774143414813,124.0816417841946,23.02849075400047,97.12374420166016,99.01398239135742,21.280000686645508,30.6928002535231
108,2020-12-03,INTC,49.91999816894531,51.11000061035156,49.779998779296875,46.86721420288086,50261200.0,3.0,0.43660121694667,46.095962716422285,39.66304111353377,56.07258005184386,181.09122382238024,35.0377850965756,42.64230448404948,44.8360284169515,21.280000686645508,30.6928002535231
108,2020-12-03,JNJ,148.0399932861328,149.5800018310547,147.69000244140625,138.5463409423828,7310500.0,3.0,0.7840172497561184,140.66553920591474,130.47252079164383,55.569044985856095,91.42781551282738,16.045201947126035,133.6784294128418,134.80311164855956,21.280000686645508,30.6928002535231
108,2020-12-03,JPM,121.8499984741211,121.88999938964844,120.36000061035156,111.33257293701172,12904400.0,3.0,4.205012253207585,116.48264086537142,97.20997998423795,61.768798920989255,84.68458819849137,36.18266280869747,101.92967198689779,95.97838389078775,21.280000686645508,30.6928002535231
108,2020-12-03,KO,51.900001525878906,52.939998626708984,51.900001525878906,48.56028366088867,17318900.0,3.0,0.5536181677120382,50.28008023538338,45.858051859953534,57.84398572129038,45.26879156487463,2.6317923792694664,47.01992200215658,46.25238399505615,21.280000686645508,30.6928002535231
108,2020-12-03,MCD,210.94000244140625,213.22999572753906,210.55999755859375,198.95362854003906,3732500.0,3.0,-0.894836427833269,206.2465975253184,197.39410529450583,46.85704718716001,-110.06517515139859,8.580489340744387,202.86892496744792,205.50245208740233,21.280000686645508,30.6928002535231
108,2020-12-03,MMM,171.0399932861328,173.38999938964844,171.0399932861328,153.0319366455078,2377800.0,3.0,2.059430214330064,160.16731846944734,143.16768366678312,54.91457334155491,54.44850794749247,16.73052924052986,149.18250274658203,147.61769892374676,21.280000686645508,30.6928002535231
108,2020-12-03,MRK,78.18701934814453,78.21565246582031,77.11832427978516,70.63654327392578,7085109.0,3.0,0.318400803173688,70.97252847064613,68.89302710186365,52.51153431865877,76.38725626934044,23.01274647098584,69.09488067626953,70.02161903381348,21.280000686645508,30.6928002535231
108,2020-12-03,MSFT,214.61000061035156,216.3800048828125,213.64999389648438,209.06031799316406,25120900.0,3.0,0.5937523215275746,216.55150752260712,202.89046482846712,51.45092478668702,31.730723143916585,0.8829290563127914,207.601611328125,205.9914212544759,21.280000686645508,30.6928002535231
108,2020-12-03,NKE,135.10000610351562,137.9499969482422,135.0,132.95606994628906,4930900.0,3.0,2.4794112249497573,134.25482520063653,121.83125573198062,64.75446690368186,131.33086007778945,36.404247587020855,125.99537099202475,123.37527516682943,21.280000686645508,30.6928002535231
108,2020-12-03,PG,138.08999633789062,138.35000610351562,135.5399932861328,128.29322814941406,8742500.0,3.0,-0.5582118896289501,134.69190783772032,127.1911076041742,48.047340019098066,-119.81520020520247,35.15213655556326,130.8926254272461,130.3922046661377,21.280000686645508,30.6928002535231
108,2020-12-03,TRV,133.75,135.6199951171875,132.42999267578125,126.32837677001953,980800.0,3.0,2.721138644551189,130.09395394348232,120.05009436584386,59.31209126953416,54.20537792919101,14.905917441127,121.7555409749349,113.31759490966797,21.280000686645508,30.6928002535231
108,2020-12-03,UNH,347.8999938964844,352.7699890136719,346.489990234375,334.4000549316406,4169200.0,3.0,3.310570162222348,347.0039906006314,315.54602160639985,57.82880147719898,59.90943646695804,24.201126075856674,323.29942830403644,311.56854146321615,21.280000686645508,30.6928002535231
108,2020-12-03,V,209.77999877929688,211.11000061035156,207.61000061035156,204.04397583007812,9203300.0,3.0,2.7547928430613524,213.19007722223432,196.19078825628128,53.676536941016636,46.546795286063144,6.3995712120938215,198.27274678548176,197.68677393595377,21.280000686645508,30.6928002535231
108,2020-12-03,VZ,61.11000061035156,61.83000183105469,61.040000915527344,52.16617965698242,11937200.0,3.0,0.5449168831342206,52.49522653859541,49.62593320566729,61.777025671234476,93.24261892628412,35.66365729116423,50.18452428181966,49.94415798187256,21.280000686645508,30.6928002535231
108,2020-12-03,WBA,39.9900016784668,43.66999816894531,39.970001220703125,37.645931243896484,17235500.0,3.0,0.6545700972134796,38.083754653984926,31.269648818915467,58.603650937973754,135.75924675972178,30.069101956668927,33.55462137858073,32.48307905197144,21.280000686645508,30.6928002535231
108,2020-12-03,WMT,150.27999877929688,150.27999877929688,148.38999938964844,142.52310180664062,8575300.0,3.0,1.9873645085351086,148.21585885173909,137.14728659503828,56.34035295521734,40.766373084781364,14.709547450167108,140.1874989827474,136.9485122680664,21.280000686645508,30.6928002535231
109,2020-12-04,AAPL,122.5999984741211,122.86000061035156,121.5199966430664,120.28667449951172,78260400.0,4.0,1.506879330948422,122.02104457522802,111.59782673214502,55.90423998766189,122.39437987821857,16.081263486728766,115.04309107462565,113.92863070170084,20.790000915527344,25.83461705904897
109,2020-12-04,AMGN,225.75,230.3300018310547,225.75,209.94239807128906,2008800.0,4.0,-1.3778568640242668,221.27663792866085,198.0180184434095,48.570364942168744,12.693170898709896,0.5576621095324046,207.36665954589844,214.35143178304037,20.790000915527344,25.83461705904897
109,2020-12-04,AXP,124.3499984741211,125.31999969482422,123.8499984741211,120.23825073242188,5048600.0,4.0,4.961224865903091,123.7006237611098,100.35080751330426,63.619996268490205,99.24985787490245,33.139590276555694,105.16326955159505,101.72085698445638,20.790000915527344,25.83461705904897
109,2020-12-04,BA,236.36000061035156,238.17999267578125,230.25,232.7100067138672,29378400.0,4.0,15.740600658381567,243.72981395439749,163.71218738837595,64.84624701931475,122.04971150910212,56.44481416122472,186.98800048828124,175.24016774495442,20.790000915527344,25.83461705904897
109,2020-12-04,CAT,175.9199981689453,183.80999755859375,175.6199951171875,171.7670135498047,6086200.0,4.0,3.631015168012965,170.25210971615513,155.5999746344308,63.128057875033775,129.34640061005132,37.90579999002275,158.95246022542318,152.1410825093587,20.790000915527344,25.83461705904897
109,2020-12-04,CRM,223.82000732421875,228.60000610351562,221.82000732421875,225.86000061035156,20504800.0,4.0,-5.564236322236354,274.27910282002347,223.1009005369101,43.8317359249871,-155.41075135049005,42.481569943406946,246.8326680501302,249.2481674194336,20.790000915527344,25.83461705904897
109,2020-12-04,CSCO,43.88999938964844,44.5099983215332,43.88999938964844,40.56027603149414,17319800.0,4.0,1.2748297148271703,41.67815727814152,34.189109186091876,62.790269692094675,114.57276384214056,53.842130291603155,36.470733896891275,36.15977357228597,20.790000915527344,25.83461705904897
109,2020-12-04,CVX,91.22000122070312,93.44999694824219,90.91999816894531,83.18109130859375,10791100.0,4.0,3.8539790095097572,87.46689189457875,66.00195423579235,61.5510010453661,98.49287457621001,32.24235098490652,71.8374855041504,68.3792984644572,20.790000915527344,25.83461705904897
109,2020-12-04,DIS,153.69000244140625,154.67999267578125,152.80999755859375,154.13999938964844,6033300.0,4.0,6.134668945953166,157.97327022999644,131.21173114329457,64.81438919520372,107.96741570613706,53.621206422117154,137.50033365885417,131.78750038146973,20.790000915527344,25.83461705904897
109,2020-12-04,GS,237.6999969482422,239.75,236.9499969482422,224.17340087890625,2373000.0,4.0,8.004001704108163,229.5533070414881,191.3971751362463,64.48767428921113,109.5280933854002,46.03805182445821,201.1040501912435,194.2767120361328,20.790000915527344,25.83461705904897
109,2020-12-04,HD,267.4700012207031,268.7300109863281,262.82000732421875,247.06069946289062,7732800.0,4.0,-1.7238342260408785,263.07505471358047,246.9853609358336,44.7143121771621,-151.63361923295585,34.596030445049344,255.61056467692057,257.9876678466797,20.790000915527344,25.83461705904897
109,2020-12-04,HON,209.38999938964844,212.88999938964844,209.38999938964844,201.62258911132812,3198800.0,4.0,7.482483399169212,204.8657520683548,180.5936214057663,66.813828705388,84.37453281440891,48.835738390034074,182.5280970255534,170.77902272542318,20.790000915527344,25.83461705904897
109,2020-12-04,IBM,118.5181655883789,121.77820587158203,118.20267486572266,106.28250122070312,5776849.0,4.0,2.05542273200939,107.08336409216494,93.15891267175107,58.255199386341694,145.34641952935752,31.91680947457532,97.48845240275065,99.13044738769531,20.790000915527344,25.83461705904897
109,2020-12-04,INTC,51.060001373291016,52.650001525878906,51.0,47.78635787963867,39767700.0,4.0,0.6936492431334287,47.02858085361522,39.310403445090834,58.14052816339757,251.70289454275252,44.058566237537875,42.59571024576823,44.887861251831055,20.790000915527344,25.83461705904897
109,2020-12-04,JNJ,149.7899932861328,150.30999755859375,149.27000427246094,139.72723388671875,6747100.0,4.0,1.0311357945517443,140.5173407370417,131.68766109401298,57.13248924809687,106.45894973178262,19.302114031389582,133.87032190958658,134.87089398701985,20.790000915527344,25.83461705904897
109,2020-12-04,JPM,122.4800033569336,123.29000091552734,121.69000244140625,112.34268951416016,13583700.0,4.0,4.165948626093666,116.08440410673998,99.26020801484205,62.494819298527524,90.6798306443709,39.58383470185801,102.5253313700358,96.33694012959798,20.790000915527344,25.83461705904897
109,2020-12-04,KO,52.779998779296875,53.869998931884766,52.7599983215332,49.54473876953125,18122400.0,4.0,0.6319481561883293,50.113878891244454,46.4653844144196,60.67554653260862,77.52410978052397,13.127849361170712,47.129233042399086,46.323494084676106,20.790000915527344,25.83461705904897
109,2020-12-04,MCD,211.60000610351562,213.3800048828125,210.10000610351562,198.22938537597656,3151100.0,4.0,-1.1239524115766528,206.31880934875636,196.9181840594468,46.184521020881,-123.54393909251053,10.02582355642351,202.33414204915366,205.42067337036133,20.790000915527344,25.83461705904897
109,2020-12-04,MMM,172.1300048828125,173.16000366210938,171.5399932861328,153.59298706054688,2663600.0,4.0,1.9320011150402365,159.8894892393197,144.39486287249673,55.41962053108274,56.22486579156321,16.730529240529858,149.27791748046874,147.77666015625,20.790000915527344,25.83461705904897
109,2020-12-04,MRK,77.42366027832031,78.20610809326172,77.39503479003906,71.06148529052734,8651554.0,4.0,0.377488420194382,71.1488654685575,68.84504017109093,53.65915484515957,85.01957569243397,23.01274647098583,69.17379938761393,70.00678113301595,20.790000915527344,25.83461705904897
109,2020-12-04,MSFT,214.22000122070312,215.3800048828125,213.17999267578125,209.1774139404297,24666000.0,4.0,0.5661110395548121,215.1322266015302,203.49523311526667,51.52154153608153,23.321467228491223,2.36527842270525,207.60262451171874,206.14635416666667,20.790000915527344,25.83461705904897
109,2020-12-04,NKE,137.0800018310547,137.39999389648438,135.63999938964844,133.4473114013672,4344000.0,4.0,2.565863245028737,134.99093149227176,121.84905034976927,65.23322617337563,121.89187803907467,36.40424758702087,126.2363156636556,123.74216028849284,20.790000915527344,25.83461705904897
109,2020-12-04,PG,137.2100067138672,137.86000061035156,135.8699951171875,128.41468811035156,6617200.0,4.0,-0.634995048173522,134.49305884665608,126.93129875832439,48.26708696309265,-111.5644694684235,35.15213655556327,130.7686976114909,130.41594441731772,20.790000915527344,25.83461705904897
109,2020-12-04,TRV,135.5399932861328,136.19000244140625,134.2100067138672,127.32899475097656,934600.0,4.0,2.7078936377725995,129.77099489011033,121.1819523449971,60.08490369347673,65.39167729306398,16.97439338898174,122.06787872314453,113.69726270039877,20.790000915527344,25.83461705904897
109,2020-12-04,UNH,346.0,351.4700012207031,345.75,336.7677917480469,3255100.0,4.0,3.773812732079989,346.54768334060964,315.69053382247625,58.64823390841748,56.63675896253509,22.813992007581625,324.112021891276,312.33256276448566,20.790000915527344,25.83461705904897
109,2020-12-04,V,209.74000549316406,212.72000122070312,208.50999450683594,208.58482360839844,5720100.0,4.0,2.854094237173655,212.29037837443732,198.59469242634393,56.499623743109574,60.14126854900258,10.398050934810655,198.76272328694662,197.87382227579752,20.790000915527344,25.83461705904897
109,2020-12-04,VZ,61.54999923706055,61.79999923706055,61.27000045776367,52.005638122558594,10495800.0,4.0,0.5644049825404949,52.37768730567994,50.030750423201894,60.71281892293481,89.9058352355389,35.663657291164206,50.30337829589844,49.981435775756836,20.790000915527344,25.83461705904897
109,2020-12-04,WBA,43.04999923706055,43.45000076293945,41.720001220703125,38.16463851928711,11221500.0,4.0,0.8842429311452094,38.5521745547553,31.35692845732966,59.46933682191407,144.73407552587602,30.069101956668927,33.740433883666995,32.61711047490438,20.790000915527344,25.83461705904897
109,2020-12-04,WMT,149.50999450683594,149.50999450683594,147.5800018310547,142.1508026123047,6963100.0,4.0,1.7223274151987766,147.78956537001199,138.09288854844505,55.79929207601509,27.482437754080546,8.646787231516509,140.3580551147461,137.14102478027343,20.790000915527344,25.83461705904897
110,2020-12-07,AAPL,122.30999755859375,124.56999969482422,122.25,121.76258850097656,86712000.0,0.0,1.7033599551363636,122.72095077854621,111.39579269069208,57.079064622470185,140.37716548479676,22.41073669820472,115.33526026407877,114.12448221842448,21.299999237060547,13.800020230440275
110,2020-12-07,AMGN,229.0,229.2100067138672,225.11000061035156,207.41436767578125,2250300.0,0.0,-1.2629004775473618,221.1378963947059,197.82180819513783,46.99767995604565,-3.5036678120450695,2.3465002458132984,207.39177602132162,214.1206293741862,21.299999237060547,13.800020230440275
110,2020-12-07,AXP,124.51000213623047,124.87000274658203,122.62999725341797,119.18049621582031,4253700.0,0.0,4.9509296189597904,121.30220923297843,105.369577266045,62.50898938691879,88.73381047961982,27.76452678993573,105.89921290079752,102.05757548014323,21.299999237060547,13.800020230440275
110,2020-12-07,BA,238.5,244.0800018310547,237.11000061035156,238.1699981689453,33246700.0,0.0,16.367415878873288,244.31220804953207,171.1727925608195,65.99693788624168,126.31925022258861,59.485601984405555,189.34833374023438,176.53916778564454,21.299999237060547,13.800020230440275
110,2020-12-07,CAT,180.38999938964844,180.38999938964844,176.55999755859375,168.46763610839844,4587400.0,0.0,3.6715804691415883,169.4371834748212,158.05706090994443,60.30237083694107,101.004689710095,37.90579999002274,159.2704600016276,152.5466562906901,21.299999237060547,13.800020230440275
110,2020-12-07,CRM,228.11000061035156,229.8699951171875,226.25,227.6999969482422,12864100.0,0.0,-6.106280206518335,273.6912297668508,220.4437738952586,44.543607082027535,-123.02315216976433,39.996356010540715,246.0720011393229,248.99150060017902,21.299999237060547,13.800020230440275
110,2020-12-07,CSCO,44.290000915527344,44.4900016784668,43.90999984741211,40.53285598754883,14086800.0,0.0,1.2967069099502808,41.7459887873139,34.74457899222711,62.65952495048732,105.53952833611477,53.84213029160314,36.63920211791992,36.23341337839762,21.299999237060547,13.800020230440275
110,2020-12-07,CVX,91.81999969482422,92.37999725341797,89.87999725341797,80.93392181396484,9398400.0,0.0,3.716691956698398,86.18923126893478,69.1203115777449,58.81677042404185,81.12968997494666,27.112403800994734,72.40945434570312,68.59029165903728,21.299999237060547,13.800020230440275
110,2020-12-07,DIS,153.17999267578125,153.8800048828125,152.25999450683594,153.67999267578125,6815500.0,0.0,6.10661596610035,157.19065390021643,134.61634683220547,64.35299357563812,98.63025771949417,50.65612217992479,138.34466654459635,132.15300025939942,21.299999237060547,13.800020230440275
110,2020-12-07,GS,238.5399932861328,239.85000610351562,235.4499969482422,223.11607360839844,1788600.0,0.0,7.975941603839686,228.72838523350177,195.8040320638615,63.703859619849645,98.62397415347245,40.189716287027174,202.18076934814454,194.87897389729818,21.299999237060547,13.800020230440275
110,2020-12-07,HD,263.5,264.5,261.0,245.79725646972656,6379000.0,0.0,-2.2222854663320106,261.8246094778855,246.35858296596217,44.03009209039576,-177.60271968668266,37.35732616966703,255.023296101888,257.79750696818036,21.299999237060547,13.800020230440275
110,2020-12-07,HON,211.50999450683594,211.7899932861328,209.35000610351562,200.12474060058594,2595100.0,0.0,7.333832978717027,202.7999033729156,185.2844990929047,65.56366917412225,77.00742262245682,48.6640142372683,183.6776911417643,171.49677276611328,21.299999237060547,13.800020230440275
110,2020-12-07,IBM,120.9273452758789,121.38623046875,119.09178161621094,104.19361877441406,8701151.0,0.0,2.0468815158398286,107.17451970498169,94.09465296347534,55.40716325270055,123.82179090702515,31.916809474575313,97.77694193522136,99.1997433980306,21.299999237060547,13.800020230440275
110,2020-12-07,INTC,51.0,51.290000915527344,49.560001373291016,46.141090393066406,51040300.0,0.0,0.7558889029761531,47.4034667266899,39.37762648925248,53.47865171747936,166.00794919416097,26.50036948801921,42.667650349934895,44.90740623474121,21.299999237060547,13.800020230440275
110,2020-12-07,JNJ,149.35000610351562,149.91000366210938,148.50999450683594,138.51844787597656,6634700.0,0.0,1.1165689807050398,140.38981665213828,132.5313182965922,55.08012779923924,84.98018177428854,14.36453093446829,134.01699651082356,134.90514030456544,21.299999237060547,13.800020230440275
110,2020-12-07,JPM,121.1500015258789,122.16999816894531,120.20999908447266,111.9202880859375,9724300.0,0.0,4.054172181788985,114.46666501940001,102.61533723890076,61.985607024577384,78.4118219527579,31.654728211459666,103.07844390869141,96.66965319315592,21.299999237060547,13.800020230440275
110,2020-12-07,KO,53.7599983215332,53.779998779296875,52.70000076293945,48.75349807739258,16210900.0,0.0,0.6229972012776344,49.54295979111495,47.397397417137,57.466212800327796,61.90601328309464,12.293061528980994,47.21703783671061,46.36541862487793,21.299999237060547,13.800020230440275
110,2020-12-07,MCD,208.52999877929688,209.11000061035156,206.19000244140625,196.48919677734375,3826000.0,0.0,-1.4294691256645535,206.52253577279612,196.11334984732105,44.5936235067317,-213.6542629893925,21.32751294559587,201.75506642659505,205.29804712931315,21.299999237060547,13.800020230440275
110,2020-12-07,MMM,171.72000122070312,172.5,169.17999267578125,151.53570556640625,2526800.0,0.0,1.6460327714482332,159.25466510226352,145.78920239041224,53.16069699949955,31.056515104749657,6.316992191656016,149.3315394083659,147.8568903605143,21.299999237060547,13.800020230440275
110,2020-12-07,MRK,78.30152893066406,79.6469497680664,78.29198455810547,71.5558090209961,8829190.0,0.0,0.4589135069551702,71.42517825473642,68.75518368374013,54.96872701025147,125.95271907363674,34.0698346470729,69.25127258300782,69.98712361653646,21.299999237060547,13.800020230440275
110,2020-12-07,MSFT,214.3699951171875,215.5399932861328,212.99000549316406,209.10910034179688,24620000.0,0.0,0.5325538388071323,213.13982022776923,204.62444521412527,51.47635353900195,23.31853927183674,2.992177859581107,207.5578872680664,206.3218849182129,21.299999237060547,13.800020230440275
110,2020-12-07,NKE,137.0,138.86000061035156,136.8000030517578,134.96473693847656,4590800.0,0.0,2.725403893406707,135.90454780202197,121.91873711008742,66.67953105923657,132.61140572490578,41.239609325633346,126.52881240844727,124.08239962259928,21.299999237060547,13.800020230440275
110,2020-12-07,PG,136.61000061035156,137.74000549316406,136.55999755859375,128.61085510253906,6918000.0,0.0,-0.6722677337171774,134.05025401083344,126.85566029580718,48.63011461389457,-96.03360279430446,35.152136555563274,130.62235056559246,130.42065811157227,21.299999237060547,13.800020230440275
110,2020-12-07,TRV,134.6199951171875,135.0500030517578,133.42999267578125,125.21556091308594,970900.0,0.0,2.4980642962451185,128.7198253519357,122.87836953331824,57.69071561823819,45.02904419525169,12.957843315752523,122.31506779988607,114.0167692820231,21.299999237060547,13.800020230440275
110,2020-12-07,UNH,348.7200012207031,349.8900146484375,345.2200012207031,334.81390380859375,2999400.0,0.0,3.9378799499656907,346.6886342247811,315.70796916877356,57.69126734072898,46.658478292687384,21.77274069394289,324.70380147298175,313.0939097086588,21.299999237060547,13.800020230440275
110,2020-12-07,V,211.97000122070312,214.5,211.8000030517578,208.5553741455078,10624500.0,0.0,2.8970199393709777,210.72771934284407,201.57733131633563,56.47653209526237,68.62059378625298,14.704322768115679,199.25106557210287,198.07441584269205,21.299999237060547,13.800020230440275
110,2020-12-07,VZ,61.52000045776367,61.70000076293945,61.18000030517578,51.83664321899414,12537500.0,0.0,0.5597603959500717,52.193141870895,50.45356566389504,59.5948816648796,80.78484664837598,33.04612687540643,50.39885559082031,50.012274169921874,21.299999237060547,13.800020230440275
110,2020-12-07,WBA,43.18000030517578,43.33000183105469,42.06999969482422,37.30305480957031,6781700.0,0.0,0.9853788677109492,38.73392459589601,31.663833506520977,57.40653261729073,124.9142463940465,30.06910195666894,33.8821772257487,32.73634770711263,21.299999237060547,13.800020230440275
110,2020-12-07,WMT,148.4600067138672,148.99000549316406,147.16000366210938,141.38711547851562,6159700.0,0.0,1.434128697038119,147.6291240627806,138.4767078463991,54.68489343207374,15.643732536504357,5.554533656238894,140.4936091105143,137.32255935668945,21.299999237060547,13.800020230440275
111,2020-12-08,AAPL,124.37000274658203,124.9800033569336,123.08999633789062,122.38246154785156,82225500.0,1.0,1.887334818793434,123.44990502535168,111.45989264310535,57.57021222544577,143.24984401093732,23.882203243494104,115.64776407877604,114.27565905253093,20.68000030517578,7.418212053936522
111,2020-12-08,AMGN,229.00999450683594,229.10000610351562,226.35000610351562,209.69505310058594,2124500.0,1.0,-0.9765078847101449,220.7564745160824,197.7933957842106,48.55236403222236,8.229791109273625,2.3465002458132944,207.56175333658854,213.87416254679363,20.68000030517578,7.418212053936522
111,2020-12-08,AXP,122.47000122070312,124.55000305175781,122.0199966430664,118.77661895751953,3623000.0,1.0,4.854224563068996,121.95497490132703,105.3081949595128,62.08076838713857,82.78915510225507,25.06586248432076,106.75311228434245,102.32515907287598,20.68000030517578,7.418212053936522
111,2020-12-08,BA,238.6999969482422,241.6999969482422,234.4600067138672,236.57000732421875,19682000.0,1.0,16.544352569663545,246.7727506363894,174.4332506453489,65.34849556078983,112.26211300027153,54.31305090401843,191.8730005900065,177.72616780598958,20.68000030517578,7.418212053936522
111,2020-12-08,CAT,177.66000366210938,180.74000549316406,177.5,168.5901641845703,2001600.0,1.0,3.6712953468243086,170.0546056747795,158.19567203518142,60.37051786157658,101.24532282324535,38.54556718631655,159.7619140625,152.95926971435546,20.68000030517578,7.418212053936522
111,2020-12-08,CRM,228.64999389648438,229.5,225.66000366210938,227.86000061035156,12116800.0,1.0,-6.4486073997160815,272.7857167996754,218.2072870455394,44.60676144703277,-114.77974235452513,40.511644097711006,245.60133463541666,248.6785006205241,20.68000030517578,7.418212053936522
111,2020-12-08,CSCO,44.209999084472656,44.529998779296875,43.93000030517578,40.5511360168457,13348500.0,1.0,1.3005281117718397,41.79842618244181,35.25603777629842,62.71307014569296,99.45942012937617,54.14600907527015,36.84331359863281,36.29996229807536,20.68000030517578,7.418212053936522
111,2020-12-08,CVX,90.33999633789062,92.45999908447266,90.19000244140625,81.62948608398438,7627300.0,1.0,3.62226201997656,86.09719614103933,70.39758611604076,59.39434915111423,80.09629958032716,27.344166065521392,73.052357228597,68.81873620351156,20.68000030517578,7.418212053936522
111,2020-12-08,DIS,152.4199981689453,154.8800048828125,152.25,153.72000122070312,7900600.0,1.0,6.018237635427681,158.14961581273496,134.77038540796815,64.37581059278928,96.44805429665054,52.440242317994624,139.33333333333334,132.52750027974446,20.68000030517578,7.418212053936522
111,2020-12-08,GS,237.00999450683594,239.19000244140625,236.5800018310547,223.48098754882812,1371800.0,1.0,7.892173217352081,229.56712743060044,197.31155756695816,63.860686624374104,94.36025049336665,40.189716287027174,203.39063313802083,195.48080393473307,20.68000030517578,7.418212053936522
111,2020-12-08,HD,261.7200012207031,262.5,258.7300109863281,244.9362335205078,5338100.0,1.0,-2.6561703432346917,262.45538578837335,245.09272822529852,43.56017502841082,-184.75412838179668,40.69551330803029,254.62327219645184,257.52597961425784,20.68000030517578,7.418212053936522
111,2020-12-08,HON,210.32000732421875,213.05999755859375,209.89999389648438,201.04429626464844,2302300.0,1.0,7.207147397675811,203.20065324878,186.4004926862786,65.9680764518734,79.01837677269397,50.598845268517756,185.02683817545574,172.19808095296224,20.68000030517578,7.418212053936522
111,2020-12-08,IBM,119.80879211425781,120.77437591552734,119.15869903564453,105.03753662109375,5643170.0,1.0,2.084184476515162,107.58263586086393,94.53712961154817,56.3000596562674,114.5678779302291,31.916809474575313,98.1973368326823,99.2744566599528,20.68000030517578,7.418212053936522
111,2020-12-08,INTC,49.83000183105469,50.720001220703125,49.810001373291016,46.591461181640625,28956500.0,1.0,0.8319650651554298,47.816193286869286,39.432743938472505,54.51150889799475,147.68745807630418,26.500369488019217,42.79961980183919,44.93248023986816,20.68000030517578,7.418212053936522
111,2020-12-08,JNJ,150.0,152.13999938964844,149.5500030517578,140.9174346923828,8339800.0,1.0,1.3621515480232915,141.08865568408675,132.43483522167497,58.1654961305295,111.80972590221046,24.20378853980839,134.2827293395996,134.97059694925943,20.68000030517578,7.418212053936522
111,2020-12-08,JPM,121.04000091552734,122.33000183105469,120.76000213623047,112.03047180175781,9592100.0,1.0,3.9291862362961893,114.86991968315749,102.680406091989,62.06900669906582,78.14350242723891,32.10047352839362,103.71389541625976,96.9829729715983,20.68000030517578,7.418212053936522
111,2020-12-08,KO,52.939998626708984,53.47999954223633,52.790000915527344,48.92829895019531,12485800.0,1.0,0.6228288908301209,49.583547936332295,47.45056079779856,57.9742261703861,58.77543761289769,12.293061528980994,47.33257904052734,46.409343528747556,20.68000030517578,7.418212053936522
111,2020-12-08,MCD,206.5500030517578,209.10000610351562,206.41000366210938,196.01889038085938,2709400.0,1.0,-1.6900611455308479,206.8146265364463,195.48543449870996,44.16825646334675,-198.1769435267626,21.32751294559589,201.2987055460612,205.12768580118816,20.68000030517578,7.418212053936522
111,2020-12-08,MMM,169.74000549316406,172.8300018310547,169.6999969482422,153.59298706054688,1730800.0,1.0,1.5673389146457737,158.50368666295637,147.46922440882096,55.05580868340214,42.57390523804594,7.549783810772705,149.5608708699544,147.93770904541014,20.68000030517578,7.418212053936522
111,2020-12-08,MRK,78.52098846435547,79.90457916259766,78.49236297607422,72.1368637084961,8664969.0,1.0,0.563830247927811,71.81605479261987,68.59672596909888,56.464740232207596,136.13822770856504,35.83135498725326,69.3767328898112,69.97295862833658,20.68000030517578,7.418212053936522
111,2020-12-08,MSFT,213.97000122070312,216.9499969482422,212.88999938964844,210.78749084472656,23284100.0,1.0,0.6340822961324193,212.796547665564,204.7911186552368,52.53444191020412,39.15374754264591,1.9998823932942524,207.76861724853515,206.50300318400065,20.68000030517578,7.418212053936522
111,2020-12-08,NKE,138.24000549316406,140.44000244140625,137.64999389648438,135.32467651367188,6953600.0,1.0,2.848054522568475,136.73627812741523,122.10145075442067,67.01622959498248,135.53794756659136,45.99012208252467,126.88572845458984,124.40792833964029,20.68000030517578,7.418212053936522
111,2020-12-08,PG,137.02000427246094,138.77999877929688,136.42999267578125,128.9564971923828,6493500.0,1.0,-0.6662362211075106,134.04804730552993,126.86347308021223,49.27887687546889,-75.59212268353026,24.84882229915305,130.52115325927736,130.42354583740234,20.68000030517578,7.418212053936522
111,2020-12-08,TRV,133.07000732421875,135.8000030517578,132.75,126.48735809326172,1113300.0,1.0,2.4066540254185753,128.77929768719252,122.9105407222313,58.71480920843783,48.717277140209255,15.925074704050918,122.74273986816407,114.34095204671225,20.68000030517578,7.418212053936522
111,2020-12-08,UNH,344.75,349.8999938964844,344.0799865722656,334.81390380859375,2471200.0,1.0,4.021546517255388,346.59891102309257,315.7124872923371,57.69126734072898,41.66866750469036,19.44426202299865,325.53662109375,313.74192810058594,20.68000030517578,7.418212053936522
111,2020-12-08,V,209.9499969482422,213.1300048828125,209.88999938964844,208.67308044433594,8646200.0,1.0,2.907026391547504,210.79035283759706,201.55490473076233,56.549957298966284,58.4768924582348,8.711418523904744,199.9045832316081,198.20678990681967,20.68000030517578,7.418212053936522
111,2020-12-08,VZ,61.18000030517578,61.70000076293945,60.880001068115234,51.921142578125,13421100.0,1.0,0.5564831285982166,52.221952635589346,50.56078891104151,59.97608758476489,74.85366491284042,24.48767574776599,50.501374053955075,50.03713607788086,20.68000030517578,7.418212053936522
111,2020-12-08,WBA,41.90999984741211,42.470001220703125,41.65999984741211,36.91621780395508,6207400.0,1.0,1.0225282435727934,38.918490288337246,31.71463539830827,56.49632822572969,98.29174495034403,26.093240070131202,34.035064188639325,32.84320052464803,20.68000030517578,7.418212053936522
111,2020-12-08,WMT,147.36000061035156,149.85000610351562,147.17999267578125,142.66632080078125,6905500.0,1.0,1.2940335025683396,146.9387972075234,139.73121164257424,56.20064370233141,25.617983219178694,11.093236566835058,140.72557983398437,137.5155497233073,20.68000030517578,7.418212053936522
112,2020-12-09,AAPL,124.52999877929688,125.94999694824219,121.0,119.8242416381836,115089200.0,2.0,1.8058920574254103,123.60750673916677,111.87396222445629,54.88867413942709,109.12754739312254,12.279220692183895,115.82424392700196,114.38125228881836,22.270000457763672,18.711601860219726
112,2020-12-09,AMGN,229.77999877929688,231.58999633789062,227.8800048828125,210.52859497070312,2210000.0,2.0,-0.6745045601165316,219.2009191327929,198.422031611836,49.116661572547805,24.746139770370643,5.23238200276543,207.8028798421224,213.61732788085936,22.270000457763672,18.711601860219726
112,2020-12-09,AXP,123.27999877929688,123.95999908447266,121.01000213623047,117.01689147949219,3622800.0,2.0,4.5827625744450415,122.29874078910099,105.51638753731503,60.221274732270686,72.83846333643274,20.558836517471605,107.61085764567058,102.5728303273519,22.270000457763672,18.711601860219726
112,2020-12-09,BA,238.63999938964844,240.83999633789062,228.27999877929688,232.05999755859375,19043600.0,2.0,16.134665692886273,248.60846094930233,176.93453984415473,63.52838151332959,96.91610601641987,42.76981532881245,194.4336669921875,178.86900100708007,22.270000457763672,18.711601860219726
112,2020-12-09,CAT,179.6199951171875,180.47999572753906,177.0,169.74969482421875,2915500.0,2.0,3.721732007467068,170.86675156026533,158.11599380106279,61.02550488750846,100.0105987877358,36.3995074018782,160.45824635823567,153.46788330078124,22.270000457763672,18.711601860219726
112,2020-12-09,CRM,228.0500030517578,228.83999633789062,220.07000732421875,220.57000732421875,15651800.0,2.0,-7.224861988155482,273.58342272714907,214.70058148427674,42.33445852734977,-128.23887410472912,45.27168270522238,244.61033477783204,248.1600008646647,22.270000457763672,18.711601860219726
112,2020-12-09,CSCO,44.470001220703125,44.83000183105469,44.36000061035156,40.84358215332031,22679800.0,2.0,1.3120301342081149,41.872736017154615,35.72734447295769,63.57744734962737,102.52226607519698,56.44508165606845,37.08154474894206,36.36791388193766,22.270000457763672,18.711601860219726
112,2020-12-09,CVX,92.19999694824219,93.0199966430664,89.37000274658203,80.64857482910156,11129400.0,2.0,3.428749781186994,86.14143230411716,71.11797779109767,58.20350309618337,72.45816940322197,23.05697544184441,73.70445251464844,69.04460010528564,22.270000457763672,18.711601860219726
112,2020-12-09,DIS,156.2899932861328,157.4600067138672,153.88999938964844,154.42999267578125,10804300.0,2.0,5.937048943876363,159.09425742419464,135.05774300305146,64.78955387387583,103.138304820856,56.75277838759041,140.37066650390625,132.91400006612142,22.270000457763672,18.711601860219726
112,2020-12-09,GS,240.0,245.36000061035156,239.52999877929688,227.205078125,3552300.0,2.0,8.03368186971474,231.04428265342398,198.31669909706432,65.43728574379571,108.18102889985724,49.66436231318047,204.89400583902994,196.1965067545573,22.270000457763672,18.711601860219726
112,2020-12-09,HD,264.6099853515625,265.7699890136719,262.25,248.54872131347656,4550100.0,2.0,-2.6776632252067145,262.25821451964737,244.49482350525497,46.05883335343593,-121.81539438620031,30.025722549365703,254.31884358723957,257.23817927042643,22.270000457763672,18.711601860219726
112,2020-12-09,HON,212.83999633789062,213.82000732421875,210.72000122070312,201.20545959472656,2946400.0,2.0,7.0386159129611485,203.94956859480325,186.71359211076313,66.04038278589523,80.850640060586,51.761870885140816,186.48892567952473,172.90474904378254,22.270000457763672,18.711601860219726
112,2020-12-09,IBM,120.26768493652344,122.07456970214844,120.17208099365234,105.93992614746094,6813121.0,2.0,2.1616445420933417,108.18531724434342,94.67641981620346,57.24699377068707,119.92163985793422,36.732929727859435,98.69338455200196,99.35940539042154,22.270000457763672,18.711601860219726
112,2020-12-09,INTC,50.279998779296875,50.84000015258789,49.72999954223633,46.0215950012207,34068400.0,2.0,0.8366284021551991,48.06365269425933,39.61084872480805,52.97207552820955,125.1286958678583,27.343621266617685,42.94544397989909,44.939083417256676,22.270000457763672,18.711601860219726
112,2020-12-09,JNJ,152.8300018310547,153.5,151.75999450683594,142.35870361328125,8440100.0,2.0,1.654009467127537,142.03348167632808,132.03334113861334,59.878226674379604,131.2389111992252,29.485626462203886,134.62174555460612,135.05176429748536,22.270000457763672,18.711601860219726
112,2020-12-09,JPM,123.16999816894531,123.30000305175781,120.44000244140625,111.15811920166016,13073900.0,2.0,3.71689634239749,115.10644493807031,102.85986518155859,60.973400169283195,75.57924732967552,34.85389578062906,104.37873229980468,97.33012669881185,22.270000457763672,18.711601860219726
112,2020-12-09,KO,53.369998931884766,53.599998474121094,53.0,49.06631851196289,11508400.0,2.0,0.6266093660241552,49.54501062673626,47.46793416696491,58.38025864458016,62.48767994113877,13.747678222687739,47.44967753092448,46.45039577484131,22.270000457763672,18.711601860219726
112,2020-12-09,MCD,209.49000549316406,209.52999877929688,207.3300018310547,196.3010711669922,3010900.0,2.0,-1.8524585782071483,207.0196629236481,194.9634425451019,44.496864668158786,-168.50615610419058,19.44215248816531,200.89226989746095,204.93381907145184,22.270000457763672,18.711601860219726
112,2020-12-09,MMM,172.6699981689453,175.63999938964844,171.92999267578125,156.1134033203125,2790900.0,2.0,1.6888816183328856,158.73076592804026,147.9190585958855,57.248020063758396,75.15547216848975,17.438902590618742,150.02520192464192,148.08834788004557,22.270000457763672,18.711601860219726
112,2020-12-09,MRK,79.98091888427734,80.03816986083984,78.7595443725586,72.38834381103516,7168320.0,2.0,0.659665648631119,72.19163935218187,68.4258075472322,57.10279807227873,138.83492312672797,36.76780852337562,69.53514785766602,69.96226247151692,22.270000457763672,18.711601860219726
112,2020-12-09,MSFT,215.16000366210938,215.22999572753906,211.2100067138672,206.67929077148438,32440600.0,2.0,0.3786817107453544,212.66427540585752,205.05424876406434,49.78557407119958,-6.65986057675302,3.9308762431122237,207.73956400553385,206.5609858194987,22.270000457763672,18.711601860219726
112,2020-12-09,NKE,140.57000732421875,140.57000732421875,138.27000427246094,135.00364685058594,4341300.0,2.0,2.8860826546562635,137.22247693460005,122.71796572287067,66.39718969695014,127.08276091159298,46.371466597585794,127.24423955281576,124.72826855977377,22.270000457763672,18.711601860219726
112,2020-12-09,PG,137.8300018310547,138.0399932861328,136.25,127.42453002929688,6773400.0,2.0,-0.7761264482138301,134.10158139449553,126.45030001419592,46.58152986687951,-101.9982276525569,25.89401248488124,130.33588460286458,130.400900777181,22.270000457763672,18.711601860219726
112,2020-12-09,TRV,134.89999389648438,135.80999755859375,134.38999938964844,126.95787811279297,1600100.0,2.0,2.3451443956974884,128.69453736574673,122.93948591916536,59.09375500039353,57.075101217518636,15.965882319474508,123.26246566772461,114.7089796702067,22.270000457763672,18.711601860219726
112,2020-12-09,UNH,348.8900146484375,349.4100036621094,341.6099853515625,331.4933166503906,2600400.0,2.0,3.77637751299892,345.74512942064365,315.795111057872,56.028570339944864,27.74534210683065,14.378810189689723,326.34027404785155,314.35602315266925,22.270000457763672,18.711601860219726
112,2020-12-09,V,213.22999572753906,213.5,208.9499969482422,205.54449462890625,6251100.0,2.0,2.632163901377538,210.4480461812761,201.5628684305403,54.04307830484107,47.167088621145815,5.803279524930188,200.55206858317058,198.28032913208008,22.270000457763672,18.711601860219726
112,2020-12-09,VZ,61.45000076293945,61.81999969482422,61.09000015258789,51.92959213256836,14949500.0,2.0,0.5482478194479583,52.26585061661274,50.54730894454448,60.01511077766551,78.81649418634558,26.50905451527344,50.616284942626955,50.058237393697105,22.270000457763672,18.711601860219726
112,2020-12-09,WBA,42.529998779296875,42.619998931884766,41.459999084472656,36.722801208496094,6505200.0,2.0,1.0245518923330863,38.90871764981373,31.717141801480217,56.03677090346465,88.40555818424711,24.1149368783179,34.21654707590739,32.944512875874835,22.270000457763672,18.711601860219726
112,2020-12-09,WMT,150.0,150.0,147.88999938964844,141.53985595703125,6713200.0,2.0,1.0796650464017716,146.55508042657826,140.37362440740614,54.538797428583784,21.418662709528164,12.054799300341793,140.89740905761718,137.6891291300456,22.270000457763672,18.711601860219726
113,2020-12-10,AAPL,120.5,123.87000274658203,120.1500015258789,121.26078033447266,81312200.0,3.0,1.836099339163809,123.99796680891164,111.85247951066843,56.07712068514832,94.6620205139284,7.8862030813390005,116.22541325887045,114.56661237080893,22.520000457763672,12.323367582626073
113,2020-12-10,AMGN,229.6199951171875,230.0,227.52000427246094,208.9806365966797,1558100.0,3.0,-0.5536894660109795,217.5408262964081,199.08319408933409,48.103052509717585,7.4167887575588445,4.0416644827329495,208.2071111043294,213.34364013671876,22.520000457763672,12.323367582626073
113,2020-12-10,AXP,120.72000122070312,122.12999725341797,119.69999694824219,117.16112518310547,2818800.0,3.0,4.329359288210867,122.23604933445333,106.60991090114237,60.322044787514436,64.17048163650142,14.821728108602628,108.58014856974283,102.83407758076986,22.520000457763672,12.323367582626073
113,2020-12-10,BA,228.10000610351562,237.00999450683594,228.02000427246094,234.42999267578125,16185000.0,3.0,15.818874551564221,249.39825486801604,181.3727458033707,64.07236394768098,91.17892222614304,42.29113939446845,197.31000010172525,179.98516743977865,22.520000457763672,12.323367582626073
113,2020-12-10,CAT,179.24000549316406,179.52999877929688,177.13999938964844,168.59963989257812,3109400.0,3.0,3.6270927355609786,171.14980939719726,158.71812120583007,60.00789272537066,93.22438106430836,36.399507401878196,161.328347269694,153.9181330362956,22.520000457763672,12.323367582626073
113,2020-12-10,CRM,220.57000732421875,224.30999755859375,220.16000366210938,222.9199981689453,9258600.0,3.0,-7.563240393328925,273.0767667939303,212.08123796681193,43.29768546247591,-121.49044732744416,45.27168270522238,244.0933349609375,247.69866739908855,22.520000457763672,12.323367582626073
113,2020-12-10,CSCO,44.540000915527344,44.61000061035156,44.11000061035156,40.505435943603516,17741500.0,3.0,1.2791151534704213,41.87739384152481,36.17873828432968,61.862095563956636,92.00660876219406,49.75642302247999,37.34384307861328,36.4329465230306,22.520000457763672,12.323367582626073
113,2020-12-10,CVX,91.55000305175781,94.55999755859375,90.77999877929688,83.24351501464844,11992100.0,3.0,3.4450673321939433,86.35796305649339,71.97917531020582,60.37756804249988,86.42428220407056,27.928115350462797,74.52008781433105,69.28134377797444,22.520000457763672,12.323367582626073
113,2020-12-10,DIS,153.32000732421875,155.33999633789062,152.5,154.69000244140625,8993200.0,3.0,5.826522412495706,159.56471759277449,136.27428234619035,64.94379870228283,93.19698813080524,48.973140685819764,141.5779998779297,133.29066683451336,22.520000457763672,12.323367582626073
113,2020-12-10,GS,240.0,245.17999267578125,239.50999450683594,228.68344116210938,2541700.0,3.0,8.170930635982359,232.49006626684474,199.44707362573337,66.04559114639164,105.88538036894167,49.58223859926274,206.62998962402344,196.89528071085613,22.520000457763672,12.323367582626073
113,2020-12-10,HD,264.0799865722656,266.07000732421875,262.1099853515625,247.8280792236328,4234300.0,3.0,-2.7214748153978974,261.7055806342168,243.9774027642207,45.64184787899831,-116.65781696957185,29.065765330187027,254.2113016764323,256.99964548746743,22.520000457763672,12.323367582626073
113,2020-12-10,HON,210.25,212.8000030517578,210.22000122070312,200.949462890625,2987200.0,3.0,6.805942039276772,204.22233050861917,187.73106609782616,65.81062129788157,78.05632523754436,49.2901587631486,188.11830088297526,173.58041585286458,22.520000457763672,12.323367582626073
113,2020-12-10,IBM,120.79350280761719,121.34799194335938,119.44550323486328,104.41088104248047,5024147.0,3.0,2.0757233937348474,108.42326560014996,95.08686318402974,55.152153560403164,96.55648981862245,31.189308185069038,99.24580866495768,99.39443613688151,22.520000457763672,12.323367582626073
113,2020-12-10,INTC,49.65999984741211,50.720001220703125,49.59000015258789,46.196231842041016,33706000.0,3.0,0.8446789309565759,48.32705008030164,39.70683663844836,53.38937121305075,111.6226177744976,25.54726764771173,43.139369074503584,44.942970021565756,22.520000457763672,12.323367582626073
113,2020-12-10,JNJ,152.82000732421875,152.97999572753906,151.67999267578125,141.56834411621094,7392900.0,3.0,1.800775347375918,142.67233014557283,131.90310930755217,58.51911519040099,116.9768006507281,28.920709288542053,135.08185551961262,135.12729988098144,22.520000457763672,12.323367582626073
113,2020-12-10,JPM,119.98999786376953,120.77999877929688,119.55999755859375,110.44185638427734,13668400.0,3.0,3.451076783769423,115.14901104591482,103.32143725730785,60.072740195224455,60.95919348500804,29.751264711260106,105.10509414672852,97.65897369384766,22.520000457763672,12.323367582626073
113,2020-12-10,KO,53.400001525878906,53.5099983215332,52.97999954223633,48.80870056152344,12097300.0,3.0,0.6018797096194746,49.532247131201295,47.47028773513171,57.311099090226456,55.68381835299923,13.41255694050332,47.617222849528,46.4911101659139,22.520000457763672,12.323367582626073
113,2020-12-10,MCD,208.5,208.75999450683594,207.07000732421875,195.68963623046875,2956400.0,3.0,-2.0073578314715803,206.89256391209247,194.27295732814193,43.91746196878448,-163.95717796107596,20.243220734527423,200.7235346476237,204.6917355855306,22.520000457763672,12.323367582626073
113,2020-12-10,MMM,174.8699951171875,175.39999389648438,172.69000244140625,154.5102996826172,2228800.0,3.0,1.6369779578917587,158.6802927520732,148.47995352478225,55.467844915895846,66.49150595675529,17.438902590618742,150.50967661539713,148.16900329589845,22.520000457763672,12.323367582626073
113,2020-12-10,MRK,79.8282470703125,80.09542083740234,78.9312973022461,71.97209167480469,7349205.0,3.0,0.6940275084158145,72.41684857879545,68.36797579254244,55.7048594761575,130.7025537376443,37.18773974157716,69.73201115926106,69.9249713897705,22.520000457763672,12.323367582626073
113,2020-12-10,MSFT,211.77000427246094,213.0800018310547,210.36000061035156,205.43023681640625,26733300.0,3.0,0.07462644417384467,212.57905031036742,204.60622800994506,48.97949634289222,-39.668921291224535,6.85991789255172,208.0117930094401,206.65865631103514,22.520000457763672,12.323367582626073
113,2020-12-10,NKE,138.27999877929688,139.13999938964844,137.24000549316406,133.82666015625,4511000.0,3.0,2.7890962679443305,137.32144459465496,123.60886775275713,64.14977390782332,102.3059447921619,38.11263767670097,127.75475870768229,125.03999430338541,22.520000457763672,12.323367582626073
113,2020-12-10,PG,136.52000427246094,136.9199981689453,135.0399932861328,126.58378601074219,6800500.0,3.0,-0.9204459330597388,133.95214868980923,125.98694280189,45.177627122002406,-134.03814731714746,32.627482786834534,130.26893768310546,130.3786427815755,22.520000457763672,12.323367582626073
113,2020-12-10,TRV,134.47999572753906,137.5399932861328,134.39999389648438,128.6518096923828,1352800.0,3.0,2.4053562431972892,129.08203636607328,122.79648383656343,60.44587606228964,75.38084888181265,22.890999967786428,123.76353200276692,115.08934199015299,22.520000457763672,12.323367582626073
113,2020-12-10,UNH,345.1600036621094,345.4599914550781,339.260009765625,326.91180419921875,2896900.0,3.0,3.1757811173995947,344.99141346148895,315.5103687650735,53.81485168146434,2.551519429259839,9.649587347622612,327.39112955729166,314.90510813395184,22.520000457763672,12.323367582626073
113,2020-12-10,V,208.50999450683594,209.3000030517578,207.25,203.61245727539062,10492000.0,3.0,2.2326969888399333,210.2001470637637,201.34295443770114,52.5547332473136,22.583791354833355,0.6006415773607742,201.4351364135742,198.32591171264647,22.520000457763672,12.323367582626073
113,2020-12-10,VZ,61.2599983215332,61.349998474121094,60.33000183105469,51.12690734863281,15464400.0,3.0,0.47151598114508886,52.25144724480388,50.52031026252035,54.76751057025591,40.12611103988611,7.099474046803731,50.73457565307617,50.069165293375654,22.520000457763672,12.323367582626073
113,2020-12-10,WBA,41.369998931884766,42.040000915527344,41.279998779296875,36.617305755615234,4861700.0,3.0,1.006045975407396,38.97441588284204,31.712693492157964,55.78075489780898,73.71154912358467,22.269394200195126,34.43534914652506,33.02944151560465,22.520000457763672,12.323367582626073
113,2020-12-10,WMT,147.75,148.14999389648438,146.57000732421875,140.87875366210938,6884100.0,3.0,0.846671172073485,146.59764698298954,140.29263011661982,53.57695949556947,-8.401045314676592,1.706846455336439,141.1372528076172,137.86919148763022,22.520000457763672,12.323367582626073
114,2020-12-11,AAPL,122.43000030517578,122.76000213623047,120.55000305175781,120.44409942626953,86939800.0,4.0,1.7736934693396478,124.24918476351309,111.91612209073497,55.22154012796761,78.82962283360362,7.886203081338997,116.46446482340495,114.76766446431478,23.309999465942383,102.8439743649526
114,2020-12-11,AMGN,226.47000122070312,227.8000030517578,225.5,208.28451538085938,2019300.0,4.0,-0.5082549511958803,216.48143800666662,199.3970074279037,47.645634136498046,-18.234367313294573,2.570769685005822,208.54447123209636,213.05349782307943,23.309999465942383,102.8439743649526
114,2020-12-11,AXP,120.11000061035156,120.5,118.83999633789062,115.61296081542969,2942800.0,4.0,3.957986230768796,121.81929487386311,107.90460573038494,58.67166972872979,51.648926837791294,11.111154028806641,109.51482213338217,103.0905891418457,23.309999465942383,102.8439743649526
114,2020-12-11,BA,232.82000732421875,236.22000122070312,228.3300018310547,230.3300018310547,17311800.0,4.0,15.064122968310187,247.37285669180463,188.75914404061726,62.406579092853306,83.9296504973251,42.29113939446844,200.04466705322267,181.03183415730794,23.309999465942383,102.8439743649526
114,2020-12-11,CAT,176.99000549316406,179.77999877929688,176.22999572753906,169.014404296875,2673400.0,4.0,3.5446973868540965,171.31321206686536,159.5124898374315,60.255155002760326,93.25657147905284,32.14261563782997,162.10197957356772,154.33219502766926,23.309999465942383,102.8439743649526
114,2020-12-11,CRM,221.9199981689453,222.74000549316406,219.97999572753906,222.4199981689453,8214400.0,4.0,-7.782046945606368,272.82239272837205,209.63561203237015,43.13908288424179,-116.23103018454363,45.43234771147826,243.60266825358073,247.330167388916,23.309999465942383,102.8439743649526
114,2020-12-11,CSCO,43.939998626708984,44.33000183105469,43.720001220703125,40.505435943603516,14577700.0,4.0,1.2387502522831184,41.61790846765687,36.9545951944525,61.862095563956636,83.69263412197265,39.78996743809069,37.606750615437825,36.49873377482096,23.309999465942383,102.8439743649526
114,2020-12-11,CVX,92.52999877929688,93.27999877929688,91.02999877929688,82.44094848632812,9584500.0,4.0,3.3545693105562293,85.92016055500332,73.57175610149082,59.389203673693814,77.91787564282546,27.928115350462807,75.25272712707519,69.50134245554607,23.309999465942383,102.8439743649526
114,2020-12-11,DIS,169.67999267578125,179.4499969482422,165.3300018310547,175.72000122070312,87410700.0,4.0,7.3511351761442825,165.70737294847666,134.15162668531238,74.3465937072245,221.87202496918016,73.42651942960747,143.3839998881022,134.04900016784669,23.309999465942383,102.8439743649526
114,2020-12-11,GS,240.80999755859375,241.1999969482422,237.10000610351562,224.55702209472656,2077300.0,4.0,7.856172671005027,232.23934458576818,202.19075032389978,62.85151632461625,85.65098070572955,39.70961954742126,208.22315266927083,197.61601638793945,23.309999465942383,102.8439743649526
114,2020-12-11,HD,263.3599853515625,265.3599853515625,262.6499938964844,247.58477783203125,3454500.0,4.0,-2.7441948353575185,261.2849195489492,243.44423389343362,45.497985120449954,-111.64489953402338,29.065765330187027,254.09844258626302,256.782964070638,23.309999465942383,102.8439743649526
114,2020-12-11,HON,209.5500030517578,215.25999450683594,209.5500030517578,203.47120666503906,3120700.0,4.0,6.747251846294631,204.54271775070038,189.05926894363557,66.98124727560395,89.10184008616318,53.29109976898331,189.72353769938152,174.29276479085286,23.309999465942383,102.8439743649526
114,2020-12-11,IBM,118.62332916259766,119.99044036865234,118.17399597167969,103.83433532714844,4687544.0,4.0,1.9387590364618745,108.23618380233727,96.09028104141272,54.37600964148561,73.72823884393912,21.94083462489005,99.7169682820638,99.41024894714356,23.309999465942383,102.8439743649526
114,2020-12-11,INTC,50.13999938964844,50.13999938964844,49.119998931884766,45.70908737182617,29398800.0,4.0,0.802499827054973,48.41278295578229,40.06045541702045,52.05644007208466,84.99272999565339,19.497880498171348,43.3213144938151,44.93949801127116,23.309999465942383,102.8439743649526
114,2020-12-11,JNJ,151.52999877929688,153.41000366210938,151.22999572753906,142.2191925048828,5977400.0,4.0,1.9471607335913461,143.3649256377573,131.73804677435206,59.30597117999103,117.80195430944724,25.62526818266081,135.59967346191405,135.23261324564615,23.309999465942383,102.8439743649526
114,2020-12-11,JPM,118.94000244140625,120.0199966430664,118.37000274658203,109.78987121582031,9981600.0,4.0,3.1514748735854,114.91926241643505,104.11960324518604,59.24862618000508,49.676071906822024,23.022447705457672,105.79043935139974,97.9942413330078,23.309999465942383,102.8439743649526
114,2020-12-11,KO,52.79999923706055,53.540000915527344,52.779998779296875,49.084712982177734,10638100.0,4.0,0.5976636795013945,49.59750518832329,47.4742561336982,58.16035822338085,55.80944585103602,9.949898043593326,47.79214248657227,46.540076382954915,23.309999465942383,102.8439743649526
114,2020-12-11,MCD,207.47000122070312,208.94000244140625,206.72999572753906,195.42628479003906,2770800.0,4.0,-2.12684986467346,207.09127246115122,193.69318951394644,43.664133119392275,-149.3512023678714,21.33674103999702,200.537917582194,204.48001658121746,23.309999465942383,102.8439743649526
114,2020-12-11,MMM,172.3000030517578,174.64999389648438,172.1699981689453,154.9823455810547,1875700.0,4.0,1.6153137604654546,158.20290107955657,149.7056896186856,55.88570176324553,59.64524986412206,14.841280027438586,151.01135813395183,148.21529083251954,23.309999465942383,102.8439743649526
114,2020-12-11,MRK,79.05534362792969,79.59923553466797,78.7404556274414,71.94606018066406,7979158.0,4.0,0.7109634616100919,72.59064843967644,68.46301977321417,55.6167743904402,116.48043808584305,34.0163349288472,69.93638966878255,69.886234664917,23.309999465942383,102.8439743649526
114,2020-12-11,MSFT,210.0500030517578,213.32000732421875,209.11000061035156,208.10397338867188,30979400.0,4.0,0.048845589300839265,212.47168974168613,204.55575013868497,50.74545443667618,-35.98919305294279,11.119807726117118,208.30696563720704,206.83560231526693,23.309999465942383,102.8439743649526
114,2020-12-11,NKE,137.38999938964844,138.13999938964844,136.22999572753906,133.66128540039062,4172400.0,4.0,2.668132921557941,137.00300814030714,124.99965375544478,63.83570977532357,85.84168077721,30.400179974348656,128.23452479044596,125.38504371643066,23.309999465942383,102.8439743649526
114,2020-12-11,PG,134.4600067138672,136.8000030517578,134.1999969482422,127.51789855957031,6548000.0,4.0,-0.9485112414164405,133.60019763600644,125.81204143870059,47.01311018205885,-129.46896654912186,36.88330253317786,130.23592987060547,130.37474009195964,23.309999465942383,102.8439743649526
114,2020-12-11,TRV,134.8000030517578,136.64999389648438,133.66000366210938,126.99552917480469,1273500.0,4.0,2.292994358859602,129.10727634035644,123.08951321042484,58.49031575256919,54.43777782818048,18.4285577520477,124.179465230306,115.45098368326823,23.309999465942383,102.8439743649526
114,2020-12-11,UNH,338.1300048828125,338.8800048828125,334.3299865722656,324.42864990234375,3071700.0,4.0,2.4709507653428773,343.70144427638655,315.2536643661916,52.648532949596415,-36.584983735598335,0.3451542618958848,328.4973164876302,315.43742218017576,23.309999465942383,102.8439743649526
114,2020-12-11,V,205.36000061035156,206.88999938964844,204.5,202.26881408691406,9227600.0,4.0,1.78709528462187,210.32724464286528,201.0177458966855,51.533684588852765,-4.435063414921591,7.2830873742137054,202.1428461710612,198.34681498209636,23.309999465942383,102.8439743649526
114,2020-12-11,VZ,60.08000183105469,60.529998779296875,59.970001220703125,50.9917106628418,13673000.0,4.0,0.3952401217148349,52.25066818921641,50.48391127855703,53.94564499402586,7.782180948652357,0.6209916404764045,50.83568572998047,50.074774424235024,23.309999465942383,102.8439743649526
114,2020-12-11,WBA,41.599998474121094,41.66999816894531,40.849998474121094,36.51180648803711,5937100.0,4.0,0.9716662302553232,39.06634467374929,31.729675834063208,55.518351449140205,59.26917287417967,17.7964700206351,34.681623204549155,33.099144808451335,23.309999465942383,102.8439743649526
114,2020-12-11,WMT,146.9199981689453,147.50999450683594,145.94000244140625,140.8404541015625,5620300.0,4.0,0.6514222039142794,146.6627437522471,140.16141091083884,53.52039238249382,-24.895118279369232,2.8694697945236705,141.379638671875,138.0417739868164,23.309999465942383,102.8439743649526
115,2020-12-14,AAPL,122.5999984741211,123.3499984741211,121.54000091552734,119.8242416381836,79184500.0,0.0,1.655139605677519,124.41028256023391,112.00297885334031,54.56784548922945,82.08183610711532,10.658720506265427,116.89436467488606,115.01568349202473,24.719999313354492,31.973336876913805
115,2020-12-14,AMGN,229.47999572753906,232.19000244140625,227.5800018310547,210.17135620117188,2904700.0,0.0,-0.31634881345314625,214.96625244682613,200.18859984809572,49.00532276621261,12.974786447371793,10.625298261137688,208.9714121500651,212.8002616882324,24.719999313354492,31.973336876913805
115,2020-12-14,AXP,121.7300033569336,121.79000091552734,116.6500015258789,112.8531723022461,5336300.0,0.0,3.401765108008732,121.70857814845922,108.24322238865014,55.85367397355194,37.78507855375264,2.1272198834482623,110.35205383300782,103.3205753326416,24.719999313354492,31.973336876913805
115,2020-12-14,BA,235.0,237.6300048828125,228.3699951171875,228.6199951171875,19231200.0,0.0,14.164711671283413,245.87983964313162,194.40316053997384,61.71431428400631,80.79563586068363,43.46576688705348,202.85233357747396,182.15650075276693,24.719999313354492,31.973336876913805
115,2020-12-14,CAT,180.60000610351562,183.3300018310547,177.77999877929688,167.845458984375,2533600.0,0.0,3.3464980159372146,171.45970923907757,159.96365807049276,59.1882275640729,113.62528570109346,39.95694750415438,162.761860148112,154.74988657633463,24.719999313354492,31.973336876913805
115,2020-12-14,CRM,223.08999633789062,223.47000122070312,220.4499969482422,221.27000427246094,8508500.0,0.0,-7.956529689752841,272.36199330678625,207.27201243051843,42.766350999252474,-110.55986637282317,43.60479252860094,243.23600158691406,246.97166748046874,24.719999313354492,31.973336876913805
115,2020-12-14,CSCO,44.27000045776367,44.90999984741211,44.150001525878906,40.43232345581055,16112300.0,0.0,1.1871761825000817,41.6963608600703,37.13569900015919,61.47829511436386,89.36723757390115,45.55065371200271,37.860823440551755,36.5717545191447,24.719999313354492,31.973336876913805
115,2020-12-14,CVX,93.4000015258789,93.69999694824219,89.23999786376953,79.7568359375,12198400.0,0.0,3.0313203516964364,85.37329782748498,74.79758611416543,56.205981602195806,60.98613521338197,18.00556093835671,75.87539087931314,69.6851011276245,24.719999313354492,31.973336876913805
115,2020-12-14,DIS,173.8000030517578,177.3000030517578,168.80999755859375,169.3000030517578,30939400.0,0.0,7.9497221293303255,168.4964262098817,134.456573668048,68.54081729949978,195.8846556988066,73.42651942960747,144.98566665649415,134.72683347066243,24.719999313354492,31.973336876913805
115,2020-12-14,GS,243.27999877929688,243.5,237.38999938964844,222.4984893798828,1927800.0,0.0,7.3558249585593956,231.94897058117155,204.342931579473,61.32106802731806,82.8698347118483,43.51306766436578,209.77561696370444,198.30197830200194,24.719999313354492,31.973336876913805
115,2020-12-14,HD,266.1400146484375,268.6000061035156,265.2699890136719,248.54872131347656,4576800.0,0.0,-2.6538267688817427,260.5551730937317,243.22997552687377,46.19309492078963,-81.07828539665887,18.288864452022064,254.10831349690756,256.65634689331057,24.719999313354492,31.973336876913805
115,2020-12-14,HON,216.0,216.6999969482422,211.6999969482422,200.83572387695312,3345300.0,0.0,6.414139799224358,204.73424359277445,189.84514178320214,64.59026424561392,93.46961459531325,55.48862674925606,191.22991536458332,174.98697967529296,24.719999313354492,31.973336876913805
115,2020-12-14,IBM,119.80879211425781,120.68833923339844,118.04015350341797,103.21603393554688,5282300.0,0.0,1.7600334713314822,108.14041603422461,96.74419929170313,53.54012016579785,68.09407645759826,25.041328247016253,100.09202067057292,99.44540697733561,24.719999313354492,31.973336876913805
115,2020-12-14,INTC,49.81999969482422,51.34000015258789,49.7400016784668,46.389259338378906,33436400.0,0.0,0.8145669557795259,48.58106567507912,40.35266425961326,53.72515477092615,104.00218714563863,28.854096607650277,43.520761235555014,44.95390199025472,24.719999313354492,31.973336876913805
115,2020-12-14,JNJ,153.25,153.47999572753906,148.99000549316406,138.61143493652344,8547300.0,0.0,1.7518619482945326,143.3810362643557,131.7409455471677,53.48784526886789,78.98317439260401,10.584031674348724,135.99969482421875,135.24686215718586,24.719999313354492,31.973336876913805
115,2020-12-14,JPM,121.33999633789062,121.41999816894531,118.11000061035156,108.63282775878906,12112400.0,0.0,2.788530025745459,114.65202065966001,104.77435949781069,57.793096607353704,46.51067328425974,27.73546942010278,106.41058654785157,98.31340942382812,24.719999313354492,31.973336876913805
115,2020-12-14,KO,53.650001525878906,53.84000015258789,53.18000030517578,49.011112213134766,22292000.0,0.0,0.5816782534795166,49.62378925405699,47.46967044748109,57.84292492519098,66.86048809453015,14.152593708062039,47.96339200337728,46.58933741251628,24.719999313354492,31.973336876913805
115,2020-12-14,MCD,210.72999572753906,214.74000549316406,210.2100067138672,199.33932495117188,4745000.0,0.0,-1.884080021824758,207.0895389473379,193.68553582072852,48.252310934056844,-38.67166841203666,2.931386044708833,200.54351501464845,204.36951497395833,24.719999313354492,31.973336876913805
115,2020-12-14,MMM,175.6699981689453,176.1999969482422,172.99000549316406,154.14517211914062,3700100.0,0.0,1.5131491842042237,157.965743077524,150.36554506944867,54.939908484497394,66.83982183735571,20.4479473912061,151.4415740966797,148.28927205403645,24.719999313354492,31.973336876913805
115,2020-12-14,MRK,78.84542083740234,79.27481079101562,76.3740463256836,70.2066421508789,13139300.0,0.0,0.5773732292682183,72.58786382294343,68.45403528594329,50.13662358615319,25.334207318332567,2.5829082466781053,70.10244522094726,69.8160504659017,24.719999313354492,31.973336876913805
115,2020-12-14,MSFT,213.10000610351562,216.2100067138672,212.8800048828125,209.0212860107422,28798400.0,0.0,0.10126620460195568,212.25756613015454,204.59962838888845,51.34317939311287,10.642948168055431,0.16504304335772174,208.7057098388672,207.068714650472,24.719999313354492,31.973336876913805
115,2020-12-14,NKE,138.9199981689453,139.0,136.1999969482422,132.56214904785156,7599000.0,0.0,2.455274603000703,136.60265776406732,126.20323441732916,61.756902034076525,80.54931888329902,33.766636928037784,128.76761118570963,125.7392791748047,24.719999313354492,31.973336876913805
115,2020-12-14,PG,137.02000427246094,137.92999267578125,135.77000427246094,126.90139770507812,6485300.0,0.0,-1.0088700412973708,132.5919726271497,126.03279696513546,45.96247085690929,-104.07417447364728,25.48469093566662,130.19700724283854,130.3628849029541,24.719999313354492,31.973336876913805
115,2020-12-14,TRV,136.19000244140625,136.77999877929688,133.6699981689453,126.09211730957031,1344500.0,0.0,2.106763510270241,129.11550451391662,123.10067438012634,57.44172229310902,47.77289848908235,18.981063040818526,124.6198346455892,115.81299845377605,24.719999313354492,31.973336876913805
115,2020-12-14,UNH,340.0299987792969,343.2300109863281,335.8599853515625,323.5238952636719,2479000.0,0.0,1.8184001107565564,341.9429021444627,315.25421699616226,52.22193532335524,-38.54184550119699,7.730104037920343,329.52667338053385,315.90606689453125,24.719999313354492,31.973336876913805
115,2020-12-14,V,207.85000610351562,211.3000030517578,206.97000122070312,203.2593536376953,11967700.0,0.0,1.4966287821244748,210.2751028449857,200.75310607835414,52.24130150888201,17.395181323606945,5.422344459591105,202.98672383626302,198.42764155069986,24.719999313354492,31.973336876913805
115,2020-12-14,VZ,60.61000061035156,61.060001373291016,59.77000045776367,50.67908477783203,15706500.0,0.0,0.30603685501839095,52.24940686193923,50.39391932519457,52.07625597067993,0.490438712185604,9.631123946232329,50.91989720662435,50.07851740519206,24.719999313354492,31.973336876913805
115,2020-12-14,WBA,42.04999923706055,42.13999938964844,41.20000076293945,36.46784973144531,6695700.0,0.0,0.9301508911601246,38.98227999976553,31.749700896230554,55.406009623712784,62.73465653607628,21.166088785378573,34.91137212117513,33.172170066833495,24.719999313354492,31.973336876913805
115,2020-12-14,WMT,147.6999969482422,147.72000122070312,145.39999389648438,139.5469970703125,8362700.0,0.0,0.3878439932748847,146.8798715649129,139.52829799075118,51.61644258550223,-48.351731408055755,6.715355842396879,141.61613871256512,138.21507364908854,24.719999313354492,31.973336876913805
116,2020-12-15,AAPL,124.33999633789062,127.9000015258789,124.12999725341797,125.82625579833984,157243700.0,1.0,2.0221866870296026,125.65889131304549,111.50019605878067,59.38391431872287,175.59383040809232,28.419774357978028,117.52727864583333,115.31069463094076,22.889999389648438,20.465151316526352
116,2020-12-15,AMGN,229.00999450683594,231.27999877929688,227.0,211.15142822265625,2566600.0,1.0,-0.08420750366789775,213.55582750604535,201.03755323125935,49.707163670669956,6.366278276664796,8.651131735321194,209.33185780843098,212.63204650878907,22.889999389648438,20.465151316526352
116,2020-12-15,AXP,118.79000091552734,119.30999755859375,115.55999755859375,114.52635192871094,4528900.0,1.0,3.0606857927664635,121.72062772377635,108.27252107993459,57.14461761591975,27.28216233525544,2.084960799647607,111.17582295735677,103.66255722045898,22.889999389648438,20.465151316526352
116,2020-12-15,BA,230.0,232.5,224.36000061035156,229.5,18993700.0,1.0,13.368823304762799,246.13192651685085,196.8610742766062,61.93908083092882,70.35309065689101,35.10554020904432,205.54900004069012,183.37566731770832,22.889999389648438,20.465151316526352
116,2020-12-15,CAT,179.92999267578125,182.75999450683594,179.02000427246094,171.32398986816406,2360300.0,1.0,3.430566522148638,172.25681844593691,159.97254861949278,61.29783138581712,132.6666594361008,39.956947504154364,163.342241414388,155.3358029683431,22.889999389648438,20.465151316526352
116,2020-12-15,CRM,222.07000732421875,222.13999938964844,218.1999969482422,220.14999389648438,10766800.0,1.0,-8.091905548466883,271.64568721724066,205.01431797074764,42.39727706830666,-112.0404126306913,45.846911288383914,242.8260014851888,246.55666732788086,22.889999389648438,20.465151316526352
116,2020-12-15,CSCO,44.38999938964844,44.79999923706055,44.13999938964844,40.871009826660156,18159400.0,1.0,1.1682349986352705,41.870006978758965,37.161289942017405,62.906734310817704,89.45423606310966,45.294391738461734,38.12951914469401,36.66370817820231,22.889999389648438,20.465151316526352
116,2020-12-15,CVX,89.41999816894531,90.4800033569336,88.7699966430664,79.69441986083984,11775300.0,1.0,2.7385385988767723,85.3769682626805,74.94551174830583,56.13360447079371,43.14379843602552,15.491266923814836,76.4183464050293,69.89579499562582,22.889999389648438,20.465151316526352
116,2020-12-15,DIS,170.49000549316406,174.47000122070312,167.82000732421875,173.94000244140625,18802600.0,1.0,8.698247788928626,172.36008633374405,133.51991397143172,70.27625502202282,183.63426827043259,69.61270551665434,146.77933349609376,135.53566678365073,22.889999389648438,20.465151316526352
116,2020-12-15,GS,239.5,243.61000061035156,237.19000244140625,226.84014892578125,2348000.0,1.0,7.226330789124546,232.40276112181516,205.8780097522083,63.2723383108781,86.66172083428113,42.676424356996314,211.43681945800782,199.07363993326823,22.889999389648438,20.465151316526352
116,2020-12-15,HD,267.510009765625,268.760009765625,266.20001220703125,250.79481506347656,3754100.0,1.0,-2.373606967296638,259.1510176003711,243.69134995333977,47.7979218798009,-62.76471027226186,17.769750847684396,254.068017578125,256.61122131347656,22.889999389648438,20.465151316526352
116,2020-12-15,HON,214.0,214.89999389648438,211.8800048828125,203.0351104736328,2502500.0,1.0,6.255508609953125,205.43026209577732,189.678114979418,65.64885743799175,94.59316238215166,55.48862674925606,192.53722585042317,175.83312581380207,22.889999389648438,20.465151316526352
116,2020-12-15,IBM,118.91969299316406,120.3919677734375,118.011474609375,105.22135925292969,4556585.0,1.0,1.7599179288543638,108.32865493520406,97.18847534433696,55.81881792050079,72.43405861184169,24.823538699348976,100.49959971110026,99.54844169616699,22.889999389648438,20.465151316526352
116,2020-12-15,INTC,50.97999954223633,51.0099983215332,50.209999084472656,46.57308578491211,25465600.0,1.0,0.8294026625574773,48.77522017399881,40.57028687556174,54.17112262212967,98.95158831146993,28.85409660765029,43.720860417683916,44.973955090840654,22.889999389648438,20.465151316526352
116,2020-12-15,JNJ,150.0,150.75,149.52999877929688,140.0061798095703,7612600.0,1.0,1.690147540019666,143.46925213539083,131.7234877327732,55.243820495333274,70.50507974661159,10.584031674348733,136.39757588704427,135.3471497853597,22.889999389648438,20.465151316526352
116,2020-12-15,JPM,119.29000091552734,120.9000015258789,118.62000274658203,110.48776245117188,12590200.0,1.0,2.620365405026803,114.70946724963852,104.99423453258805,59.44538276896217,51.647261297065356,27.73546942010278,107.02491760253906,98.70959142049153,22.889999389648438,20.465151316526352
116,2020-12-15,KO,53.790000915527344,54.220001220703125,53.599998474121094,49.53553009033203,16193700.0,1.0,0.6043591520310585,49.6993008328597,47.43178322780924,59.473291034998,98.32498149896563,19.255140315433174,48.13508135477702,46.66803105672201,22.889999389648438,20.465151316526352
116,2020-12-15,MCD,213.22000122070312,216.2100067138672,212.74000549316406,202.1047821044922,3798200.0,1.0,-1.4517984629539455,207.02674713664717,193.69288329548172,51.16037181150263,16.759318158381877,7.920899212824725,200.6550089518229,204.36526158650716,22.889999389648438,20.465151316526352
116,2020-12-15,MMM,174.38999938964844,175.05999755859375,172.5500030517578,155.5701141357422,2270600.0,1.0,1.5295324356463595,158.10541000364805,150.43170242310975,56.243796065266416,63.75938823183163,18.088717293898455,151.83158060709636,148.50752690633138,22.889999389648438,20.465151316526352
116,2020-12-15,MRK,76.81298065185547,77.3282470703125,76.33587646484375,70.34649658203125,10087838.0,1.0,0.477285244257331,72.57820333074669,68.54482981134315,50.54196325250874,-29.15641307590187,2.1697174949175793,70.22980092366537,69.78693402608236,22.889999389648438,20.465151316526352
116,2020-12-15,MSFT,215.1699981689453,215.4199981689453,212.24000549316406,208.9529571533203,27000600.0,1.0,0.13573172135861,211.87783737941413,204.73220290378902,51.29521246000701,-13.258318261027915,2.1864773191554048,209.10671793619792,207.26581268310548,22.889999389648438,20.465151316526352
116,2020-12-15,NKE,137.42999267578125,139.44000244140625,137.25,135.58726501464844,7637000.0,1.0,2.5018447199667264,136.80134461707615,126.9326389949844,65.00186160880631,102.34000172917486,35.47359342121326,129.3267857869466,126.16480471293131,22.889999389648438,20.465151316526352
116,2020-12-15,PG,136.38999938964844,137.5399932861328,136.24000549316406,127.64872741699219,5397000.0,1.0,-0.985046559441173,131.8873767361431,126.19747128631786,47.43555836804235,-89.6132350132763,25.48469093566662,130.1394027709961,130.37370427449545,22.889999389648438,20.465151316526352
116,2020-12-15,TRV,134.7100067138672,137.32000732421875,134.32000732421875,129.16937255859375,975600.0,1.0,2.182326500496714,129.45086404497897,122.93719595257963,59.97046537443917,86.31417336445445,21.346550957993077,125.06271870930989,116.25996589660645,22.889999389648438,20.465151316526352
116,2020-12-15,UNH,339.1400146484375,341.010009765625,337.0400085449219,326.93109130859375,2616500.0,1.0,1.5582190817068522,339.5486614068804,316.12089730893996,53.68395490660207,-46.216902211626746,7.730104037920343,330.4471048990885,316.5726379394531,22.889999389648438,20.465151316526352
116,2020-12-15,V,208.5399932861328,209.44000244140625,206.16000366210938,204.34799194335938,9796100.0,1.0,1.338842654612563,209.8567323834809,200.7458326189605,53.021124207109125,0.5238285285906628,3.0267320852227106,203.76798350016276,198.61082916259767,22.889999389648438,20.465151316526352
116,2020-12-15,VZ,60.06999969482422,60.7400016784668,59.970001220703125,51.16070556640625,15876000.0,1.0,0.2710805482334422,52.23570421842784,50.37889500947743,54.5843968770792,3.749208411460358,9.631123946232325,51.000165939331055,50.10059833526611,22.889999389648438,20.465151316526352
116,2020-12-15,WBA,41.599998474121094,42.0099983215332,41.189998626708984,36.335975646972656,5459400.0,1.0,0.8765047481941579,38.64372505944246,31.89025969702726,55.06022951502564,54.875933753699485,21.053206946565766,35.086042658487955,33.25950533548991,22.889999389648438,20.465151316526352
116,2020-12-15,WMT,145.52000427246094,146.36000061035156,144.86000061035156,139.47994995117188,10623800.0,1.0,0.17156848548322046,146.76436343173876,139.03974423427687,51.51816647161717,-76.61937071013071,10.503262602068697,141.79790140787762,138.3589350382487,22.889999389648438,20.465151316526352
117,2020-12-16,AAPL,127.41000366210938,128.3699951171875,126.55999755859375,125.75739288330078,98208600.0,2.0,2.2812209861823334,126.73867396335916,111.2488916494338,59.30929285864104,182.74988649248456,29.95730352891435,118.10321884155273,115.57623672485352,22.5,12.39818646488879
117,2020-12-16,AMGN,229.99000549316406,231.27999877929688,228.11000061035156,209.2371063232422,2589100.0,2.0,-0.054080218704910976,212.87685476431596,201.35015024056685,48.36223146579546,-2.120551088541692,8.651131735321197,209.63304189046224,212.3665756225586,22.5,12.39818646488879
117,2020-12-16,AXP,118.93000030517578,119.58999633789062,118.27999877929688,114.43019104003906,2943700.0,2.0,2.7509078447735646,121.70081878572043,108.5346525582737,57.045440195134745,34.02873290000857,0.9417454476915679,111.90375264485677,103.99798876444498,22.5,12.39818646488879
117,2020-12-16,BA,229.3300018310547,232.3699951171875,225.3000030517578,225.8699951171875,17858400.0,2.0,12.303339741426726,246.38548678083424,198.18951321916575,60.42531209992135,64.38586815612696,35.10554020904433,207.95633341471355,184.52683385213217,22.5,12.39818646488879
117,2020-12-16,CAT,180.85000610351562,181.27000427246094,178.36000061035156,169.2123565673828,2031800.0,2.0,3.2888880056177925,172.45084600871635,160.4940194087641,59.370604638000295,102.44769055035006,36.614710727848944,163.71334533691407,155.85810419718425,22.5,12.39818646488879
117,2020-12-16,CRM,221.47999572753906,224.0,220.25,223.6199951171875,8821400.0,2.0,-7.828944593403634,269.525259020922,203.87974433601156,43.947648820821904,-93.7814732974958,40.89683473918703,242.37566782633465,246.15400060017905,22.5,12.39818646488879
117,2020-12-16,CSCO,44.70000076293945,45.13999938964844,44.529998779296875,40.871009826660156,16192000.0,2.0,1.1400818204091578,41.9980876080906,37.29276627374534,62.9067343108177,93.91841235900266,48.5838159885693,38.37445284525553,36.75143578847249,22.5,12.39818646488879
117,2020-12-16,CVX,89.19999694824219,89.3499984741211,87.8499984741211,79.0880355834961,9892900.0,2.0,2.4295702336729477,85.33974612404084,75.12986981223845,55.416418139987734,27.809445603561677,10.562121575033318,76.95309956868489,70.10766035715739,22.5,12.39818646488879
117,2020-12-16,DIS,173.99000549316406,174.85000610351562,171.6199951171875,173.1199951171875,11105800.0,2.0,9.120160495924893,175.32939070528676,133.41260911160776,69.57458121734015,178.5664739343851,69.88444752934113,148.41600011189777,136.30083338419595,22.5,12.39818646488879
117,2020-12-16,GS,243.55999755859375,243.89999389648438,241.1199951171875,228.09397888183594,2400900.0,2.0,7.142544518521845,233.03716486723064,207.1466058847225,63.817651303412475,93.61072231959572,43.18976277367932,212.9000264485677,199.9031130472819,22.5,12.39818646488879
117,2020-12-16,HD,268.5299987792969,270.75,267.510009765625,252.3015899658203,4669600.0,2.0,-2.0068133189470245,259.0290944869408,243.68203222204357,48.85650354923389,-38.19266268797428,11.277283398438847,253.8722396850586,256.57631530761716,22.5,12.39818646488879
117,2020-12-16,HON,213.38999938964844,214.3300018310547,209.22999572753906,199.37579345703125,2930100.0,2.0,5.768025738288628,205.5829698853495,189.99751717519737,62.436198787560585,71.97331113566115,41.49039818065729,193.54642181396486,176.5976821899414,22.5,12.39818646488879
117,2020-12-16,IBM,120.3919677734375,121.00382232666016,119.78011322021484,104.90383911132812,4738485.0,2.0,1.7144421172832267,108.32488662046784,97.84815338807708,55.37395736100273,79.17376944310818,27.69562524367205,100.86227773030599,99.6426150004069,22.5,12.39818646488879
117,2020-12-16,INTC,50.709999084472656,51.459999084472656,50.68000030517578,46.98670196533203,28351000.0,2.0,0.8645692202938449,48.929723510819606,40.929585494917696,55.176608727753134,104.48821865406245,32.22925611606222,43.92288424173991,44.99740384419759,22.5,12.39818646488879
117,2020-12-16,JNJ,150.1999969482422,150.9199981689453,149.5500030517578,139.16934204101562,8486100.0,2.0,1.5557785657883016,143.57303442244557,131.74529290909737,53.97894985370907,63.117091268283666,11.502916348094521,136.77341054280598,135.44718767801922,22.5,12.39818646488879
117,2020-12-16,JPM,120.30000305175781,121.08000183105469,119.86000061035156,110.80916595458984,11169400.0,2.0,2.484389808952642,114.68813221897332,105.43430735622198,59.727968709285,57.32977758818564,28.379703333795803,107.55323638916016,99.12690073649088,22.5,12.39818646488879
117,2020-12-16,KO,53.599998474121094,53.79999923706055,52.939998626708984,48.81789779663086,15679600.0,2.0,0.5579947824296667,49.67782044965401,47.4346436921917,56.38629568800832,53.43488120285114,7.4029473129757095,48.26063575744629,46.72609157562256,22.5,12.39818646488879
117,2020-12-16,MCD,214.8800048828125,217.50999450683594,213.66000366210938,201.10769653320312,2682000.0,2.0,-1.1761112078393694,206.94921845804046,193.6825839101236,50.11004114067846,28.045492931542682,12.187864955898915,200.60110880533855,204.34439010620116,22.5,12.39818646488879
117,2020-12-16,MMM,174.61000061035156,175.85000610351562,174.35000610351562,156.2202606201172,1949900.0,2.0,1.5768012845537385,158.31808454558146,150.50929277375448,56.83336361446696,84.0880263099971,21.056470840269203,152.16761881510416,148.72219543457032,22.5,12.39818646488879
117,2020-12-16,MRK,76.6030502319336,77.05152893066406,76.00190734863281,69.77833557128906,9487649.0,2.0,0.34810619822940225,72.5620800080407,68.47079657887336,48.8723380472156,-74.97699139287131,1.5395390887755611,70.33214696248372,69.75109418233235,22.5,12.39818646488879
117,2020-12-16,MSFT,214.75,220.11000061035156,214.72000122070312,213.9784698486328,35023300.0,2.0,0.5620834184850878,212.95084611256107,204.18418959300533,54.52748269210096,100.91213832566721,13.686811761602295,209.54222971598307,207.4675099690755,22.5,12.39818646488879
117,2020-12-16,NKE,139.07000732421875,140.49000549316406,137.4600067138672,134.56591796875,6573400.0,2.0,2.4283452498830513,136.95951195369014,127.3965663849329,63.1309506451873,99.54420286249884,39.45402439619934,129.78072611490884,126.51667989095053,22.5,12.39818646488879
117,2020-12-16,PG,136.7100067138672,138.27000427246094,136.7100067138672,128.22789001464844,5382500.0,2.0,-0.9089548315705258,131.16620437073766,126.48801163268031,48.559768498179835,-64.79582090587056,18.217515556790843,130.01641031901042,130.37482223510742,22.5,12.39818646488879
117,2020-12-16,TRV,137.72999572753906,137.97000122070312,136.22000122070312,129.33876037597656,1253300.0,2.0,2.230170874277377,129.89497566421815,122.79879722396544,60.10544747098222,117.39242687491493,24.194342241573192,125.43581466674804,116.7128734588623,22.5,12.39818646488879
117,2020-12-16,UNH,336.8299865722656,341.6600036621094,334.260009765625,326.61346435546875,2365600.0,2.0,1.3112783010715248,338.04408007586505,316.5188288596818,53.52600007722949,-65.71066781033862,2.199409871752916,331.061240641276,317.3127146402995,22.5,12.39818646488879
117,2020-12-16,V,208.47999572753906,209.1300048828125,207.13999938964844,204.25973510742188,7504400.0,2.0,1.19292314723225,209.7132635256798,200.64999788789441,52.94861619440207,-9.946372157717937,3.026732085222706,204.4287882486979,198.7417869567871,22.5,12.39818646488879
117,2020-12-16,VZ,60.20000076293945,60.45000076293945,59.66999816894531,50.61994552612305,17165900.0,2.0,0.1974663382997548,52.249560585975544,50.29406429195414,51.456421023913805,-45.08965978156775,2.8528912419296573,51.06100133260091,50.11074047088623,22.5,12.39818646488879
117,2020-12-16,WBA,41.400001525878906,41.400001525878906,40.2400016784668,35.55350875854492,7870700.0,2.0,0.7620666251616939,38.67850892162802,31.9484918870878,53.02887684167082,22.269846273750012,10.592483125669567,35.18887189229329,33.33481311798096,22.5,12.39818646488879
117,2020-12-16,WMT,146.24000549316406,146.88999938964844,145.0800018310547,139.3362274169922,8550300.0,2.0,-0.01129837930790245,146.9181667455891,138.5605701318523,51.3015664316428,-77.67170372968924,5.9878702658642124,141.89914042154948,138.48067296346028,22.5,12.39818646488879
118,2020-12-17,AAPL,128.89999389648438,129.5800018310547,128.0399932861328,126.63307189941406,94359800.0,3.0,2.528026002630881,127.84865723153851,111.188769526274,59.97097997145201,188.30233454035238,33.86670270846032,118.56068394978841,115.93315238952637,21.93000030517578,14.828843027503988
118,2020-12-17,AMGN,229.1199951171875,231.3800048828125,228.8300018310547,211.80174255371094,2510400.0,3.0,0.17472644423747852,213.3771690912328,201.1685828618922,50.228591408881584,15.302596659895348,8.971192703887438,209.7082722981771,212.2182965596517,21.93000030517578,14.828843027503988
118,2020-12-17,AXP,119.41000366210938,119.66999816894531,118.45999908447266,114.41097259521484,3746700.0,3.0,2.4753218518042814,121.46022148979964,109.2310489569777,57.02497831023354,29.60798995425063,0.5976636796264945,112.62751617431641,104.37970314025878,21.93000030517578,14.828843027503988
118,2020-12-17,BA,227.24000549316406,228.49000549316406,220.52999877929688,221.24000549316406,17465600.0,3.0,10.95900627032762,245.58218145284758,200.78681879129306,58.53764214017462,46.42379653873954,25.189462408898226,210.27666676839192,185.6945007324219,21.93000030517578,14.828843027503988
118,2020-12-17,CAT,180.6699981689453,180.72999572753906,178.5800018310547,168.90127563476562,2296500.0,3.0,3.11559054071256,172.59087390770458,160.9601408017681,59.08749060429513,95.41947569291884,36.61471072784892,164.46561024983723,156.41847763061523,21.93000030517578,14.828843027503988
118,2020-12-17,CRM,224.89999389648438,226.72999572753906,224.5,225.9199981689453,9946900.0,3.0,-7.350226284385911,266.81745548810846,203.46354731950876,44.96335208888906,-73.25918039024188,33.773282098410526,241.54833424886067,245.98616714477538,21.93000030517578,14.828843027503988
118,2020-12-17,CSCO,44.90999984741211,44.93000030517578,44.599998474121094,40.962398529052734,16141600.0,3.0,1.1123223684809034,42.05190559410602,37.55882438636273,63.210865327946436,90.21252957853757,48.5838159885693,38.625783920288086,36.856383323669434,21.93000030517578,14.828843027503988
118,2020-12-17,CVX,89.54000091552734,89.55000305175781,87.55000305175781,78.83834838867188,11748900.0,3.0,2.1398955247817355,84.99024118021892,75.84766088887288,55.11645908472893,21.026951621064573,8.94140596235923,77.47865079243978,70.3677994410197,21.93000030517578,14.828843027503988
118,2020-12-17,DIS,173.82000732421875,174.83999633789062,171.9600067138672,173.5500030517578,9004600.0,3.0,9.381088058911331,177.8616004553773,133.84540027704458,69.73848888061232,166.43039712689495,69.88444752934112,150.03200022379556,137.13866678873697,21.93000030517578,14.828843027503988
118,2020-12-17,GS,245.0,245.92999267578125,243.0,228.7115020751953,2983600.0,3.0,7.044764595229054,233.41470521754425,208.76638761692843,64.08930415944593,99.50652457295594,46.75755854036468,214.38567810058595,200.82818603515625,21.93000030517578,14.828843027503988
118,2020-12-17,HD,272.1600036621094,274.3299865722656,271.29998779296875,256.4006652832031,4247000.0,3.0,-1.3695779472699599,259.6142497439531,243.62127271698438,51.61761915250898,19.084594191843262,0.6109440365753459,253.64710540771483,256.71459808349607,21.93000030517578,14.828843027503988
118,2020-12-17,HON,210.9499969482422,211.94000244140625,210.0,200.9210205078125,2148300.0,3.0,5.443628201995182,205.442189969077,191.164987765298,63.22240462832523,70.49924416882057,41.49039818065729,194.61656138102214,177.44916763305665,21.93000030517578,14.828843027503988
118,2020-12-17,IBM,120.53536987304688,120.54492950439453,119.41682434082031,104.90383911132812,3962248.0,3.0,1.6592751182769803,108.05301837561916,98.85363674523046,55.37395736100273,70.61345618471869,24.672515117077033,101.28700103759766,99.75984954833984,21.93000030517578,14.828843027503988
118,2020-12-17,INTC,51.150001525878906,51.31999969482422,50.220001220703125,46.554710388183594,26399000.0,3.0,0.8478078594282223,48.88527590984036,41.487835433543424,53.89894048838118,86.41608170968661,25.712516947945797,44.08465398152669,45.03083820343018,21.93000030517578,14.828843027503988
118,2020-12-17,JNJ,150.08999633789062,153.88999938964844,149.9600067138672,142.84219360351562,9920300.0,3.0,1.7257650659969102,144.29202995244273,131.70200843867056,58.31258851483247,116.95195844280853,25.752545800872532,137.2439702351888,135.6048999786377,21.93000030517578,14.828843027503988
118,2020-12-17,JPM,121.26000213623047,121.44999694824219,119.58000183105469,109.89087677001953,11618000.0,3.0,2.2762902496244948,114.4445447748542,106.08377477470634,58.52269228802603,48.49219414631574,29.755695499924318,108.14767125447591,99.55210609436035,21.93000030517578,14.828843027503988
118,2020-12-17,KO,53.29999923706055,53.709999084472656,53.150001525878906,49.011112213134766,12677300.0,3.0,0.5307236225778524,49.7155735431162,47.495271641209975,57.00782869014041,61.15222669429974,7.402947312975713,48.398108037312824,46.80943387349446,21.93000030517578,14.828843027503988
118,2020-12-17,MCD,215.38999938964844,215.7899932861328,213.52999877929688,201.53099060058594,2558800.0,3.0,-0.9129468948063959,206.94950207598745,193.68262072674693,50.555841437020405,16.84851199844002,11.634843551689217,200.62147623697916,204.35301462809244,21.93000030517578,14.828843027503988
118,2020-12-17,MMM,176.0,177.4600067138672,175.38999938964844,157.32460021972656,2327800.0,3.0,1.683961504212931,158.54201877313494,150.88383877081037,57.831739995627174,113.25954980117228,26.831648193723534,152.69792989095052,148.9969164530436,21.93000030517578,14.828843027503988
118,2020-12-17,MRK,76.70801544189453,76.87023162841797,76.03053283691406,69.76959228515625,11710038.0,3.0,0.2422330516131126,72.55572741226045,68.49452206894073,48.84665017151027,-75.22012747410278,1.5395390887755631,70.32724253336589,69.71958974202474,21.93000030517578,14.828843027503988
118,2020-12-17,MSFT,219.8699951171875,220.88999938964844,217.9199981689453,214.1150665283203,32515800.0,3.0,0.9006107406135868,213.83059585146432,204.11827347226617,54.612177810495716,131.028574285931,16.006365413613874,209.65916697184244,207.78227411905925,21.93000030517578,14.828843027503988
118,2020-12-17,NKE,139.9199981689453,140.74000549316406,138.75,136.66702270507812,8727000.0,3.0,2.510696239468956,137.33453145145893,127.91005778193949,65.25893335565416,117.5789266112199,40.389915878878135,130.21571604410806,126.73789621988932,21.93000030517578,14.828843027503988
118,2020-12-17,PG,138.00999450683594,139.1199951171875,137.9499969482422,129.143310546875,7405300.0,3.0,-0.7659553461202222,130.9696963907755,126.54907039389245,50.29786498703368,-26.49113600937794,10.269156184643908,129.9419911702474,130.41674410502117,21.93000030517578,14.828843027503988
118,2020-12-17,TRV,137.75,138.8300018310547,137.75,129.89401245117188,1428800.0,3.0,2.286534342647869,130.42508463226258,122.69258123077452,60.556474561680034,163.26328009767852,27.887146131933317,125.91906255086263,117.20246607462565,21.93000030517578,14.828843027503988
118,2020-12-17,UNH,339.80999755859375,342.6000061035156,337.30999755859375,328.8561096191406,2525700.0,3.0,1.2817633139029567,337.8945179238189,316.51392018653263,54.50375597010895,-40.719271964689405,3.9811611800902376,330.68846842447914,318.1240559895833,21.93000030517578,14.828843027503988
118,2020-12-17,V,209.0,211.77999877929688,208.85000610351562,207.1136932373047,6517200.0,3.0,1.2926703566858748,209.90905151425804,200.7827575677732,55.00690104518701,37.27274903542668,10.619743131427347,205.00094909667968,199.00501759847006,21.93000030517578,14.828843027503988
118,2020-12-17,VZ,59.97999954223633,60.150001525878906,59.61000061035156,50.704437255859375,12095500.0,3.0,0.14428113986001279,52.26041418808108,50.25701745254393,51.90192891607784,-77.79276621459148,1.5111524740728208,51.139580154418944,50.13497066497803,21.93000030517578,14.828843027503988
118,2020-12-17,WBA,40.83000183105469,40.959999084472656,40.349998474121094,35.940345764160156,5612700.0,3.0,0.6945813995852035,38.70693024236488,32.15304976862146,53.89872913219996,19.027363775155667,10.592483125669574,35.33558464050293,33.42612543106079,21.93000030517578,14.828843027503988
118,2020-12-17,WMT,146.05999755859375,146.44000244140625,145.14999389648438,139.9781494140625,10226500.0,3.0,-0.1032339302547598,146.97795154451913,138.26633709073477,52.229545449652925,-83.12796974224477,5.987870265864206,142.04786936442056,138.65002110799153,21.93000030517578,14.828843027503988
119,2020-12-18,AAPL,128.9600067138672,129.10000610351562,126.12000274658203,124.62586212158203,192541500.0,4.0,2.532463044606743,128.43335813730647,111.39319062978336,57.7443995466045,139.72214870731574,22.289312562404668,118.81765696207682,116.23860651652018,21.56999969482422,22.338786372736408
119,2020-12-18,AMGN,232.0399932861328,232.0399932861328,227.25,209.28289794921875,5888900.0,4.0,0.15106626647801136,213.57296664341297,201.32267392055186,48.449429528309345,-1.5669512093620133,2.8832706184654495,209.64980875651042,212.062456258138,21.56999969482422,22.338786372736408
119,2020-12-18,AXP,118.58999633789062,119.36000061035156,116.6500015258789,112.9974136352539,8394100.0,4.0,2.118435565899233,121.15237379049766,109.86295595193398,55.5099712815999,1.4403102891591304,8.168184840114366,113.2493502298991,104.73961397806804,21.56999969482422,22.338786372736408
119,2020-12-18,BA,222.0500030517578,223.4600067138672,218.61000061035156,219.75,19092800.0,4.0,9.66200375339838,244.80433306099317,202.97266736625292,57.93511015262541,31.83556451247186,21.357004808568643,212.3653335571289,186.92283401489257,21.56999969482422,22.338786372736408
119,2020-12-18,CAT,180.07000732421875,181.3000030517578,177.47000122070312,170.58868408203125,5262700.0,4.0,3.0789189495776554,172.9222159508056,161.38860558239753,60.15371316073953,95.98250271324636,30.620152243841503,165.02713826497396,156.9951062520345,21.56999969482422,22.338786372736408
119,2020-12-18,CRM,227.02000427246094,227.82000732421875,224.39999389648438,227.42999267578125,11845400.0,4.0,-6.770943417409171,261.88080833685365,204.67819434869327,45.63243982751814,-64.23182534223218,30.94758413440196,240.45533396402996,245.81750030517577,21.56999969482422,22.338786372736408
119,2020-12-18,CSCO,44.900001525878906,45.56999969482422,44.77000045776367,41.5290412902832,41027000.0,4.0,1.123099743296443,42.124801044098376,37.87617857015944,65.04895180548044,103.69431982656874,54.472156998659514,38.87589645385742,36.977264912923175,21.56999969482422,22.338786372736408
119,2020-12-18,CVX,87.9800033569336,88.70999908447266,86.26000213623047,77.75041961669922,27427600.0,4.0,1.8017697907092156,84.84972976475557,76.11836410731475,53.803764664897145,-4.51515533866205,2.064186003940217,77.95709889729818,70.61200358072917,21.56999969482422,22.338786372736408
119,2020-12-18,DIS,173.60000610351562,175.83999633789062,172.27999877929688,172.88999938964844,21172100.0,4.0,9.425961634542574,179.6196390357362,135.20436151358018,69.14702351697453,153.75613915961839,70.67307074797738,151.5630002339681,137.9786668141683,21.56999969482422,22.338786372736408
119,2020-12-18,GS,245.38999938964844,245.38999938964844,240.55999755859375,226.55941772460938,4088100.0,4.0,6.716197931118387,233.1092211527484,210.8288602071149,62.40028958047292,85.38587077709576,35.79959063977649,215.6416987101237,201.57795257568358,21.56999969482422,22.338786372736408
119,2020-12-18,HD,274.5899963378906,275.739990234375,270.29998779296875,253.1063690185547,9817000.0,4.0,-1.117504603708369,259.6849386199562,243.64316349186018,49.400321669536496,12.837816474532575,3.2918401872315073,253.21504618326824,256.81116205851237,21.56999969482422,22.338786372736408
119,2020-12-18,HON,212.2899932861328,212.50999450683594,208.6199951171875,199.11981201171875,6686200.0,4.0,4.983748791227896,205.18505295158607,192.1160670435311,61.66605264671111,56.75449499057273,34.295941822779504,195.4892120361328,178.27110493977864,21.56999969482422,22.338786372736408
119,2020-12-18,IBM,120.06692504882812,120.84130096435547,119.47418975830078,105.15451049804688,7900229.0,4.0,1.6171405702094717,107.65552327597233,99.97555658852961,55.67242499270507,70.84833671626049,26.196232605326745,101.64128824869792,99.891419728597,21.56999969482422,22.338786372736408
119,2020-12-18,INTC,50.56999969482422,50.68000030517578,47.11000061035156,43.62263488769531,119298400.0,4.0,0.5911163503415295,48.725766179606076,41.81646824117029,46.361204346342554,12.741086141449356,7.30398458860361,44.13919003804525,45.010233815511064,21.56999969482422,22.338786372736408
119,2020-12-18,JNJ,153.64999389648438,155.10000610351562,151.6699981689453,143.6697540283203,17137200.0,4.0,1.9052947502929385,145.0810409004192,131.69270177536205,59.20793565424743,143.15081289358045,30.617925525220613,137.7310348510742,135.7728651682536,21.56999969482422,22.338786372736408
119,2020-12-18,JPM,119.13999938964844,119.87999725341797,118.2699966430664,109.3490982055664,28954800.0,4.0,2.0440898518512114,114.15681425421829,106.69474137932664,57.8106879192389,19.306403867692506,20.960148080667672,108.598548634847,99.96949501037598,21.56999969482422,22.338786372736408
119,2020-12-18,KO,53.08000183105469,53.84000015258789,52.619998931884766,49.44353103637695,35480100.0,4.0,0.5378041456582423,49.82242678183069,47.482570853057005,58.38098916016756,60.59034285551097,1.573324130351934,48.5417781829834,46.89252789815267,21.56999969482422,22.338786372736408
119,2020-12-18,MCD,215.14999389648438,216.85000610351562,213.82000732421875,202.31170654296875,7929100.0,4.0,-0.6340807408177227,207.05889814975964,193.68995286342394,51.3846884997977,36.087919909032976,15.275021973214308,200.62298380533855,204.35672887166342,21.56999969482422,22.338786372736408
119,2020-12-18,MMM,176.75999450683594,177.4600067138672,175.11000061035156,157.1197967529297,4682000.0,4.0,1.7323908982845069,158.79321434496666,151.06102149487708,57.5762655314227,108.69574177979494,25.129867601494375,153.13194020589194,149.25483245849608,21.56999969482422,22.338786372736408
119,2020-12-18,MRK,76.05915832519531,76.50763702392578,74.85687255859375,69.51609802246094,33161759.0,4.0,0.13630174995670075,72.56442451690815,68.46570777679302,48.088555392309665,-115.19979168477535,14.067631717077314,70.31851298014323,69.67634391784668,21.56999969482422,22.338786372736408
119,2020-12-18,MSFT,218.58999633789062,219.69000244140625,216.02000427246094,213.30514526367188,63354900.0,4.0,1.090966225550119,214.42793016798467,204.12302198045282,53.99531108337568,105.02744218040414,8.419593678295024,209.52525380452474,208.04136428833007,21.56999969482422,22.338786372736408
119,2020-12-18,NKE,141.08999633789062,141.13999938964844,137.1699981689453,133.53485107421875,17970800.0,4.0,2.2967444774010914,137.09994602952128,128.6927541657912,59.925138495896206,84.4687316665893,27.11537321235579,130.4699343363444,126.94509315490723,21.56999969482422,22.338786372736408
119,2020-12-18,PG,138.25999450683594,140.07000732421875,137.4499969482422,129.88125610351562,19988800.0,4.0,-0.5863224245553909,130.88659832767684,126.58639361568255,51.659952374680614,-8.005006313799942,2.0699431006802413,129.8379908243815,130.46152064005534,21.56999969482422,22.338786372736408
119,2020-12-18,TRV,138.58999633789062,139.77999877929688,137.5,130.675048828125,3347100.0,4.0,2.3669412799298755,131.05245338823136,122.61396735761828,61.19485948047523,189.19727936619245,31.809661187373255,126.300230662028,117.69993260701497,21.56999969482422,22.338786372736408
119,2020-12-18,UNH,342.5199890136719,342.6099853515625,334.0,325.689453125,8742700.0,4.0,0.9914212724132199,337.87969655433795,316.77784433921676,52.878712835695666,-58.424075945487076,2.6917833144940935,330.2152587890625,318.87430775960286,21.56999969482422,22.338786372736408
119,2020-12-18,V,211.02000427246094,211.97999572753906,209.8699951171875,207.24119567871094,13298200.0,4.0,1.3662597285729703,210.0873038506458,200.97130210638545,55.09768226117731,44.51680495780491,11.180805347240916,205.457563273112,199.26792526245117,21.56999969482422,22.338786372736408
119,2020-12-18,VZ,60.0,60.779998779296875,59.790000915527344,51.084659576416016,31909400.0,4.0,0.13129872061561798,52.25824443178428,50.280310713479395,53.87266573430538,-38.842076392540505,14.090583715104838,51.2046401977539,50.161636416117354,21.56999969482422,22.338786372736408
119,2020-12-18,WBA,40.9900016784668,41.18000030517578,40.400001525878906,35.77330780029297,11942400.0,4.0,0.6204679362799155,38.672713203641834,32.43695018747145,53.456522046376506,16.448253761178286,12.591288135598639,35.44110679626465,33.51508827209473,21.56999969482422,22.338786372736408
119,2020-12-18,WMT,146.6199951171875,147.17999267578125,145.16000366210938,139.8344268798828,13794700.0,4.0,-0.18555179847811587,146.69924897151733,138.00697203678342,52.00004015516999,-83.06295294776943,0.49887569115881353,142.14375966389974,138.805677541097,21.56999969482422,22.338786372736408
120,2020-12-21,AAPL,125.0199966430664,128.30999755859375,123.44999694824219,126.17063903808594,121251600.0,0.0,2.6303094492422048,129.13481517649484,111.76324466847588,58.95758287887879,116.00168367855474,8.358458794616197,119.13054936726888,116.50334180196127,25.15999984741211,56.24273822148204
120,2020-12-21,AMGN,225.67999267578125,227.94000244140625,221.5800018310547,208.20208740234375,2311400.0,0.0,0.04458903211258303,213.59922675850115,201.67561302421367,47.69945019737418,-55.64377519092513,15.274431846647015,209.56441548665364,211.83553314208984,25.15999984741211,56.24273822148204
120,2020-12-21,AXP,115.7699966430664,118.0,113.72000122070312,111.93965911865234,4528300.0,0.0,1.7303028099096878,120.52207575117924,110.86154699051997,54.39137398315861,-55.329214832014046,18.861438345817643,113.88144073486328,105.06896756490072,25.15999984741211,56.24273822148204
120,2020-12-21,BA,212.33999633789062,219.42999267578125,211.10000610351562,219.30999755859375,18726500.0,0.0,8.50062547553938,242.58775683511254,207.15824383627415,57.75351102926822,9.104532160800746,7.5859377040400915,214.41766662597655,187.97750066121418,25.15999984741211,56.24273822148204
120,2020-12-21,CAT,176.94000244140625,180.88999938964844,176.32000732421875,169.83453369140625,2071000.0,0.0,2.954940105424072,172.94542946122257,162.1129415104571,59.43754728121347,74.01650695304023,24.566771949603204,165.62008819580078,157.54714126586913,25.15999984741211,56.24273822148204
120,2020-12-21,CRM,224.89999389648438,227.44000244140625,224.7100067138672,226.47000122070312,9219000.0,0.0,-6.3165080859389775,257.9352430650116,205.46675888811342,45.27047910689851,-61.04841505782713,30.947584134401957,239.3326675415039,245.54633356730145,25.15999984741211,56.24273822148204
120,2020-12-21,CSCO,44.470001220703125,44.959999084472656,44.06999969482422,41.01723861694336,19865300.0,0.0,1.0779171343151646,41.97352771105535,38.38479901013606,62.147684261345844,76.87193870027423,36.231025008954674,39.099809646606445,37.0805606842041,25.15999984741211,56.24273822148204
120,2020-12-21,CVX,84.3499984741211,86.83999633789062,83.52999877929688,76.7695083618164,11430500.0,0.0,1.438074146351667,84.81309016109797,76.1817538940778,52.63451970517798,-55.86583997142282,10.690106403071981,78.43185068766276,70.83941949208578,25.15999984741211,56.24273822148204
120,2020-12-21,DIS,170.08999633789062,171.94000244140625,168.19000244140625,170.69000244140625,11424200.0,0.0,9.17820229610848,180.45309325503962,137.33290680599555,67.1822595665058,120.7460126339376,53.140144993678476,153.00400034586588,138.75683352152507,25.15999984741211,56.24273822148204
120,2020-12-21,GS,250.2899932861328,260.8500061035156,248.75999450683594,240.45445251464844,7408500.0,0.0,7.490671862076226,235.55365142325832,211.64445953865572,68.02810478835643,172.6562668537153,57.36240219814617,217.413623046875,202.56178461710613,25.15999984741211,56.24273822148204
120,2020-12-21,HD,268.55999755859375,271.95001220703125,265.8800048828125,253.61178588867188,4339000.0,0.0,-0.8669579932879969,259.85065370858337,243.7248162621198,49.74295787878719,-23.044721098030184,8.59008145891399,252.84978942871095,256.8719367980957,25.15999984741211,56.24273822148204
120,2020-12-21,HON,205.6300048828125,211.16000366210938,204.85000610351562,199.70758056640625,2467500.0,0.0,4.613537071584943,204.66947515996003,193.45262109248137,61.98198338833516,29.20503153390549,16.93272314583713,196.3503163655599,179.05990498860677,25.15999984741211,56.24273822148204
120,2020-12-21,IBM,118.5181655883789,118.71892547607422,116.36711120605469,103.09904479980469,6397022.0,0.0,1.4017314461348462,106.67328820417518,101.49672293474083,52.68351827980636,20.637211940951662,2.8754866803044123,101.94710108439128,99.97692743937175,25.15999984741211,56.24273822148204
120,2020-12-21,INTC,46.31999969482422,46.45000076293945,45.2400016784668,42.611572265625,53775700.0,0.0,0.302613832341045,48.59601529848418,42.03537622678437,44.158282744491686,-66.39055894324075,20.691944766876485,44.16890907287598,44.960915883382164,25.15999984741211,56.24273822148204
120,2020-12-21,JNJ,152.00999450683594,153.41000366210938,150.0500030517578,142.28431701660156,7893400.0,0.0,1.9137199578488264,145.47191147022932,132.01501785105972,57.08461338860932,96.75662020369641,19.418484417957725,138.09527486165365,135.9025033315023,25.15999984741211,56.24273822148204
120,2020-12-21,JPM,123.16999816894531,125.0,121.08999633789062,113.45381927490234,28323600.0,0.0,2.166314128621437,113.90447661153596,107.7716975522824,61.48343482226543,116.1769867818806,38.40423281473048,109.22879638671876,100.44301300048828,25.15999984741211,56.24273822148204
120,2020-12-21,KO,52.68000030517578,53.0,51.97999954223633,48.587890625,14926600.0,0.0,0.4689665267007541,49.81726977572511,47.538309600495595,54.79830137027871,-62.78101330962716,11.1577198147608,48.656622568766274,46.96105702718099,25.15999984741211,56.24273822148204
120,2020-12-21,MCD,210.6199951171875,212.5500030517578,208.00999450683594,199.10414123535156,4342500.0,0.0,-0.664244026581656,207.02848000989312,193.61172232164986,47.9671821124803,-73.42722728332538,7.138370258922258,200.50977935791016,204.2748799641927,25.15999984741211,56.24273822148204
120,2020-12-21,MMM,173.61000061035156,176.1300048828125,173.02999877929688,156.4429168701172,1704600.0,0.0,1.696595693321001,158.94609045942443,151.1548403267084,56.71959870980303,66.28956621039225,13.081235330892337,153.5486857096354,149.50367431640626,25.15999984741211,56.24273822148204
120,2020-12-21,MRK,75.19084167480469,75.69656372070312,74.17938995361328,69.30632781982422,11140764.0,0.0,0.0350200387624966,72.58670017342611,68.39713542838054,47.458037499863735,-150.4107796189475,20.32330209019797,70.30568237304688,69.63278185526529,25.15999984741211,56.24273822148204
120,2020-12-21,MSFT,217.5500030517578,224.0,217.27999877929688,217.2084197998047,37181900.0,0.0,1.539044802379351,215.78537690597904,203.95607817214596,56.44787724163761,208.1838169435229,20.954992519543204,209.50749969482422,208.29040501912434,25.15999984741211,56.24273822148204
120,2020-12-21,NKE,144.82000732421875,147.9499969482422,142.50999450683594,140.09097290039062,16111300.0,0.0,2.62594020006361,138.37050264882083,128.52205106211665,65.95107395440894,193.81499279818541,49.23227956420636,130.96857655843098,127.26997184753418,25.15999984741211,56.24273822148204
120,2020-12-21,PG,137.9600067138672,138.42999267578125,136.22000122070312,128.46139526367188,6732400.0,0.0,-0.5521678957436507,130.70381556743357,126.6028998256328,48.98779206691248,-62.33217328129573,11.20754625518135,129.66019439697266,130.47179514567057,25.15999984741211,56.24273822148204
120,2020-12-21,TRV,139.14999389648438,139.14999389648438,136.25999450683594,130.00689697265625,1373200.0,0.0,2.3496646151996856,131.4609360400035,122.62382958499647,60.330742110643286,152.74210816507858,22.511563327946245,126.6750244140625,118.18174336751302,25.15999984741211,56.24273822148204
120,2020-12-21,UNH,332.07000732421875,336.95001220703125,329.3999938964844,323.4756774902344,2892700.0,0.0,0.5760495793283553,337.7451881748834,317.16065899308535,51.76259409785627,-94.58647588658194,11.161315074544719,329.8901133219401,319.43037974039714,25.15999984741211,56.24273822148204
120,2020-12-21,V,208.27000427246094,209.8000030517578,204.7899932861328,204.9854736328125,7576700.0,0.0,1.228401668941899,209.52623131460223,202.0354965906712,53.13556162919968,-77.38046889744643,5.009460318997303,205.8118932088216,199.4650016784668,25.15999984741211,56.24273822148204
120,2020-12-21,VZ,60.060001373291016,60.130001068115234,59.279998779296875,50.265071868896484,18567500.0,0.0,0.054250811825831136,52.3075543222783,50.184529799425796,49.36262654722799,-159.79439552751018,2.73547213175181,51.23167775472005,50.17185560862223,25.15999984741211,56.24273822148204
120,2020-12-21,WBA,40.54999923706055,41.02000045776367,40.15999984741211,35.755714416503906,4801300.0,0.0,0.5539275120629199,38.56863555275481,32.81708603537996,53.40877821569022,6.246567765996036,9.730558147315667,35.55241381327311,33.59796552658081,25.15999984741211,56.24273822148204
120,2020-12-21,WMT,145.5,146.6699981689453,145.05999755859375,139.85362243652344,8517700.0,0.0,-0.2464000348928721,146.62790414754326,137.72163351114816,52.02916427760874,-91.79251416179295,0.3819158264655418,142.16710255940754,138.95258483886718,25.15999984741211,56.24273822148204
121,2020-12-22,AAPL,131.61000061035156,134.41000366210938,129.64999389648438,129.7620086669922,168904800.0,1.0,2.963485725843796,130.02151632293123,112.6505860330258,61.608492460886914,200.99490371581746,28.304721938355026,119.64088567097981,116.78405965169271,24.229999542236328,19.806065348825282
121,2020-12-22,AMGN,225.72000122070312,226.47999572753906,220.0800018310547,202.4133758544922,3571600.0,1.0,-0.5011189989950822,213.7244313211127,201.43774824431702,43.93160310239851,-96.64624955809671,19.3020710454986,209.1850814819336,211.46345977783204,24.229999542236328,19.806065348825282
121,2020-12-22,AXP,116.19000244140625,116.26000213623047,114.37999725341797,110.15108489990234,3632300.0,1.0,1.2638133590214693,120.7462604401236,110.48927804254241,52.539406896660665,-76.81050070761592,18.861438345817646,113.79105072021484,105.32765413920085,24.229999542236328,19.806065348825282
121,2020-12-22,BA,223.27999877929688,223.88999938964844,217.6999969482422,218.77999877929688,13280000.0,1.0,7.451561389688379,242.07574469035512,208.3952559810316,57.52881243286947,20.67712849407516,13.795917248141244,215.7316665649414,188.8558339436849,24.229999542236328,19.806065348825282
121,2020-12-22,CAT,179.2899932861328,180.16000366210938,176.47999572753906,166.45970153808594,2493300.0,1.0,2.5549137724984234,172.89939577369367,162.32866056175553,56.332774640624514,42.209114912361386,24.566771949603204,165.80108388264975,158.01528879801432,24.229999542236328,19.806065348825282
121,2020-12-22,CRM,227.0,231.8699951171875,226.60000610351562,231.1699981689453,10339600.0,1.0,-5.513557478962213,253.59969856331298,207.1553017418628,47.38424565669323,-40.81953120897374,19.249562206441443,238.39566752115886,245.2880002339681,24.229999542236328,19.806065348825282
121,2020-12-22,CSCO,44.439998626708984,45.06999969482422,44.439998626708984,40.84358215332031,16024000.0,1.0,1.0163807611283815,41.82915554999603,38.807919111258855,61.18974542030541,77.13982495499354,37.47136515140725,39.297523244222006,37.17069886525472,24.229999542236328,19.806065348825282
121,2020-12-22,CVX,85.44000244140625,85.80000305175781,84.30000305175781,75.22682189941406,8585800.0,1.0,1.0136757995396977,85.09944470121846,75.30061099336163,50.83711871003263,-76.35995646861078,10.690106403071981,78.61350835164389,71.0103661219279,24.229999542236328,19.806065348825282
121,2020-12-22,DIS,170.0,171.4499969482422,169.16000366210938,170.4499969482422,6419200.0,1.0,8.860348219007648,181.36618439349684,138.8668157896086,66.9675143836097,110.46069504277935,53.14014499367846,153.93266703287762,139.4978335062663,24.229999542236328,19.806065348825282
121,2020-12-22,GS,256.8599853515625,257.70001220703125,249.8000030517578,234.007568359375,3599800.0,1.0,7.497808292895144,236.3648878992306,212.93858347528112,63.468501502079846,145.09960396060677,57.36240219814617,218.54659830729167,203.37426579793294,24.229999542236328,19.806065348825282
121,2020-12-22,HD,270.05999755859375,271.3599853515625,268.510009765625,252.7227020263672,3140100.0,1.0,-0.7317049970081371,259.85829010902575,243.72764433921648,49.137457482123196,-13.38266681600206,8.590081458914002,252.89764556884765,256.8592539469401,24.229999542236328,19.806065348825282
121,2020-12-22,HON,210.57000732421875,211.2100067138672,207.85000610351562,197.12901306152344,2019600.0,1.0,4.065211540744883,204.379810610583,194.06081591529588,59.747270027461376,28.613675980373557,17.084715612216986,196.7253880818685,179.75619099934895,24.229999542236328,19.806065348825282
121,2020-12-22,IBM,117.88719177246094,118.75717163085938,117.02677154541016,103.28287506103516,4535561.0,1.0,1.231653988611754,106.17980135562091,102.28432446835369,52.91738199931142,23.950234663239993,3.111083480674531,102.17214330037434,100.02733815511068,24.229999542236328,19.806065348825282
121,2020-12-22,INTC,46.25,46.34000015258789,45.77000045776367,42.436927795410156,32171200.0,1.0,0.059198752724192616,48.58199153375495,42.05951008367669,43.78650392516246,-63.50176180809355,20.691944766876492,44.18637262980143,44.886026509602864,24.229999542236328,19.806065348825282
121,2020-12-22,JNJ,152.39999389648438,153.89999389648438,151.86000061035156,142.00535583496094,4699500.0,1.0,1.8762588158560334,145.60509741334994,132.70474297971646,56.66135730063584,108.13433255097488,21.59213928501896,138.33232421875,136.00517565409342,24.229999542236328,19.806065348825282
121,2020-12-22,JPM,123.38999938964844,123.5199966430664,121.61000061035156,111.72743225097656,11788200.0,1.0,2.099669065736549,113.84413181170086,108.18098873273274,59.239661924957396,87.54964520133561,38.40423281473048,109.37480290730794,100.84696706136067,24.229999542236328,19.806065348825282
121,2020-12-22,KO,52.810001373291016,53.18000030517578,52.38999938964844,48.5418815612793,9689500.0,1.0,0.4060193326714412,49.808351610186214,47.59229612540948,54.61187815603665,-36.07304806317338,7.9960453832069485,48.67499249776204,47.020299021403,24.229999542236328,19.806065348825282
121,2020-12-22,MCD,211.1999969482422,212.91000366210938,210.3699951171875,199.33932495117188,2772800.0,1.0,-0.66154540389158,206.74878856087759,193.53417347525522,48.22835169575302,-44.95688151252356,5.776141821368141,200.5085189819336,204.16453450520834,24.229999542236328,19.806065348825282
121,2020-12-22,MMM,175.0500030517578,175.92999267578125,174.17999267578125,155.65919494628906,1381200.0,1.0,1.5866974653852424,158.98411002141748,151.17381691950047,55.72647427530316,63.28374419463506,13.08123533089234,153.92724049886067,149.71899795532227,24.229999542236328,19.806065348825282
121,2020-12-22,MRK,75.37213897705078,76.32633972167969,74.65648651123047,69.4199447631836,9052414.0,1.0,-0.03566735815886091,72.59611591511903,68.36752696818176,47.84122000234631,-111.44468655542325,12.206468826344603,70.29259134928385,69.59357058207193,24.229999542236328,19.806065348825282
121,2020-12-22,MSFT,222.69000244140625,225.6300048828125,221.85000610351562,218.52578735351562,22612200.0,1.0,1.977653693896258,217.17148325726978,203.91953694536696,57.24370632370513,273.7773356770744,25.09970759540252,209.70657653808593,208.53512369791667,24.229999542236328,19.806065348825282
121,2020-12-22,NKE,143.0500030517578,143.47000122070312,141.08999633789062,138.56381225585938,6339400.0,1.0,2.7321070515880024,139.04284572974885,128.68520602806367,63.64497708873335,134.44216370116894,39.77793167909407,131.4146957397461,127.56794217427571,24.229999542236328,19.806065348825282
121,2020-12-22,PG,137.2899932861328,138.07000732421875,136.3800048828125,127.55532836914062,5023100.0,1.0,-0.5913949784805936,130.60360851584025,126.49666766824177,47.37026318876112,-74.29620936323289,11.207546255181358,129.6153574625651,130.46093012491863,24.229999542236328,19.806065348825282
121,2020-12-22,TRV,137.5399932861328,137.89999389648438,136.25999450683594,128.43531799316406,1186600.0,1.0,2.1839838383125567,131.59515369192522,122.74332134469589,58.326688199328906,95.77956572033749,22.51156332794623,126.77050425211588,118.60447540283204,24.229999542236328,19.806065348825282
121,2020-12-22,UNH,335.1600036621094,336.9800109863281,333.4700012207031,322.44586181640625,2069700.0,1.0,0.16190071100118075,337.67313322321485,317.3435171674102,51.24211211828299,-79.27374737159082,11.093907453457044,329.44944356282554,319.9576197306315,24.229999542236328,19.806065348825282
121,2020-12-22,V,208.38999938964844,208.39999389648438,205.60000610351562,201.87652587890625,7396200.0,1.0,0.8583871100140357,209.74433260772574,201.58986233856334,50.568009163509906,-115.95046512722439,5.009460318997306,205.59874369303387,199.56015650431314,24.229999542236328,19.806065348825282
121,2020-12-22,VZ,59.31999969482422,59.41999816894531,58.86000061035156,49.84260559082031,12951500.0,1.0,-0.040433615383939525,52.41973696585988,49.96757458809519,47.253206807265194,-228.20898767789956,5.540628338099342,51.207737859090166,50.17545166015625,24.229999542236328,19.806065348825282
121,2020-12-22,WBA,40.599998474121094,40.61000061035156,39.16999816894531,34.52488327026367,8079800.0,1.0,0.397296176442822,38.47500636700734,33.024126933773914,50.16613222540443,-35.79737276832798,1.3246312347573672,35.55115852355957,33.65106143951416,24.229999542236328,19.806065348825282
121,2020-12-22,WMT,145.14999389648438,146.22999572753906,143.13999938964844,138.15777587890625,12533000.0,1.0,-0.42654638386085253,146.579231330271,137.17817376006104,49.295600350861015,-135.7644924962339,15.568331888713713,142.2048767089844,139.0715461730957,24.229999542236328,19.806065348825282
122,2020-12-23,AAPL,132.16000366210938,132.42999267578125,130.77999877929688,128.8568115234375,88223700.0,2.0,3.1185398943410405,130.55548564000142,113.67025898890483,60.58812679497926,175.77077847089205,28.30472193835502,120.1325284322103,117.06393330891927,23.309999465942383,8.031498509877352
122,2020-12-23,AMGN,221.47999572753906,223.5800018310547,220.66000366210938,204.19943237304688,1763500.0,2.0,-0.7804798253172862,213.47097514389583,201.91835591079166,45.31046469737839,-95.98903753967974,19.3020710454986,208.6651362101237,211.10189717610677,23.309999465942383,8.031498509877352
122,2020-12-23,AXP,115.77999877929688,118.19000244140625,115.77999877929688,112.45891571044922,2725200.0,2.0,1.068028203081198,120.77048254711389,110.13426675098182,54.60266632364991,-32.49082361658083,9.283168335106105,113.82310434977214,105.64188181559244,23.309999465942383,8.031498509877352
122,2020-12-23,BA,219.5500030517578,224.39999389648438,219.32000732421875,219.69000244140625,10869000.0,2.0,6.617319889321664,242.0428458564295,208.54815450978145,57.820297964706015,21.872601497088237,14.498214508379922,216.76499989827474,189.79066721598306,23.309999465942383,8.031498509877352
122,2020-12-23,CAT,177.4499969482422,179.2899932861328,177.00999450683594,168.1942596435547,1862500.0,2.0,2.3507563089900714,172.96121246110334,162.41013458479512,57.512788433460344,48.69175023719751,24.566771949603204,165.99339192708334,158.51656138102214,23.309999465942383,8.031498509877352
122,2020-12-23,CRM,232.5,233.17999267578125,227.11000061035156,227.42999267578125,7090500.0,2.0,-5.119980575754596,246.98236492158608,210.43163501737874,45.92417243946568,-40.892337189493325,15.974580159097536,237.7213338216146,244.95433349609374,23.309999465942383,8.031498509877352
122,2020-12-23,CSCO,44.650001525878906,44.79999923706055,44.349998474121094,40.56027603149414,12032600.0,2.0,0.9339858976468776,41.76622844279241,39.03261227070857,59.638335343555674,64.1238983240238,35.171885442882896,39.46995188395182,37.25717175801595,23.309999465942383,8.031498509877352
122,2020-12-23,CVX,85.0,86.66000366210938,85.0,76.41283416748047,7223100.0,2.0,0.7642287765608273,84.31707797682229,75.19748501145897,52.13701546367472,-61.542791011339496,5.925295732592538,78.72719294230143,71.23081232706706,23.309999465942383,8.031498509877352
122,2020-12-23,DIS,172.9600067138672,175.9499969482422,172.3000030517578,173.5500030517578,9994000.0,2.0,8.757638551827228,182.87016453708708,139.56883540187778,68.32055553416838,120.06727896797355,58.500015664202344,154.9806671142578,140.3003335316976,23.309999465942383,8.031498509877352
122,2020-12-23,GS,251.5,260.5799865722656,251.3000030517578,239.95858764648438,3376100.0,2.0,7.892679590167745,239.0140813215483,212.18300730149855,65.66599643395986,165.87174629340154,60.207365196008986,219.7991475423177,204.32129440307617,23.309999465942383,8.031498509877352
122,2020-12-23,HD,270.05999755859375,271.0,268.20001220703125,252.50746154785156,2337100.0,2.0,-0.6345692119182615,259.6793285211681,243.71775705012098,48.988116828137194,-16.961726641909912,9.42509521649568,252.76457824707032,256.8463961283366,23.309999465942383,8.031498509877352
122,2020-12-23,HON,209.61000061035156,212.13999938964844,209.24000549316406,199.07241821289062,2046700.0,2.0,3.7443140395889714,204.38150732865216,194.25820061812516,60.847846222666156,51.78534772525842,19.995132570216782,197.00829162597657,180.4869120279948,23.309999465942383,8.031498509877352
122,2020-12-23,IBM,118.43212127685547,119.7036361694336,118.29827880859375,103.52517700195312,2817819.0,2.0,1.1036954061969624,106.1804331456013,102.2402425135784,53.23256090467913,39.526559046799086,8.953393010598269,102.33897552490234,100.09263140360514,23.309999465942383,8.031498509877352
122,2020-12-23,INTC,46.16999816894531,47.029998779296875,46.06999969482422,42.804588317871094,22564200.0,2.0,-0.10285665262232158,48.62137273448572,41.97968622547522,44.79863715973246,-50.02854469140462,13.764179795636124,44.22099380493164,44.820914840698244,23.309999465942383,8.031498509877352
122,2020-12-23,JNJ,152.8000030517578,153.60000610351562,151.89999389648438,141.28009033203125,4607300.0,2.0,1.7676711138803682,145.51946356798317,133.5407613465676,55.55352937486824,92.39644026506235,21.59213928501896,138.47748107910155,136.09652976989747,23.309999465942383,8.031498509877352
122,2020-12-23,JPM,122.77999877929688,126.5199966430664,122.3499984741211,114.84959411621094,14973200.0,2.0,2.272587765651849,114.26200834848889,107.92381089589587,61.84471169057351,143.1422651456968,46.334307223582385,109.6365135192871,101.31523971557617,23.309999465942383,8.031498509877352
122,2020-12-23,KO,52.95000076293945,53.38999938964844,52.939998626708984,48.8363037109375,7040300.0,2.0,0.3755613967787994,49.82113136636797,47.60473037374434,55.61154044546774,23.458299183528474,4.296444479580007,48.66027069091797,47.08992544809977,23.309999465942383,8.031498509877352
122,2020-12-23,MCD,212.3000030517578,213.42999267578125,211.7899932861328,199.43336486816406,1658800.0,2.0,-0.6443903596433813,205.96117574406728,193.72054422663584,48.33561834930034,-26.85728459377991,3.739550470501079,200.5072769165039,204.08038024902345,23.309999465942383,8.031498509877352
122,2020-12-23,MMM,175.3000030517578,175.80999755859375,173.9600067138672,154.95562744140625,1762600.0,2.0,1.426387799628543,158.6452820109717,151.23744961744626,54.83482509629979,47.784582493653296,11.780462938068046,154.11428578694662,149.9498207092285,23.309999465942383,8.031498509877352
122,2020-12-23,MRK,75.94465637207031,76.74618530273438,75.92557525634766,69.7171401977539,6056078.0,2.0,-0.0669348583092102,72.58791176130865,68.3973986024609,48.85061713476048,-57.68891619972622,7.059751801886185,70.27177327473959,69.57174275716146,23.309999465942383,8.031498509877352
122,2020-12-23,MSFT,223.11000061035156,223.55999755859375,220.8000030517578,215.67640686035156,18699600.0,2.0,2.071454766782182,217.83796569400468,203.95174530453048,54.99516074835466,188.42757382836814,20.740199612193347,210.05009969075522,208.76771494547526,23.309999465942383,8.031498509877352
122,2020-12-23,NKE,142.55999755859375,143.60000610351562,141.6999969482422,137.89263916015625,3388300.0,2.0,2.730610211938938,139.48136298186716,128.95973809235159,62.64901458055024,127.19913177723194,40.14901860827506,131.87856674194336,127.8218817392985,23.309999465942383,8.031498509877352
122,2020-12-23,PG,137.38999938964844,137.5500030517578,136.1300048828125,127.3591079711914,6004200.0,2.0,-0.6310418131851918,130.553597587315,126.362653785976,47.02242572747188,-82.83271832563084,13.090957031985612,129.493297068278,130.45840670267742,23.309999465942383,8.031498509877352
122,2020-12-23,TRV,137.2899932861328,138.55999755859375,136.91000366210938,129.8186798095703,1901500.0,2.0,2.139641906295921,131.86363276032645,122.70230275603097,59.55020486385409,130.16715304110173,25.69935253109008,126.84725926717122,119.0935915629069,23.309999465942383,8.031498509877352
122,2020-12-23,UNH,336.489990234375,341.6499938964844,336.0299987792969,324.9290771484375,2348100.0,2.0,0.03367133112351439,337.5834001150204,317.7012648019717,52.43514920355223,-42.08365030641658,0.9110544781855653,328.9735829671224,320.5115412394206,23.309999465942383,8.031498509877352
122,2020-12-23,V,207.3300018310547,207.3300018310547,205.11000061035156,201.34689331054688,6523100.0,2.0,0.5164575827796227,209.96438240473324,200.9402425342316,50.141024992598844,-131.7863738092381,6.5100214456285155,205.34737599690754,199.66084671020508,23.309999465942383,8.031498509877352
122,2020-12-23,VZ,59.20000076293945,59.279998779296875,58.88999938964844,49.8172607421875,14012100.0,2.0,-0.11617760052032367,52.493998059066996,49.75136517640664,47.12821927711043,-206.54717987763075,5.540628338099351,51.1474661509196,50.180297406514484,23.309999465942383,8.031498509877352
122,2020-12-23,WBA,39.470001220703125,40.2400016784668,39.439998626708984,35.05238723754883,4200200.0,2.0,0.3121318148550358,38.41049124883904,33.20732987237679,51.47238243981942,-26.36452638220762,1.3246312347573654,35.493055979410805,33.72294073104858,23.309999465942383,8.031498509877352
122,2020-12-23,WMT,143.5399932861328,144.22000122070312,142.3000030517578,137.21881103515625,6810200.0,2.0,-0.637728936726262,146.4825435040839,136.54778181329888,47.85547578854153,-171.0854720927841,21.18726402874456,142.1470738728841,139.17660878499348,23.309999465942383,8.031498509877352
123,2020-12-24,AAPL,131.32000732421875,133.4600067138672,131.10000610351562,129.85057067871094,54930100.0,3.0,3.2837563989194933,131.14325890359615,114.65088553610111,61.31575677513808,171.42499770146452,31.19429624554725,120.5418472290039,117.33221219380697,21.530000686645508,6.72239897746142
123,2020-12-24,AMGN,223.24000549316406,224.5800018310547,222.2899932861328,204.1902618408203,955400.0,3.0,-0.9911894630371876,213.158047328248,202.47125717614657,45.304546806846446,-76.88987561839816,15.132696800063975,208.17248026529947,210.65132878621418,21.530000686645508,6.72239897746142
123,2020-12-24,AXP,116.93000030517578,117.44000244140625,115.81999969482422,112.84355926513672,707000.0,3.0,0.9331478293927375,120.73412669319637,109.86002613883488,54.94040879238748,-40.786188134805826,9.283168335106106,114.02279612223307,105.9226198832194,21.530000686645508,6.72239897746142
123,2020-12-24,BA,219.6199951171875,219.8800048828125,216.0500030517578,217.14999389648438,6398500.0,3.0,5.6856790590768185,242.06548915785018,208.47951053697406,56.69673873644801,-3.2908857021520777,8.442846189981076,217.9316665649414,190.65550053914387,21.530000686645508,6.72239897746142
123,2020-12-24,CAT,179.4499969482422,179.85000610351562,178.35000610351562,169.26890563964844,585700.0,3.0,2.24974138075612,173.03223678129092,162.80385483247863,58.23611138216612,66.09267532642025,26.59041568745077,166.31076253255208,159.00857264200846,21.530000686645508,6.72239897746142
123,2020-12-24,CRM,228.3000030517578,229.19000244140625,224.8300018310547,225.77999877929688,6146300.0,3.0,-4.884898690901167,243.84336301848435,211.46663606598833,45.287302904263576,-49.89999307845486,20.059171384297613,236.77466735839843,244.5286666870117,21.530000686645508,6.72239897746142
123,2020-12-24,CSCO,44.45000076293945,44.59000015258789,44.22999954223633,40.706504821777344,5720500.0,3.0,0.8704527782164746,41.65058780200899,39.334694714470494,60.17744519156469,58.030726338373576,32.024360083600975,39.628671391805014,37.341101201375324,21.530000686645508,6.72239897746142
123,2020-12-24,CVX,85.93000030517578,85.93000030517578,84.80999755859375,76.09180450439453,3335600.0,3.0,0.534474711056987,84.14535742822612,74.76193322118793,51.753843803485076,-76.50397823670215,6.872058056649964,78.8480453491211,71.44444332122802,21.530000686645508,6.72239897746142
123,2020-12-24,DIS,173.99000549316406,174.5800018310547,172.3800048828125,173.72999572753906,2721000.0,3.0,8.591724256214576,183.99997517776873,140.90302470016096,68.3983046883798,105.93775887625527,58.500015664202344,156.17766672770182,141.12783342997233,21.530000686645508,6.72239897746142
123,2020-12-24,GS,257.0400085449219,257.6199951171875,253.75,239.6871795654297,968100.0,3.0,8.090455835523215,241.11740793362398,212.0354927621768,65.48016258688213,154.4834817736749,60.20736519600898,221.024658203125,205.19896596272787,21.530000686645508,6.72239897746142
123,2020-12-24,HD,269.44000244140625,271.3599853515625,269.3999938964844,253.54624938964844,1093900.0,3.0,-0.4683678520387957,259.5057509804576,243.74586797706195,49.75058642562424,3.8051385456394176,8.198191276425744,252.59849904378254,256.7639765421549,21.530000686645508,6.72239897746142
123,2020-12-24,HON,210.52999877929688,210.6999969482422,208.60000610351562,198.63633728027344,754900.0,3.0,3.4154412900462034,204.35078905596427,194.46430036053962,60.464095381995875,31.318865169651385,16.974651589825513,197.36126607259115,181.20879160563152,21.530000686645508,6.72239897746142
123,2020-12-24,IBM,119.50286865234375,119.59847259521484,118.74761199951172,104.18528747558594,1842111.0,3.0,1.0435236155213516,106.19037596313709,102.27124284179456,54.09853729508418,45.13719142396005,8.953393010598258,102.54758631388346,100.15890579223633,21.530000686645508,6.72239897746142
123,2020-12-24,INTC,46.599998474121094,47.09000015258789,46.34000015258789,43.26416778564453,11865600.0,3.0,-0.19198937274239114,48.61990599232211,41.98299203319059,46.05463276022339,-42.25758430077618,13.160389741586801,44.2430534362793,44.75448983510335,21.530000686645508,6.72239897746142
123,2020-12-24,JNJ,151.85000610351562,153.0399932861328,151.82000732421875,141.77288818359375,2114900.0,3.0,1.7017623883673139,145.30753868076917,134.57001869227773,56.15607481553946,85.37064845608005,20.983390704019993,138.65383809407552,136.16808687845867,21.530000686645508,6.72239897746142
123,2020-12-24,JPM,125.08999633789062,125.55000305175781,123.56999969482422,114.34454345703125,4164900.0,3.0,2.3418780019967613,114.6739324617499,107.74053973673642,61.19028126757383,133.82635626942346,46.33430722358237,109.93464914957683,101.76114387512207,21.530000686645508,6.72239897746142
123,2020-12-24,KO,53.02000045776367,53.54999923706055,53.02000045776367,49.16750717163086,3265500.0,3.0,0.3738392285218808,49.86503809059403,47.64563199912766,56.720811921605176,57.87736711290807,1.4655004125646809,48.66876093546549,47.15822525024414,21.530000686645508,6.72239897746142
123,2020-12-24,MCD,212.1199951171875,212.74000549316406,211.13999938964844,198.84078979492188,1047700.0,3.0,-0.6708772640421046,205.13452216959587,193.9212990584315,47.691496416028556,-39.51408574927877,6.153959969969445,200.33978729248048,203.97372589111328,21.530000686645508,6.72239897746142
123,2020-12-24,MMM,174.4199981689453,174.7899932861328,173.4199981689453,155.4276580810547,656200.0,3.0,1.3221887928723106,158.29829087794914,151.3528871005665,55.330877481477316,31.266071772937927,8.505313409833501,154.31500498453775,150.18306605021158,21.530000686645508,6.72239897746142
123,2020-12-24,MRK,76.33587646484375,76.74618530273438,76.21183013916016,70.04930877685547,2957456.0,3.0,-0.06417161868887433,72.57056521531237,68.47656918410169,49.97006595823926,-39.97920108936677,7.0597518018861845,70.26347300211589,69.54027468363444,21.530000686645508,6.72239897746142
123,2020-12-24,MSFT,221.4199981689453,223.61000061035156,221.1999969482422,217.3645477294922,10550600.0,3.0,2.256005821803427,218.75869861641357,203.8975407024341,56.053154613740126,180.18826288869255,20.880556603926582,210.2701614379883,208.97864201863607,21.530000686645508,6.72239897746142
123,2020-12-24,NKE,141.10000610351562,142.19000244140625,141.10000610351562,137.7370147705078,1821900.0,3.0,2.685904928003282,139.85857675322515,129.19846670380608,62.41473611377425,107.31657879072687,36.01423294117568,132.33886845906576,128.08633321126302,21.530000686645508,6.72239897746142
123,2020-12-24,PG,136.1999969482422,138.1300048828125,136.1999969482422,128.64825439453125,2588200.0,3.0,-0.5520748970527336,130.44835266774743,126.37822890573892,49.54064532676128,-51.379832489046805,7.439183583623997,129.35784937540691,130.45058301289876,21.530000686645508,6.72239897746142
123,2020-12-24,TRV,138.05999755859375,138.63999938964844,136.83999633789062,130.32688903808594,416800.0,3.0,2.1210585999389053,132.21733197444087,122.66148577458256,59.99655867438493,124.46728728092948,26.093313959165183,126.98459421793619,119.57948862711588,21.530000686645508,6.72239897746142
123,2020-12-24,UNH,336.44000244140625,341.4100036621094,336.44000244140625,328.00909423828125,1360600.0,3.0,0.17852236737638805,337.246712631618,318.8844183498273,53.88302682836671,-27.169330753113268,0.9110544781855717,328.66400655110675,320.99499867757163,21.530000686645508,6.72239897746142
123,2020-12-24,V,206.63999938964844,208.82000732421875,206.60000610351562,204.6814422607422,3367900.0,3.0,0.5086824268961152,209.82109791398213,200.86874431013896,52.740074900706524,-49.45260420988581,1.3080506238912106,205.2270711263021,199.80846252441407,21.530000686645508,6.72239897746142
123,2020-12-24,VZ,59.0,59.06999969482422,58.65999984741211,49.71587371826172,7751100.0,3.0,-0.18228507111960113,52.56542145313277,49.54728721080765,46.61794409536017,-204.3566858276966,10.073763991159232,51.08663101196289,50.17996985117595,21.530000686645508,6.72239897746142
123,2020-12-24,WBA,39.95000076293945,40.040000915527344,39.08000183105469,34.83259963989258,2678000.0,3.0,0.22431762844352932,38.38607865106849,33.28009680974694,50.897343043344925,-35.84244715271627,5.2894825351055985,35.45398241678874,33.78333740234375,21.530000686645508,6.72239897746142
123,2020-12-24,WMT,143.5399932861328,144.38999938964844,143.17999267578125,137.4871063232422,3018200.0,3.0,-0.7745153134347333,146.1465460064552,136.13866364930652,48.3019058192844,-143.39265136421602,19.467266233672543,142.02120971679688,139.24207153320313,21.530000686645508,6.72239897746142
124,2020-12-28,AAPL,133.99000549316406,137.33999633789062,133.50999450683594,134.49478149414062,124486200.0,0.0,3.7462561595902173,132.72417451216103,115.04768980668662,64.48562845177531,203.5004931994326,40.80165475518181,121.11515680948894,117.66185099283854,21.700000762939453,13.39963782616887
124,2020-12-28,AMGN,223.02999877929688,226.89999389648438,223.02999877929688,204.8497314453125,1495100.0,0.0,-1.0923724932224843,213.20475628763478,202.31829516500193,45.830859512661405,-49.459171433051836,5.9499259004783065,207.80946248372396,210.1931012471517,21.700000762939453,13.39963782616887
124,2020-12-28,AXP,118.05000305175781,119.3499984741211,117.5999984741211,113.81476593017578,1878700.0,0.0,0.8943133352024404,120.65643063955915,109.72328585214007,55.799344172613345,-9.004434198840743,0.15620253221384786,114.2555030822754,106.20230814615886,21.700000762939453,13.39963782616887
124,2020-12-28,BA,218.19000244140625,219.1999969482422,215.16000366210938,216.08999633789062,9090600.0,0.0,4.806408756529038,242.09101788413543,208.41298144447788,56.225068380381074,-18.368132374345564,6.799548102869078,219.24399973551434,191.45933380126954,21.700000762939453,13.39963782616887
124,2020-12-28,CAT,180.47999572753906,181.1199951171875,178.30999755859375,168.14712524414062,1508800.0,0.0,2.0554737971048667,173.00544048746085,163.14079516927742,57.18482630698269,63.23500333214105,31.072980295721504,166.60111033121746,159.51999130249024,21.700000762939453,13.39963782616887
124,2020-12-28,CRM,227.22000122070312,227.83999633789062,222.0500030517578,224.63999938964844,6422500.0,0.0,-4.7359894880859486,239.7120538772054,213.29894465795087,44.84282757222908,-55.00804617756144,24.822385830126407,235.94866739908855,244.04850006103516,21.700000762939453,13.39963782616887
124,2020-12-28,CSCO,44.93000030517578,45.34000015258789,44.720001220703125,41.053794860839844,13458400.0,0.0,0.8384604766139745,41.54816020511557,39.64001461483071,61.44275503560606,84.67369493508794,41.17574606171739,39.819073867797854,37.43432229359944,21.700000762939453,13.39963782616887
124,2020-12-28,CVX,85.61000061035156,86.62999725341797,84.62000274658203,75.70835876464844,8051900.0,0.0,0.3177888205422619,84.0467455279026,74.28894249089623,51.28810132863859,-84.24580786217675,2.7977634195982133,79.00855178833008,71.67482554117838,21.700000762939453,13.39963782616887
124,2020-12-28,DIS,175.75,179.9199981689453,175.0500030517578,178.86000061035156,13145400.0,0.0,8.773054194677258,185.50891410976868,142.5670853409149,70.53072939149301,119.28016434982358,64.07235947340072,157.62233327229816,142.05366681416828,21.700000762939453,13.39963782616887
124,2020-12-28,GS,257.80999755859375,262.6499938964844,257.0,242.89662170410156,2793400.0,0.0,8.409233681715392,243.56874632364563,211.96700196737,66.6352174434841,174.59265377075457,64.8836401033317,222.4669631958008,206.16766382853191,21.700000762939453,13.39963782616887
124,2020-12-28,HD,272.1700134277344,272.25,269.239990234375,251.98336791992188,2633800.0,0.0,-0.4574898912904075,258.8659144590435,243.8950032045307,48.619529743340294,3.1856077981036366,5.084271864151057,252.42717539469402,256.656906636556,21.700000762939453,13.39963782616887
124,2020-12-28,HON,211.0,211.22999572753906,209.3800048828125,199.0250244140625,1715700.0,0.0,3.14986142811361,204.3620621164303,194.50327296657753,60.69267313730428,38.53103455435632,18.784370383236215,197.76259002685546,181.95177561442057,21.700000762939453,13.39963782616887
124,2020-12-28,IBM,119.59847259521484,121.03250122070312,118.98661804199219,104.29389190673828,3781499.0,0.0,0.9931520690096249,106.20396491365332,102.29692391080957,54.242741073938824,59.319922123891196,17.55995227055264,102.83501688639323,100.23495203653971,21.700000762939453,13.39963782616887
124,2020-12-28,INTC,47.189998626708984,47.63999938964844,46.86000061035156,43.26416778564453,21269200.0,0.0,-0.2596347873921019,48.643270450184055,41.9247005886343,46.05463276022339,-33.33939653659812,7.566400297475353,44.30800666809082,44.68106880187988,21.700000762939453,13.39963782616887
124,2020-12-28,JNJ,153.32000732421875,153.8699951171875,152.3000030517578,142.4423828125,3855500.0,0.0,1.6841381733810294,145.0232993233859,135.7087807547391,56.97579740299931,96.43591604245752,25.140623351796965,138.83712209065754,136.2748109181722,21.700000762939453,13.39963782616887
124,2020-12-28,JPM,125.81999969482422,126.6500015258789,124.79000091552734,115.09752655029297,8072600.0,0.0,2.4295441831881988,115.27597470581613,107.51682848632255,61.81350537532599,159.39037385737421,49.080966359945286,110.30104344685873,102.20898297627767,21.700000762939453,13.39963782616887
124,2020-12-28,KO,53.849998474121094,54.439998626708984,53.72999954223633,49.8299560546875,9020500.0,0.0,0.4210746004331085,50.00565226779279,47.67706791653338,58.848622261020544,169.4498062828201,12.634960228728936,48.716677856445315,47.24045651753743,21.700000762939453,13.39963782616887
124,2020-12-28,MCD,212.99000549316406,214.8800048828125,212.19000244140625,201.3146209716797,2550100.0,0.0,-0.4866411292964301,204.6311710758327,194.14057575033917,50.53806621335775,8.49057655905028,2.4565563874971215,200.40904541015624,203.90674362182617,21.700000762939453,13.39963782616887
124,2020-12-28,MMM,175.30999755859375,176.39999389648438,174.38999938964844,155.59686279296875,1403000.0,0.0,1.2389815276419256,157.98365223160366,151.47337596663854,55.512066386214954,62.386487987275295,16.319414799954703,154.5849370320638,150.4395866394043,21.700000762939453,13.39963782616887
124,2020-12-28,MRK,76.95610809326172,77.42366027832031,76.45992279052734,70.32027435302734,4804242.0,0.0,-0.03965989930665614,72.5387450977763,68.61465456042681,50.87731141856505,-12.157551292206538,1.2887777386254098,70.29889475504557,69.53225720723471,21.700000762939453,13.39963782616887
124,2020-12-28,MSFT,224.4499969482422,226.02999877929688,223.02000427246094,219.52114868164062,17933500.0,0.0,2.546924179364055,220.05146644504902,203.55425102321271,57.37734017473237,199.86521348890832,27.520697644591646,210.5981211344401,209.1909612019857,21.700000762939453,13.39963782616887
124,2020-12-28,NKE,142.5399932861328,142.9199981689453,141.0399932861328,138.54432678222656,4081500.0,0.0,2.6846717756779412,140.1715034810428,129.70744091592985,63.154160208341715,112.8313538242402,38.378699581758575,132.85908635457358,128.34644215901693,21.700000762939453,13.39963782616887
124,2020-12-28,PG,138.14999389648438,139.38999938964844,137.9499969482422,129.54495239257812,3714700.0,0.0,-0.41238331451728527,130.4590258144514,126.37409109839037,51.20944608460987,14.1333441996931,3.732982090693772,129.24980036417642,130.45383389790854,21.700000762939453,13.39963782616887
124,2020-12-28,TRV,138.8300018310547,139.8800048828125,138.47000122070312,130.98561096191406,1100300.0,0.0,2.134875039309989,132.65869284034463,122.74663018821984,60.579821549094724,159.56035645858157,32.061778983682295,127.22368672688802,120.08228721618653,21.700000762939453,13.39963782616887
124,2020-12-28,UNH,343.2099914550781,347.7900085449219,343.05999755859375,332.9755859375,2308200.0,0.0,0.6861625755761338,337.7412972492183,319.27739781914113,56.1115434148205,47.64550922515199,11.720892052835154,328.4333465576172,321.5404520670573,21.700000762939453,13.39963782616887
124,2020-12-28,V,209.85000610351562,213.4600067138672,208.9499969482422,208.53578186035156,5816200.0,0.0,0.8042625158234671,210.0744810376207,200.77522599362928,55.513014369188284,84.11276136220123,12.859400779513152,205.36993306477865,199.96515223185222,21.700000762939453,13.39963782616887
124,2020-12-28,VZ,59.15999984741211,59.18000030517578,58.650001525878906,49.83415985107422,15355600.0,0.0,-0.22256541987052003,52.59156329815792,49.3859559279163,47.306524993711776,-172.9021779134664,7.437781541776695,51.035653305053714,50.18217112223307,21.700000762939453,13.39963782616887
124,2020-12-28,WBA,39.68000030517578,40.29999923706055,39.29999923706055,34.867767333984375,4714500.0,0.0,0.1557664137929109,38.353584107866595,33.37061671305625,50.98797678877251,-26.036855210139723,2.121583784778749,35.43548482259114,33.845044199625654,21.700000762939453,13.39963782616887
124,2020-12-28,WMT,144.0399932861328,145.3000030517578,143.3300018310547,139.13502502441406,6448300.0,0.0,-0.7413998396691568,145.64541111362308,136.08143062221677,50.96913445860325,-106.88755521293541,10.493586374330771,141.94232126871745,139.28456446329753,21.700000762939453,13.39963782616887
125,2020-12-29,AAPL,138.0500030517578,138.7899932861328,134.33999633789062,132.70399475097656,121047300.0,1.0,3.923066361121542,133.73881713684145,115.5896389788812,62.44456082828025,179.41921823633186,43.929288177680796,121.62713343302408,118.0233610788981,23.079999923706055,14.86548159985129
125,2020-12-29,AMGN,225.8800048828125,229.47000122070312,225.27000427246094,207.79905700683594,1564400.0,1.0,-0.9239244237222408,213.0198229846706,202.94562348749736,48.13962321237631,11.23304701293533,3.193157559893752,207.48918813069662,209.9353520711263,23.079999923706055,14.86548159985129
125,2020-12-29,AXP,119.23999786376953,119.3499984741211,118.0,113.60321044921875,1860400.0,1.0,0.8368196237780978,120.65740305740829,109.67904103438858,55.56068577174848,-11.802741369786299,0.15620253221384167,114.35647099812826,106.47400182088217,23.079999923706055,14.86548159985129
125,2020-12-29,BA,218.3000030517578,221.67999267578125,215.39999389648438,216.25,14593800.0,1.0,4.075511703287759,241.5218029871785,209.53619567004807,56.28186081499668,-21.709908549623243,10.824723650874187,220.2153330485026,192.26216710408528,23.079999923706055,14.86548159985129
125,2020-12-29,CAT,179.1699981689453,179.3800048828125,175.11000061035156,166.5256805419922,1490300.0,1.0,1.750499630857945,172.75705195586704,163.67764805634,55.68182571884518,6.2389058587425215,12.560189087717571,166.75633951822917,159.9539451599121,23.079999923706055,14.86548159985129
125,2020-12-29,CRM,224.97000122070312,225.3000030517578,220.86000061035156,222.4600067138672,6122400.0,1.0,-4.7392538932009245,235.02095797267407,215.65604092869313,43.9887708689489,-61.28060850020461,26.81766958656099,235.04700113932293,243.625333404541,23.079999923706055,14.86548159985129
125,2020-12-29,CSCO,44.970001220703125,45.25,44.529998779296875,40.797889709472656,11829000.0,1.0,0.7834260917552172,41.41158018566215,39.92465142749703,59.98979031235306,71.50716361038471,36.20978301712894,39.917778142293294,37.531351216634114,23.079999923706055,14.86548159985129
125,2020-12-29,CVX,85.26000213623047,85.72000122070312,84.05000305175781,75.44975280761719,7670800.0,1.0,0.1237696126488288,84.17482352248734,73.93168740280564,50.968094315561075,-105.62284205285094,5.919735129912105,79.09130477905273,71.88961963653564,23.079999923706055,14.86548159985129
125,2020-12-29,DIS,180.00999450683594,180.1999969482422,176.22000122070312,177.3000030517578,6875400.0,1.0,8.690699735013169,186.35708103171083,144.64791927346494,69.0646795954169,108.44745631092097,64.34073397196597,158.9203333536784,142.9661668141683,23.079999923706055,14.86548159985129
125,2020-12-29,GS,260.260009765625,260.8599853515625,256.5,241.41827392578125,1430900.0,1.0,8.445225804743956,244.7530149824703,213.46630417036175,65.58944274699066,153.27560209781998,62.850107182615346,223.71822509765624,207.09078318277994,23.079999923706055,14.86548159985129
125,2020-12-29,HD,269.9800109863281,270.4599914550781,265.07000732421875,249.11964416503906,2572100.0,1.0,-0.6721989122754621,257.7384707805047,244.1131924275031,46.61089068039434,-54.53478898440793,17.041946635496743,252.13153788248698,256.4758903503418,23.079999923706055,14.86548159985129
125,2020-12-29,HON,211.39999389648438,211.39999389648438,207.8800048828125,198.25714111328125,1527600.0,1.0,2.844634533054375,203.73691512722772,195.62233627658085,59.983919277966095,17.007938710568936,11.43576265742235,198.00243682861327,182.6516092936198,23.079999923706055,14.86548159985129
125,2020-12-29,IBM,119.83747863769531,119.96176147460938,117.82026672363281,103.4416275024414,3647402.0,1.0,0.8743823057985907,106.19203087403055,102.33225272582295,52.89376375116357,26.544205442327414,8.631867536934143,103.0285868326823,100.30393180847167,23.079999923706055,14.86548159985129
125,2020-12-29,INTC,47.220001220703125,50.66999816894531,46.4900016784668,45.39657974243164,84531400.0,1.0,-0.1395675939136538,48.66766516738976,41.995897225798714,51.53062407830279,19.12078303399732,16.687493476485475,44.428414535522464,44.66189460754394,23.079999923706055,14.86548159985129
125,2020-12-29,JNJ,154.11000061035156,154.92999267578125,153.8000030517578,143.3257293701172,5212000.0,1.0,1.7216039619808328,144.74893751078068,136.86277513570369,58.04641369089885,116.53463790709344,30.15708834919825,139.00060170491537,136.4128793080648,23.079999923706055,14.86548159985129
125,2020-12-29,JPM,126.19999694824219,126.27999877929688,124.88999938964844,114.79451751708984,8389200.0,1.0,2.446369739214447,115.58937246443854,107.85816705582512,61.40302995261248,147.77680837138823,49.0809663599453,110.63560460408529,102.63782132466635,23.079999923706055,14.86548159985129
125,2020-12-29,KO,54.45000076293945,54.4900016784668,54.02000045776367,49.8023567199707,8320600.0,1.0,0.45108214317324524,50.00641789284341,47.9090751186312,58.72418789832435,169.25351975377336,13.35808533144889,48.75028546651205,47.31948922475179,23.079999923706055,14.86548159985129
125,2020-12-29,MCD,214.63999938964844,215.77999877929688,212.4499969482422,200.08242797851562,1665700.0,1.0,-0.4350454091720337,203.83593628855607,194.49089171437362,49.15961948550378,7.287859089564728,5.8883868479505335,200.4306864420573,203.77122395833334,23.079999923706055,14.86548159985129
125,2020-12-29,MMM,175.5500030517578,175.63999938964844,173.14999389648438,154.83094787597656,1218900.0,1.0,1.0985725768593113,158.0062365284112,151.55053989981144,54.477326251156946,18.29478972264828,8.677797881156476,154.74869537353516,150.66023763020834,23.079999923706055,14.86548159985129
125,2020-12-29,MRK,77.09923553466797,77.8530502319336,77.06106567382812,71.16813659667969,5708037.0,1.0,0.04763213844150016,72.58460004431734,68.71388628380765,53.60088434501475,33.82648351535744,6.242288071825559,70.32702153523763,69.55051218668619,23.079999923706055,14.86548159985129
125,2020-12-29,MSFT,226.30999755859375,227.17999267578125,223.5800018310547,218.73069763183594,17403200.0,1.0,2.6827709663075723,220.97479066402,203.61455259769875,56.72921873278725,176.12116256165677,30.48430814040415,210.86501973470052,209.49181365966797,23.079999923706055,14.86548159985129
125,2020-12-29,NKE,142.8300018310547,143.05999755859375,140.42999267578125,137.70782470703125,3232400.0,1.0,2.5863815702715556,140.26732506465962,130.30618720340678,61.84990112676712,99.29794706235356,33.95700356802369,133.2983523050944,128.59260940551758,23.079999923706055,14.86548159985129
125,2020-12-29,PG,139.22000122070312,139.94000244140625,138.1999969482422,129.30210876464844,5139300.0,1.0,-0.31761095875293677,130.3894993871499,126.4015810877036,50.73932336838695,34.90153288331523,8.187851344355408,129.06733423868815,130.4703784942627,23.079999923706055,14.86548159985129
125,2020-12-29,TRV,139.5800018310547,139.64999389648438,138.02999877929688,130.1951141357422,859000.0,1.0,2.058311248817091,132.17982542501045,124.12088868631768,59.50279693127592,125.47690759534436,28.136706735123933,127.36691640218099,120.55990994771322,23.079999923706055,14.86548159985129
125,2020-12-29,UNH,347.989990234375,351.2900085449219,345.0,334.32305908203125,2275700.0,1.0,1.183557604064788,338.2324038671457,319.9620541406668,56.698827714848996,82.2697288961275,17.758090462279753,328.2073221842448,322.1257853190104,23.079999923706055,14.86548159985129
125,2020-12-29,V,214.61000061035156,215.24000549316406,213.5399932861328,210.2422637939453,6093400.0,1.0,1.1628065857162255,210.73862909052625,200.50533605839954,56.677243382129845,164.1145134352809,17.585644533254154,205.49710286458333,200.18112970987957,23.079999923706055,14.86548159985129
125,2020-12-29,VZ,59.029998779296875,59.2400016784668,58.63999938964844,49.69051742553711,15686100.0,1.0,-0.2630463946342232,52.625266362877944,49.21706266239061,46.552176855729435,-158.5666787676285,5.95825323531247,50.972283299763994,50.18490447998047,23.079999923706055,14.86548159985129
125,2020-12-29,WBA,39.810001373291016,40.34000015258789,39.2400016784668,34.64797592163086,4004400.0,1.0,0.08274986328012801,38.21348729907241,33.63379701794419,50.38667743120504,-27.08196637105885,2.84267232300054,35.35347582499186,33.90453577041626,23.079999923706055,14.86548159985129
125,2020-12-29,WMT,145.63999938964844,145.85000610351562,143.58999633789062,138.2536163330078,5979400.0,1.0,-0.7773174713362891,144.77852921170947,136.18820662813428,49.55453362786622,-98.72338365114734,5.379551930985812,141.760546875,139.3534154256185,23.079999923706055,14.86548159985129
126,2020-12-30,AAPL,135.5800018310547,135.99000549316406,133.39999389648438,131.57249450683594,96452100.0,2.0,3.926623435596454,134.58277914907782,115.82801262948662,61.1788633949369,138.90852546450645,38.84576841883038,122.06728337605794,118.30904248555501,22.770000457763672,14.893606087828411
126,2020-12-30,AMGN,227.97999572753906,229.02999877929688,226.5800018310547,208.07383728027344,1891400.0,2.0,-0.7595005933413006,213.04188098806898,203.11499309640365,48.351785868349694,29.658470165364882,3.1931575598937485,207.19944458007814,209.5214584350586,22.770000457763672,14.893606087828411
126,2020-12-30,AXP,118.25,119.94999694824219,118.1500015258789,114.84367370605469,1954200.0,2.0,0.8811926210846508,120.6346922630847,109.65367062143679,56.68444783501699,7.155916075287962,2.7589928453767962,114.38083114624024,106.72998123168945,22.770000457763672,14.893606087828411
126,2020-12-30,BA,216.36000061035156,218.5500030517578,214.3699951171875,216.6699981689453,10812600.0,2.0,3.489931111481411,241.17668281251204,210.24731621092545,56.43533668482282,-37.820532720451816,8.73973096810404,220.69099985758464,193.02000045776367,22.770000457763672,14.893606087828411
126,2020-12-30,CAT,179.77000427246094,182.22999572753906,178.69000244140625,169.72140502929688,2720600.0,2.0,1.7465406320066563,172.4899502589753,164.58389159893485,57.93595993756453,85.40259680874847,22.92433683483312,166.97158660888672,160.38572438557944,22.770000457763672,14.893606087828411
126,2020-12-30,CRM,223.1300048828125,223.63999938964844,221.5800018310547,222.39999389648438,4724000.0,2.0,-4.692590231436014,230.5404333176912,218.24156436297287,43.964925047287494,-60.06380908734785,26.817669586560992,234.13066762288412,243.13983332316081,22.770000457763672,14.893606087828411
126,2020-12-30,CSCO,44.7400016784668,45.060001373291016,44.439998626708984,40.65166473388672,11043100.0,2.0,0.7197153808732182,41.33045949565745,40.09168138874196,59.16280286781788,59.89953978199065,33.82618912895021,39.97687899271647,37.62137336730957,22.770000457763672,14.893606087828411
126,2020-12-30,CVX,84.61000061035156,86.58000183105469,84.54000091552734,76.09180450439453,7901800.0,2.0,0.02156758099208389,84.23108636125765,73.68637655988492,51.741437014966785,-83.3911459334618,0.7031809010589953,79.02174962361654,72.09299812316894,22.770000457763672,14.893606087828411
126,2020-12-30,DIS,178.5,183.39999389648438,178.3699951171875,181.1699981689453,11680400.0,2.0,8.835855256191422,187.62377845960503,146.55422141832463,70.63130358281096,114.87287268260663,67.32278271107836,160.13700002034506,143.92950007120768,22.770000457763672,14.893606087828411
126,2020-12-30,GS,258.80999755859375,260.6499938964844,257.8299865722656,242.76564025878906,1566500.0,2.0,8.48466508661889,246.1059864200342,214.67432516443844,66.09118338641169,146.3253675465692,62.85010718261533,224.9120310465495,208.00688883463542,22.770000457763672,14.893606087828411
126,2020-12-30,HD,266.1099853515625,267.29998779296875,264.9200134277344,248.24920654296875,2511400.0,2.0,-0.9021944636707531,256.6333741843193,244.29739058618856,46.013163463249946,-78.58319951965758,17.441865080114763,251.7324239095052,256.23708419799806,22.770000457763672,14.893606087828411
126,2020-12-30,HON,210.0,211.58999633789062,209.55999755859375,199.9824981689453,1602100.0,2.0,2.710714485433499,203.4478711603241,196.3616823675079,61.04139305839902,45.49978176098433,12.171483283125589,198.07701365152994,183.3312894185384,22.770000457763672,14.893606087828411
126,2020-12-30,IBM,118.35564422607422,119.35946655273438,118.193115234375,103.892822265625,3535794.0,2.0,0.8073573464336761,106.14345280526223,102.47942469717918,53.52672806888682,25.558707248699488,8.631867536934136,103.1951405843099,100.36066487630208,22.770000457763672,14.893606087828411
126,2020-12-30,INTC,49.11000061035156,49.189998626708984,48.560001373291016,44.808326721191406,37385400.0,2.0,-0.0908335084791787,48.63666324964947,41.952447697005795,50.079888492085075,16.588654533395825,16.687493476485475,44.50684827168782,44.622574424743654,22.770000457763672,14.893606087828411
126,2020-12-30,JNJ,154.74000549316406,156.3800048828125,154.60000610351562,145.10171508789062,5412800.0,2.0,1.8730121560397208,145.1902311632805,137.2211457898445,60.11087673080602,138.18418487531454,36.39021559408516,139.19403889973958,136.54992027282714,22.770000457763672,14.893606087828411
126,2020-12-30,JPM,125.48999786376953,125.8499984741211,124.9000015258789,115.11591339111328,7398000.0,2.0,2.4573117147785695,116.03476418130813,107.92885123617233,61.68222776808337,136.60442546827113,49.080966359945286,110.88231684366862,103.04064165751139,22.770000457763672,14.893606087828411
126,2020-12-30,KO,54.04999923706055,54.630001068115234,54.029998779296875,50.08756637573242,8142700.0,2.0,0.4922035563988061,50.10368931479016,48.03261592202625,59.636578635373226,182.13144615802642,15.452533817710968,48.781228129069014,47.40297107696533,22.770000457763672,14.893606087828411
126,2020-12-30,MCD,212.9600067138672,213.36000061035156,211.27999877929688,199.0006866455078,1855000.0,2.0,-0.47595638539235097,203.1935934858624,194.70242549607119,47.971333155776954,-29.932871357072283,0.9526198609168921,200.308735148112,203.5646878560384,22.770000457763672,14.893606087828411
126,2020-12-30,MMM,173.8800048828125,174.9199981689453,173.3800048828125,155.06251525878906,1419100.0,2.0,0.9945188302669408,157.86088022324444,152.01562581923602,54.74118240077963,11.681571908359052,8.67779788115647,154.80038350423177,150.8495770772298,22.770000457763672,14.893606087828411
126,2020-12-30,MRK,77.91984558105469,77.98664093017578,76.85114288330078,70.4426498413086,5933357.0,2.0,0.05760693239189152,72.57237712276668,68.69804676639347,51.09333999712994,12.47042150664907,3.527270068787991,70.35727132161459,69.55031611124674,22.770000457763672,14.893606087828411
126,2020-12-30,MSFT,225.22999572753906,225.6300048828125,221.47000122070312,216.3204345703125,20272300.0,2.0,2.5663590484203382,221.3986468349739,203.72446870457688,54.77744065411439,121.35391765329626,20.796775003742084,211.028217569987,209.68452835083008,22.770000457763672,14.893606087828411
126,2020-12-30,NKE,142.16000366210938,142.61000061035156,140.66000366210938,137.71754455566406,3052100.0,2.0,2.4806745132740673,140.35155791353117,130.84565735746492,61.85936928508641,92.6684446345377,33.95700356802368,133.6787254333496,128.8183910369873,22.770000457763672,14.893606087828411
126,2020-12-30,PG,138.60000610351562,138.9199981689453,137.5500030517578,128.69491577148438,3261400.0,2.0,-0.28817666285090127,130.13565663925212,126.50596247085527,49.56243018571606,1.149319193832481,2.2124235238039835,128.9222333272298,130.45713996887207,22.770000457763672,14.893606087828411
126,2020-12-30,TRV,138.9499969482422,139.89999389648438,138.85000610351562,130.882080078125,1253800.0,2.0,2.0296695365831994,132.32816734699858,124.58501929850925,60.13987785134744,137.05257579311893,29.410961875835532,127.4813003540039,120.99708137512206,22.770000457763672,14.893606087828411
126,2020-12-30,UNH,347.0799865722656,349.010009765625,344.4700012207031,332.05157470703125,1866000.0,2.0,1.3785656949996792,338.52038639086146,320.1575432966385,55.405921109951066,68.97207812289487,16.46877984336793,327.8688181559245,322.5746378580729,22.770000457763672,14.893606087828411
126,2020-12-30,V,216.0,220.38999938964844,215.64999389648438,214.15545654296875,8875100.0,2.0,1.7426293488225042,212.33789192794072,199.60828727127804,59.209552453357254,263.8208357455502,29.424278822537143,205.68213704427083,200.42837982177736,22.770000457763672,14.893606087828411
126,2020-12-30,VZ,58.83000183105469,58.939998626708984,58.060001373291016,49.124412536621094,18259800.0,2.0,-0.3369239427001247,52.695340090721814,48.94082476523522,43.71050434933171,-189.06413390179156,17.67310969079682,50.89483121236165,50.17235050201416,22.770000457763672,14.893606087828411
126,2020-12-30,WBA,39.52000045776367,39.72999954223633,39.20000076293945,34.58642578125,4194300.0,2.0,0.019690163067018318,38.12460922637108,33.80004211029885,50.21512412754211,-34.3946576060378,3.3501336673655215,35.22915878295898,33.950692876180014,22.770000457763672,14.893606087828411
126,2020-12-30,WMT,144.8800048828125,145.14999389648438,143.94000244140625,138.13861083984375,6250400.0,2.0,-0.8057739745605375,143.74447508241266,136.46497163389594,49.36958520114932,-95.94965634111234,5.379551930985816,141.5144816080729,139.39966684977213,22.770000457763672,14.893606087828411
127,2020-12-31,AAPL,134.0800018310547,134.74000549316406,131.72000122070312,130.55902099609375,99116600.0,3.0,3.803815582141823,135.13786431274733,116.21849478759447,60.05105089778856,109.90988929408437,30.069064309651143,122.50349706013998,118.63251101175943,22.75,8.379275013196855
127,2020-12-31,AMGN,227.30999755859375,230.25,225.88999938964844,210.5926971435547,1821000.0,3.0,-0.42108853664615253,213.31169645622637,203.15293214484782,50.28064483727691,62.59022454968714,7.522114005257646,207.12250569661458,209.19988632202148,22.75,8.379275013196855
127,2020-12-31,AXP,119.70999908447266,121.05999755859375,119.16000366210938,116.26686096191406,1747800.0,3.0,1.0194463160676293,120.46924624460472,109.68257031423316,57.94659383227762,38.72582563460431,8.051612692748353,114.5228276570638,107.04367510477702,22.75,8.379275013196855
127,2020-12-31,BA,216.24000549316406,216.89999389648438,212.6999969482422,214.05999755859375,10487600.0,3.0,2.7831664269158125,241.5320246012642,208.9129735676811,55.18980785125868,-57.73664495301108,5.306017531378632,220.82466634114584,193.928667195638,22.75,8.379275013196855
127,2020-12-31,CAT,180.25,182.10000610351562,178.75,171.58790588378906,1717800.0,3.0,1.8724299103931514,172.44924764142945,165.39288187517212,59.19009865408551,97.6111332385676,22.924336834833113,167.28927103678384,160.87921981811525,22.75,8.379275013196855
127,2020-12-31,CRM,222.27000427246094,222.7899932861328,220.1699981689453,222.52999877929688,6011100.0,3.0,-4.59218281083821,230.45907636296775,218.49792131769632,44.03291458066457,-61.36711371203063,29.35624282418535,233.00933380126952,242.6796666463216,22.75,8.379275013196855
127,2020-12-31,CSCO,44.380001068115234,44.84000015258789,44.15999984741211,40.8984260559082,15105500.0,3.0,0.6812823609317888,41.306326591675884,40.19441193371475,60.122487239494106,51.847731370987646,26.466234486193272,40.0643118540446,37.715508206685385,22.75,8.379275013196855
127,2020-12-31,CVX,84.9000015258789,85.19999694824219,83.95999908447266,75.30706787109375,8350700.0,3.0,-0.12135109354353801,84.20024671732692,73.23389482320043,50.72977980732635,-104.07824993802355,4.107920321450542,78.94476267496745,72.28915615081787,22.75,8.379275013196855
127,2020-12-31,DIS,181.22000122070312,183.39999389648438,180.27000427246094,181.17999267578125,7073500.0,3.0,8.849684867275954,188.8936633241667,148.04133576030597,70.63527650700367,109.07190809797086,67.32278271107836,161.3596664428711,144.93366661071778,22.75,8.379275013196855
127,2020-12-31,GS,258.79998779296875,263.92999267578125,258.0,246.7516632080078,2043100.0,3.0,8.73684680954554,248.44789507939512,214.77083050654235,67.53968078587515,151.46195556511748,65.99395049699574,226.1682871500651,209.0004404703776,22.75,8.379275013196855
127,2020-12-31,HD,265.57000732421875,265.95001220703125,263.5799865722656,248.58616638183594,2607900.0,3.0,-1.0452290029606672,256.2328993984421,244.18500831640162,46.288994200139136,-88.36919992471623,21.075396353473984,251.56482950846353,256.091232808431,22.75,8.379275013196855
127,2020-12-31,HON,211.0,213.0,209.6699981689453,201.6415252685547,1406400.0,3.0,2.7072440801674134,203.5073881342767,196.74773118945376,62.03924845925768,69.3919590547581,17.601469956336278,198.30990804036458,184.06739959716796,22.75,8.379275013196855
127,2020-12-31,IBM,118.75717163085938,120.4875717163086,118.53728485107422,105.1795883178711,3738822.0,3.0,0.848292264529988,106.23386484620782,102.49429219724921,55.29879002630848,58.25762566640992,15.707051582940105,103.42296880086263,100.43939297993978,22.75,8.379275013196855
127,2020-12-31,INTC,48.75,50.189998626708984,48.720001220703125,45.791812896728516,28576800.0,3.0,0.026838344636018974,48.63050331351574,41.95125404122059,52.39770017530264,39.92427852224467,23.216646540239584,44.6382859547933,44.60451234181722,22.75,8.379275013196855
127,2020-12-31,JNJ,156.52999877929688,157.66000366210938,155.11000061035156,146.3384246826172,5099900.0,3.0,2.0689468380750213,145.89285459718815,137.37769593992124,61.4764525293083,147.62777932386177,41.33097934840272,139.47487080891926,136.73789253234864,22.75,8.379275013196855
127,2020-12-31,JPM,125.08999633789062,127.33000183105469,124.81999969482422,116.68616485595703,8580200.0,3.0,2.5631431604670354,116.77997543339629,107.64553573603732,63.03372950150577,158.16111828523634,53.031673339375295,111.21779607137044,103.48524347941081,22.75,8.379275013196855
127,2020-12-31,KO,54.45000076293945,54.93000030517578,54.27000045776367,50.455589294433594,8495000.0,3.0,0.5481699841340415,50.26381977193276,48.12365886576255,60.79343109898635,204.6189215617022,19.88855790459253,48.829611206054686,47.499281311035155,22.75,8.379275013196855
127,2020-12-31,MCD,211.25,214.92999267578125,210.77999877929688,201.84140014648438,2610900.0,3.0,-0.27597551613783367,203.54804480316443,194.69789025542934,51.17731816816831,5.28459830565199,7.16012161622276,200.30391591389974,203.4363545735677,22.75,8.379275013196855
127,2020-12-31,MMM,174.1199951171875,174.8699951171875,173.17999267578125,155.66810607910156,1841300.0,3.0,0.949970930935848,157.86754272856098,152.27080108247418,55.43991439228943,15.242163447136653,7.37760716586608,154.87873331705728,151.05666173299153,22.75,8.379275013196855
127,2020-12-31,MRK,76.94656372070312,78.18701934814453,76.69847106933594,71.50029754638672,5511118.0,3.0,0.149136209739396,72.63273613481637,68.69110801191214,54.31642354899334,39.182378143625726,5.978904181205316,70.38461786905924,69.59101829528808,22.75,8.379275013196855
127,2020-12-31,MSFT,221.6999969482422,223.0,219.67999267578125,217.0425262451172,20942100.0,3.0,2.503509627570935,221.88394961313907,203.92712216420466,55.254556238649435,90.01749806387285,13.176882247580114,211.30535125732422,209.96178665161133,22.75,8.379275013196855
127,2020-12-31,NKE,141.6999969482422,141.7899932861328,140.3699951171875,137.6105499267578,2949900.0,3.0,2.3610506148786783,140.33971483112512,131.45691297649208,61.68503796783946,78.81268362930552,31.671306358667646,133.98757807413736,129.0465960184733,22.75,8.379275013196855
127,2020-12-31,PG,138.30999755859375,139.2899932861328,137.38999938964844,129.9746856689453,4076400.0,3.0,-0.1597416339239146,130.27653876734112,126.43794258641866,51.99042967453742,45.76273369505535,5.391996498429997,128.83691584269206,130.46182467142742,22.75,8.379275013196855
127,2020-12-31,TRV,139.0800018310547,140.5399932861328,138.11000061035156,132.09603881835938,970200.0,3.0,2.0809393249476074,132.7006912461303,124.88745343770758,61.254138684037876,135.9397859817113,22.53598029400413,127.67511393229167,121.46040814717611,22.75,8.379275013196855
127,2020-12-31,UNH,345.0400085449219,351.0899963378906,344.04998779296875,337.5281982421875,1969000.0,3.0,1.9525213109866968,339.28995911840593,319.8081976198753,57.805710579985096,104.16401058773657,20.137051602981334,327.86375935872394,323.17390899658204,22.75,8.379275013196855
127,2020-12-31,V,218.39999389648438,219.82000732421875,216.1999969482422,214.51832580566406,5922200.0,3.0,2.2059942542766464,213.81785643711865,198.96685883387747,59.43699564494432,232.3671508340133,29.424278822537126,205.94432220458984,200.73210983276368,22.75,8.379275013196855
127,2020-12-31,VZ,58.060001373291016,58.79999923706055,58.02000045776367,49.63982391357422,12906300.0,3.0,-0.3498501859839749,52.59013646721177,48.82550073981948,46.77080624627979,-156.89479188020223,18.422304630465856,50.83850237528483,50.17117354075114,22.75,8.379275013196855
127,2020-12-31,WBA,39.33000183105469,40.0,39.029998779296875,35.06117630004883,7696000.0,3.0,0.007931861971556486,38.12321685039729,33.80495049274236,51.53186208928139,-23.389467355983747,0.40331560289584895,35.243753051757814,34.014464696248375,22.75,8.379275013196855
127,2020-12-31,WMT,144.1999969482422,144.27000427246094,142.85000610351562,138.1099090576172,5938000.0,3.0,-0.8211759471838036,143.15078190432084,136.50088130368695,49.32206021551632,-105.86279761534726,14.356118427540117,141.36514739990236,139.46405436197918,22.75,8.379275013196855
128,2021-01-04,AAPL,133.52000427246094,133.61000061035156,126.76000213623047,127.33170318603516,143301900.0,0.0,3.4068004234232205,135.21381547564056,116.77915403729888,56.61306003738957,64.57327402604821,8.436325560717533,122.87673848470052,118.87075907389323,26.969999313354492,37.684681701814455
128,2021-01-04,AMGN,231.25,231.25,223.6699981689453,207.60671997070312,3088200.0,0.0,-0.3893497648572577,213.30504125035813,203.13668848596998,48.078713667800514,28.931430303208767,1.0820542423210713,207.08892059326172,208.7530382792155,26.969999313354492,37.684681701814455
128,2021-01-04,AXP,121.30000305175781,121.80000305175781,116.8499984741211,113.5070571899414,3472100.0,0.0,0.8959918295742142,120.03166587822507,109.63165733344486,54.746508349113356,-8.299534881575934,3.6183398277886463,114.64463017781576,107.2855172475179,26.969999313354492,37.684681701814455
128,2021-01-04,BA,210.0,210.1999969482422,202.49000549316406,202.72000122070312,21225600.0,0.0,1.293101323143361,241.66128025275188,205.33571834343954,50.209208550310365,-132.990300238988,12.708437919278559,220.80533294677736,194.5638338724772,26.969999313354492,37.684681701814455
128,2021-01-04,CAT,183.0,185.97999572753906,180.25,171.71047973632812,4078300.0,0.0,1.9595008499538267,172.38441225487549,166.16661923926512,59.272591117640985,142.0277199632079,34.923782391222495,167.5849609375,161.32416203816732,26.969999313354492,37.684681701814455
128,2021-01-04,CRM,222.63999938964844,223.75,215.72000122070312,220.30999755859375,10319900.0,0.0,-4.6382775751457075,230.51422396849816,218.37677334595494,43.108927023720945,-70.2880611785278,36.757349953051424,231.78100026448567,242.01849975585938,26.969999313354492,37.684681701814455
128,2021-01-04,CSCO,44.310001373291016,44.369998931884766,43.349998474121094,40.50224685668945,24392500.0,0.0,0.6118030802886381,41.29036766287902,40.22924522164246,57.863994268349,8.962177746763787,8.084345567356646,40.15559883117676,37.79039738972982,26.969999313354492,37.684681701814455
128,2021-01-04,CVX,85.1500015258789,85.94999694824219,83.88999938964844,75.53893280029297,9234900.0,0.0,-0.21344514797527836,84.11017265136022,72.87007560913784,51.02248205699419,-94.66129899396967,0.6031207085023862,78.95754419962564,72.46750151316324,26.969999313354492,37.684681701814455
128,2021-01-04,DIS,182.25999450683594,182.58999633789062,174.72999572753906,177.67999267578125,13426600.0,0.0,8.480466643854726,189.18288022651615,150.19611757621823,67.3353906042361,85.3794231988098,43.57094774256453,162.48566640218098,145.84649976094565,26.969999313354492,37.684681701814455
128,2021-01-04,GS,267.0,267.5799865722656,260.1600036621094,247.958740234375,3572000.0,0.0,8.931150921525358,250.45456002034342,215.52726676188314,67.96833105419142,153.7900668259637,69.10413295584453,227.47563578287762,209.97517929077148,26.969999313354492,37.684681701814455
128,2021-01-04,HD,266.010009765625,266.44000244140625,261.05999755859375,246.99520874023438,5002000.0,0.0,-1.2722956589655894,256.19081974186264,243.83215236507098,45.16197468891867,-104.28126983502838,27.490623539791542,251.42611287434895,255.820822652181,26.969999313354492,37.684681701814455
128,2021-01-04,HON,212.83999633789062,213.00999450683594,206.36000061035156,197.1384735107422,2328900.0,0.0,2.314455513251204,203.53980250426716,196.68972020081097,57.87683084284553,-7.313250295270521,1.8067818745925734,198.52605336507162,184.6551737467448,26.969999313354492,37.684681701814455
128,2021-01-04,IBM,120.31549072265625,120.38240814208984,117.62906646728516,103.55860900878906,5417443.0,0.0,0.7413877424903035,106.21791430448033,102.5378161337521,52.68102304206048,15.182764937577776,8.477879264652197,103.62266616821289,100.46227836608887,26.969999313354492,37.684681701814455
128,2021-01-04,INTC,49.88999938964844,51.38999938964844,49.400001525878906,45.653934478759766,46102500.0,0.0,0.10772669371012,48.49245685893602,41.9679725233882,52.04722964341846,58.6900697024334,30.230511592772093,44.779527537027995,44.56438134511312,26.969999313354492,37.684681701814455
128,2021-01-04,JNJ,157.24000549316406,157.3800048828125,154.1300048828125,145.52017211914062,11765900.0,0.0,2.1336054660808657,146.3179781082496,137.64995554653555,60.068933918700125,122.4251260019224,32.883638859745425,139.78937377929688,136.88729489644368,26.969999313354492,37.684681701814455
128,2021-01-04,JPM,127.5,127.86000061035156,124.77999877929688,115.584228515625,16819900.0,0.0,2.5289461729831544,117.21064242189395,107.64003430540096,61.46003752027052,143.16359907481802,54.3864399997577,111.54286778767904,103.8853084564209,26.969999313354492,37.684681701814455
128,2021-01-04,KO,54.27000045776367,54.630001068115234,52.029998779296875,48.5418815612793,25611100.0,0.0,0.4331109276164682,50.26522215954265,48.120416268191725,52.6726277703773,2.208328011133691,15.498795767034043,48.846763865152994,47.55426305135091,26.969999313354492,37.684681701814455
128,2021-01-04,MCD,214.49000549316406,214.72000122070312,208.22000122070312,197.74024963378906,4055400.0,0.0,-0.4433076336476063,203.5302154621948,194.59438170577397,46.86447127172769,-51.088997095349946,3.393159933729851,200.17766469319662,203.20242131551106,26.969999313354492,37.684681701814455
128,2021-01-04,MMM,175.0,176.1999969482422,170.5500030517578,153.06752014160156,2996200.0,0.0,0.6967887021900196,157.86390821797326,152.27799394267126,51.88166401302806,-53.47570949761519,8.079854028636872,154.9363240559896,151.15771306355794,26.969999313354492,37.684681701814455
128,2021-01-04,MRK,78.24427795410156,78.33015441894531,76.22137451171875,70.76605987548828,10502637.0,0.0,0.16057595801989066,72.63971192840131,68.69708387848345,51.86188020678799,11.811293397737515,0.4593844865198309,70.42362442016602,69.61355692545573,26.969999313354492,37.684681701814455
128,2021-01-04,MSFT,222.52999877929688,223.0,214.80999755859375,212.42691040039062,37130100.0,0.0,2.057541328721328,221.87318690940995,204.27454410865644,51.65118250540485,32.36821230013579,4.367433948633966,211.52035725911458,210.09853083292643,26.969999313354492,37.684681701814455
128,2021-01-04,NKE,142.85000610351562,142.97000122070312,138.32000732421875,136.27792358398438,6178500.0,0.0,2.1341152527250813,140.2855131719798,131.8432999994069,59.523667178494605,57.59357723198489,16.633614388851598,134.2707784016927,129.21359825134277,26.969999313354492,37.684681701814455
128,2021-01-04,PG,139.66000366210938,139.86000061035156,136.35000610351562,128.74163818359375,8330900.0,0.0,-0.15565824389324234,130.30627313644789,126.45304922072984,49.61010733488401,11.826913922023747,3.9881218560018,128.77837702433268,130.4290823618571,26.969999313354492,37.684681701814455
128,2021-01-04,TRV,140.6300048828125,140.66000366210938,134.32000732421875,127.6542739868164,1559700.0,0.0,1.743064735822884,132.6335279317849,125.08720647373269,55.39304856970613,35.69700210049431,5.073347499301849,127.74175364176432,121.8143258412679,26.969999313354492,37.684681701814455
128,2021-01-04,UNH,351.45001220703125,352.0799865722656,340.3800048828125,336.3924560546875,4203800.0,0.0,2.289350165409701,339.6361006041386,319.66129624644736,57.14597227819233,85.9053325875951,10.947439745772265,328.0634806315104,323.61486968994143,26.969999313354492,37.684681701814455
128,2021-01-04,V,220.25,220.25,214.24000549316406,213.56700134277344,10318300.0,0.0,2.4680007700083877,214.85971287322258,198.87730494904304,58.5515646617643,184.7896441411311,21.814490986135905,206.26894836425782,200.9870157877604,26.969999313354492,37.684681701814455
128,2021-01-04,VZ,58.959999084472656,59.150001525878906,58.439998626708984,49.72431945800781,19129800.0,0.0,-0.3492503025508711,52.384680969411434,48.78677021772235,47.257105872344205,-116.27256369879613,9.133184074246925,50.79710070292155,50.16931470235189,26.969999313354492,37.684681701814455
128,2021-01-04,WBA,40.16999816894531,41.560001373291016,39.939998626708984,36.39751434326172,9101800.0,0.0,0.10523159120467085,37.923914830789656,33.879410822286516,54.99771875750789,41.19832205226567,18.650593041108852,35.3366517384847,34.09268906911214,26.969999313354492,37.684681701814455
128,2021-01-04,WMT,144.3000030517578,146.88999938964844,144.27999877929688,140.39015197753906,10727400.0,0.0,-0.6419851691919121,142.80832863941177,136.63003958568586,53.03749210900198,-46.030133188044914,8.05620232312255,141.30073140462238,139.56230951944988,26.969999313354492,37.684681701814455
129,2021-01-05,AAPL,128.88999938964844,131.74000549316406,128.42999267578125,128.90599060058594,97664900.0,1.0,3.1825089056628713,135.3210294648397,117.53387165820718,57.831319145291246,65.39464184244022,8.43632556071754,123.28245010375977,119.1370460510254,25.34000015258789,16.96481993153795
129,2021-01-05,AMGN,226.94000244140625,228.89999389648438,224.35000610351562,208.61427307128906,2494000.0,1.0,-0.2796715650914905,213.17829512026034,203.13062211606777,48.860457487159096,21.41663536546789,1.0820542423210602,207.18326263427736,208.58954213460285,25.34000015258789,16.96481993153795
129,2021-01-05,AXP,118.26000213623047,119.27999877929688,117.0999984741211,114.11286926269531,2112700.0,1.0,0.8373843849392415,119.0641067624618,109.98667830223546,55.30698343494076,-32.71324315685964,3.618339827788647,114.7898317972819,107.48761329650878,25.34000015258789,16.96481993153795
129,2021-01-05,BA,204.74000549316406,213.35000610351562,204.60000610351562,211.6300048828125,19338300.0,1.0,0.8217047240238742,240.80207256978463,204.0869258433013,53.611863219450996,-96.9497804634919,6.689238940568554,221.00399983723958,195.2910006205241,25.34000015258789,16.96481993153795
129,2021-01-05,CAT,181.2100067138672,185.8000030517578,181.2100067138672,173.1150665283203,2933700.0,1.0,2.117435138145197,172.72564867496743,165.96018811702476,60.225663045737505,158.0876017259273,34.92378239122249,167.9224426269531,161.76299947102865,25.34000015258789,16.96481993153795
129,2021-01-05,CRM,219.49000549316406,223.0,217.99000549316406,221.52000427246094,8657200.0,1.0,-4.525009090518068,230.39386391684363,218.06313376382045,43.77417316527878,-64.73341512091959,36.757349953051424,230.34333394368488,241.373499806722,25.34000015258789,16.96481993153795
129,2021-01-05,CSCO,43.68000030517578,44.06999969482422,43.380001068115234,40.52067947387695,17763700.0,1.0,0.5518660397850041,41.291807329531906,40.223845899227854,57.940039022558054,-5.1316818551810695,8.084345567356651,40.2520699818929,37.859653282165525,25.34000015258789,16.96481993153795
129,2021-01-05,CVX,85.48999786376953,89.22000122070312,85.31999969482422,77.58100891113281,13414800.0,1.0,-0.12026552767132159,83.38662079603604,73.0336192247159,53.53729762541834,-38.695966808526904,17.91511375369766,78.99529444376627,72.65879001617432,25.34000015258789,16.96481993153795
129,2021-01-05,DIS,176.1999969482422,180.33999633789062,176.1999969482422,178.44000244140625,7771800.0,1.0,8.155177172120375,189.31628857383055,152.4927095340796,67.67462140657544,80.3262123436786,43.57094774256451,163.70966644287108,146.7689998626709,25.34000015258789,16.96481993153795
129,2021-01-05,GS,263.8800048828125,273.5,262.57000732421875,253.5073699951172,4207100.0,1.0,9.424229726109814,253.64534042005099,215.2698832737967,69.8609119023489,165.8343464401027,73.33278202702654,228.95956370035807,210.97446060180664,25.34000015258789,16.96481993153795
129,2021-01-05,HD,262.6600036621094,266.5299987792969,262.260009765625,248.98855590820312,3822600.0,1.0,-1.2766843400549135,256.152070450422,244.0636873010428,46.839579569078396,-75.27523451951839,27.09623688632589,251.31971232096353,255.55679728190105,25.34000015258789,16.96481993153795
129,2021-01-05,HON,206.97999572753906,210.19000244140625,206.97999572753906,197.62197875976562,2172100.0,1.0,2.0189098409369137,203.4349576242402,196.39450404568169,58.188427746092536,-34.71203125392306,1.8067818745925692,198.7074396769206,185.21593602498373,25.34000015258789,16.96481993153795
129,2021-01-05,IBM,119.5124282836914,121.1089859008789,119.13002014160156,105.3968276977539,6395872.0,1.0,0.7958203030605091,106.01655406227258,102.65060902366491,55.17057659551572,86.35670865203475,13.11987456167813,103.87221832275391,100.4139476776123,25.34000015258789,16.96481993153795
129,2021-01-05,INTC,49.45000076293945,50.83000183105469,49.33000183105469,46.517940521240234,24866600.0,1.0,0.2387966606901628,48.26499328335009,42.06859436313429,54.04002547651712,58.56268255087815,29.492922167223984,44.93241208394368,44.5280044555664,25.34000015258789,16.96481993153795
129,2021-01-05,JNJ,156.25,158.75999450683594,155.07000732421875,147.23109436035156,9602300.0,1.0,2.296433168619899,147.14612599607477,137.57219370607368,61.953147939266096,141.13482465927973,38.42366486341695,140.16798655192056,137.04966875712077,25.34000015258789,16.96481993153795
129,2021-01-05,JPM,124.98999786376953,126.30000305175781,123.7699966430664,116.2131576538086,13731200.0,1.0,2.5235047473966716,117.69434689400224,107.54337664725752,62.01988721449932,115.49891066958816,45.81837438084807,111.87941513061523,104.2644812266032,25.34000015258789,16.96481993153795
129,2021-01-05,KO,52.33000183105469,52.619998931884766,52.029998779296875,48.00825119018555,20323800.0,1.0,0.2954604015668352,50.29689927820104,47.93509039159876,50.71830950333176,-109.69913287087063,15.498795767034043,48.830305353800455,47.58665758768718,25.34000015258789,16.96481993153795
129,2021-01-05,MCD,210.17999267578125,211.9499969482422,209.6199951171875,198.9254150390625,2576100.0,1.0,-0.4748132474166482,203.54851275061793,194.64568738365944,48.17022816993167,-49.53019652206646,3.393159933729856,200.10369771321615,202.99883880615235,25.34000015258789,16.96481993153795
129,2021-01-05,MMM,172.00999450683594,173.25,170.64999389648438,152.8092498779297,2295300.0,1.0,0.46988318909407667,157.9319674067112,152.13156103567158,51.541804037594886,-112.11869295470427,8.079854028636861,154.93543192545573,151.23650665283202,25.34000015258789,16.96481993153795
129,2021-01-05,MRK,76.97518920898438,77.6717529296875,76.25,70.88841247558594,10956526.0,1.0,0.17746911969450707,72.62530384215115,68.69418468323947,52.23397911884341,-2.787438633501667,0.45938448651982816,70.46266250610351,69.63177502950033,25.34000015258789,16.96481993153795
129,2021-01-05,MSFT,217.25999450683594,218.52000427246094,215.6999969482422,212.63180541992188,23823000.0,1.0,1.701033103787836,221.857468191091,204.63570197492461,51.79554467365775,9.939527849621255,4.367433948633958,211.6986068725586,210.22652359008788,25.34000015258789,16.96481993153795
129,2021-01-05,NKE,138.60000610351562,141.66000366210938,138.60000610351562,137.37709045410156,4163100.0,1.0,2.0196793175688015,140.33226056030193,132.18953051635825,60.69866020723379,54.01009965881372,16.6336143888516,134.58155670166016,129.40458221435546,25.34000015258789,16.96481993153795
129,2021-01-05,PG,137.99000549316406,138.9199981689453,136.27000427246094,129.5636749267578,6856400.0,1.0,-0.08510954291716644,130.4353130225275,126.43890801629084,51.15248086200554,10.825482726156027,4.68569835989907,128.7525327046712,130.3953322092692,25.34000015258789,16.96481993153795
129,2021-01-05,TRV,135.72000122070312,136.4499969482422,133.1199951171875,126.60028076171875,937700.0,1.0,1.3744049601667,132.67267324968924,124.9751897569026,54.12182793896616,-45.11962492225989,11.799607351447333,127.78884633382161,122.12231114705403,25.34000015258789,16.96481993153795
129,2021-01-05,UNH,348.69000244140625,351.3599853515625,344.4800109863281,331.86865234375,3160500.0,1.0,2.1662847249494916,338.8833660107839,319.9241168993724,54.579267562047306,74.77011102421127,10.947439745772284,328.3524881998698,323.9925816853841,25.34000015258789,16.96481993153795
129,2021-01-05,V,216.30999755859375,218.4600067138672,213.63999938964844,210.37954711914062,6869700.0,1.0,2.3908813126992357,215.069997057363,198.84649311597687,55.67674723237214,126.53657339057507,19.514934100303794,206.4958257039388,201.18047358194988,25.34000015258789,16.96481993153795
129,2021-01-05,VZ,58.86000061035156,59.09000015258789,58.459999084472656,49.49618911743164,16220000.0,1.0,-0.36299867970707567,52.19097940022092,48.72952688640017,46.0812587034409,-112.30031287324873,9.133184074246932,50.75119285583496,50.16072470347087,25.34000015258789,16.96481993153795
129,2021-01-05,WBA,41.5,42.040000915527344,40.77000045776367,36.18651580810547,7431000.0,1.0,0.1634325604067044,37.531131273517445,34.07438210844056,54.3627649011677,56.56949209089198,23.274132218235756,35.43365313212077,34.15899804433187,25.34000015258789,16.96481993153795
129,2021-01-05,WMT,146.60000610351562,147.07000732421875,144.49000549316406,139.64283752441406,8832700.0,1.0,-0.5538922918784408,142.46311300801233,136.72445870829625,51.75115175004402,-45.94719511643428,9.360864407694141,141.1149892171224,139.64063161214193,25.34000015258789,16.96481993153795
130,2021-01-06,AAPL,127.72000122070312,131.0500030517578,126.37999725341797,124.56681823730469,155088000.0,2.0,2.6243692213932803,135.2371805987005,117.89814349797919,53.54444071484189,31.718274679760924,0.5391568679929954,123.586159769694,119.29827194213867,25.06999969482422,46.126883982196404
130,2021-01-06,AMGN,225.0,233.52999877929688,225.0,213.6427764892578,3754800.0,2.0,0.2105799645355262,214.03873011661534,202.89302800106043,52.549028776288296,109.76544876359905,15.107536295242923,207.49101867675782,208.56125564575194,25.06999969482422,46.126883982196404
130,2021-01-06,AXP,121.0,124.7300033569336,120.80999755859375,118.33427429199219,5861500.0,2.0,1.1186742880900766,118.85166395889497,110.11449891341947,58.97007130515081,111.4437598205634,19.748596534990536,115.12574996948243,107.75557861328124,25.06999969482422,46.126883982196404
130,2021-01-06,BA,210.22000122070312,215.61000061035156,209.33999633789062,211.02999877929688,16202200.0,2.0,0.3951490130484103,238.54073237461594,203.63426609950514,53.35784307790239,-84.64458968476826,2.491370411388954,221.38433329264322,196.0193339029948,25.06999969482422,46.126883982196404
130,2021-01-06,CAT,187.14999389648438,197.27999877929688,186.14999389648438,182.7493438720703,8034700.0,2.0,2.9855888541709135,176.9106831002612,163.2033244680982,65.88961252476344,371.04814802652686,57.365078333079765,168.60211944580078,162.3268035888672,25.06999969482422,46.126883982196404
130,2021-01-06,CRM,218.0,220.4600067138672,215.77999877929688,216.14999389648438,9789800.0,2.0,-4.813075816708022,230.5654612652,216.73653611028826,41.54390952117022,-89.69349198743673,40.30639861743004,228.9470001220703,240.5429995218913,25.06999969482422,46.126883982196404
130,2021-01-06,CSCO,44.130001068115234,44.869998931884766,43.88999938964844,40.90764617919922,21823100.0,2.0,0.5294868872248486,41.30356435713846,40.249567890786345,59.52638441521298,41.895489724265396,21.037297728169474,40.367532602945964,37.9344446182251,25.06999969482422,46.126883982196404
130,2021-01-06,CVX,89.0,90.77999877929688,87.81999969482422,80.07786560058594,13916800.0,2.0,0.15328844668468378,83.2625057977598,73.07212860165426,56.370848919239094,17.534027898482805,24.611191586962047,79.11448974609375,72.90956211090088,25.06999969482422,46.126883982196404
130,2021-01-06,DIS,178.32000732421875,181.61000061035156,177.27999877929688,179.1199951171875,7517800.0,2.0,7.861628686383739,189.02675319673898,155.32624515531182,67.98238350024556,81.4890153901939,45.59401762237659,164.97799936930338,147.67133305867512,25.06999969482422,46.126883982196404
130,2021-01-06,GS,276.2900085449219,288.3800048828125,273.1000061035156,267.187255859375,6383500.0,2.0,10.794419345926059,260.03136366794087,213.29097825100442,73.80789495244217,218.9257978091187,80.50276786719685,230.9373336791992,212.20856424967448,25.06999969482422,46.126883982196404
130,2021-01-06,HD,264.05999755859375,269.7699890136719,261.8699951171875,250.41114807128906,3949200.0,2.0,-1.152090520604645,256.0320471508613,244.6450997607598,48.01371285360523,-43.67941216034221,13.575198985153063,251.29548034667968,255.294761912028,25.06999969482422,46.126883982196404
130,2021-01-06,HON,209.4499969482422,213.97999572753906,209.22999572753906,201.22438049316406,2747900.0,2.0,2.0517205226604744,203.53777589867818,196.4016497605015,60.443714671510946,69.27940963170151,16.482919247132003,199.0316584269206,185.82730255126953,25.06999969482422,46.126883982196404
130,2021-01-06,IBM,121.3193130493164,126.08030700683594,121.14722442626953,108.02880859375,8322708.0,2.0,1.0393563088509552,106.8807854645085,102.16989660336259,58.411496041505956,283.76875766603985,36.628451984013076,104.2161875406901,100.4602725982666,25.06999969482422,46.126883982196404
130,2021-01-06,INTC,50.439998626708984,52.150001525878906,50.20000076293945,46.968318939208984,36809600.0,2.0,0.37469309937925743,48.38227802479807,42.03403247630057,55.04739320397714,91.62039198873667,36.71771603265163,45.10735600789388,44.50749848683675,25.06999969482422,46.126883982196404
130,2021-01-06,JNJ,157.24000549316406,160.22999572753906,156.72000122070312,148.61656188964844,8230100.0,2.0,2.5083561781471246,148.0582298807475,137.66990122276815,63.39988982530273,160.5701233895968,43.71406873253329,140.61679026285807,137.20312105814617,25.06999969482422,46.126883982196404
130,2021-01-06,JPM,129.8800048828125,132.77000427246094,127.87999725341797,121.67003631591797,24909100.0,2.0,2.9257901933032144,119.57970322706049,106.63299513719733,66.40071366418974,250.35937140260046,60.738843682358315,112.4281618754069,104.74347839355468,25.06999969482422,46.126883982196404
130,2021-01-06,KO,51.970001220703125,52.02000045776367,50.189998626708984,46.48097229003906,38724500.0,2.0,0.06241326346421516,50.667981373166356,47.3367557178981,45.698228336605936,-242.8790044725436,33.83123606433791,48.77693532307943,47.58827234903971,25.06999969482422,46.126883982196404
130,2021-01-06,MCD,211.3000030517578,211.7100067138672,209.02999877929688,198.47393798828125,3083400.0,2.0,-0.530101418979882,203.48860231784047,194.90407193753063,47.70821910396624,-57.17788296946268,5.835349560486274,200.04647471110027,202.8028485616048,25.06999969482422,46.126883982196404
130,2021-01-06,MMM,172.72000122070312,175.57000732421875,172.0399932861328,155.1337432861328,3346400.0,2.0,0.47218309385738166,157.59996115187658,152.82337106247888,54.327405475532586,-7.664746051850221,5.615901299283839,154.9740244547526,151.33064346313478,25.06999969482422,46.126883982196404
130,2021-01-06,MRK,76.88931274414062,78.95037841796875,76.63167572021484,72.00725555419922,10521396.0,2.0,0.27793450198201697,72.70085856539453,68.6637746133164,55.48873518832573,63.612465896170626,15.298765404821715,70.53726119995117,69.67037518819173,25.06999969482422,46.126883982196404
130,2021-01-06,MSFT,212.1699981689453,216.49000549316406,211.94000244140625,207.118408203125,35930700.0,2.0,0.9625173877132625,222.00187184082617,204.29222911132226,47.82091594415167,-59.61038654849658,15.87281842031899,211.7591074625651,210.17778956095378,25.06999969482422,46.126883982196404
130,2021-01-06,NKE,141.25,143.57000732421875,139.52999877929688,138.46656799316406,6072900.0,2.0,1.9939151342511252,140.57331104821367,132.29866313391523,61.8346674255287,84.07024932962938,25.671293773395938,134.89402770996094,129.59317626953126,25.06999969482422,46.126883982196404
130,2021-01-06,PG,138.77000427246094,141.0399932861328,138.60000610351562,130.927490234375,10578000.0,2.0,0.07992794868786746,130.84109606795758,126.26478848404437,53.59051864565923,165.79483745501042,13.18222768420862,128.779310353597,130.36464881896973,25.06999969482422,46.126883982196404
130,2021-01-06,TRV,136.1300048828125,139.13999938964844,135.4600067138672,130.90089416503906,1278900.0,2.0,1.4129750944882034,132.66342106266603,125.55297526912106,58.17348932457074,65.28035614960109,4.427756119467582,127.95809453328451,122.49870007832845,25.06999969482422,46.126883982196404
130,2021-01-06,UNH,337.1099853515625,359.489990234375,335.1099853515625,345.79595947265625,6561400.0,2.0,3.156189182450987,341.74271737424783,318.1629711023147,60.26343957223605,121.78745812260148,9.294721850137314,329.17926635742185,324.5156219482422,25.06999969482422,46.126883982196404
130,2021-01-06,V,213.8000030517578,216.1699981689453,212.07000732421875,208.5259552001953,7206200.0,2.0,2.155348692353698,215.06731725390011,198.8462310249085,54.07940813509255,72.79213048629543,13.520804244648746,206.78154907226562,201.2833028157552,25.06999969482422,46.126883982196404
130,2021-01-06,VZ,58.810001373291016,59.540000915527344,58.540000915527344,50.09608459472656,22678500.0,2.0,-0.3217785533107076,51.983384106696164,48.76306631749817,49.499444814667484,-73.74201831979849,2.1439450091905985,50.73006960550944,50.16016133626302,25.06999969482422,46.126883982196404
130,2021-01-06,WBA,42.209999084472656,43.43000030517578,41.869998931884766,37.83055877685547,12503300.0,2.0,0.33831785788229496,37.666564173609,33.99169960507752,58.24811827069337,125.83454601795052,34.75342992889103,35.59483400980631,34.26327867507935,25.06999969482422,46.126883982196404
130,2021-01-06,WMT,145.08999633789062,148.10000610351562,145.00999450683594,140.5146942138672,7306300.0,2.0,-0.409011671555362,142.3298246385771,136.77050495126664,53.12328124399521,-20.546474992806264,16.599443268235227,141.01813049316405,139.7108922322591,25.06999969482422,46.126883982196404
131,2021-01-07,AAPL,128.36000061035156,131.6300048828125,127.86000061035156,128.8174591064453,109578200.0,3.0,2.496255415912458,135.3807430524165,118.39808080012256,56.79030278285439,55.507808438290716,2.6826739997633577,124.14602228800456,119.40870691935221,22.3700008392334,29.045507446959494
131,2021-01-07,AMGN,231.86000061035156,235.3699951171875,231.47000122070312,214.34803771972656,2647800.0,3.0,0.6485405492717291,214.8462807370673,202.55077584252254,53.0404565824583,185.17148119218146,20.515612971715527,207.85128733317057,208.50211613972982,22.3700008392334,29.045507446959494
131,2021-01-07,AXP,124.0999984741211,125.69000244140625,117.3499984741211,117.39826202392578,8696600.0,3.0,1.2516420450936465,118.53395556162711,110.29437161732797,57.88189765893421,66.02688588587408,3.8545815213951555,115.31796112060547,108.00361633300781,22.3700008392334,29.045507446959494
131,2021-01-07,BA,213.38999938964844,216.60000610351562,211.77999877929688,212.7100067138672,14474100.0,3.0,0.19046754751428807,236.10971130332194,203.679287109764,53.98930184518661,-72.30560414821363,0.637153754802058,221.42366689046224,196.77533391316732,22.3700008392334,29.045507446959494
131,2021-01-07,CAT,196.85000610351562,197.3699951171875,192.1999969482422,183.09811401367188,5297500.0,3.0,3.6595645819636218,179.73274708478596,161.83205546648355,66.0705533676767,358.18128656697917,57.48793102555595,169.21329498291016,162.8391098022461,22.3700008392334,29.045507446959494
131,2021-01-07,CRM,217.02999877929688,220.66000366210938,216.5,217.97999572753906,8443100.0,3.0,-4.837936201795969,230.21555604275173,216.09844084445533,42.57533155765954,-85.30084741826649,39.54883071066511,227.6249994913737,239.7248326619466,22.3700008392334,29.045507446959494
131,2021-01-07,CSCO,44.20000076293945,45.11000061035156,44.16999816894531,41.42359161376953,18218800.0,3.0,0.5470773649029894,41.40938429044255,40.23099351717463,61.5277652254055,78.95749875539067,24.451532184271336,40.47978223164876,38.01006660461426,22.3700008392334,29.045507446959494
131,2021-01-07,CVX,90.38999938964844,90.81999969482422,89.30999755859375,80.45240020751953,9286600.0,3.0,0.39574188872259697,83.06044734484219,73.15647846692538,56.77985934860475,34.68843364749006,24.779383028322695,79.09041290283203,73.15910650889079,22.3700008392334,29.045507446959494
131,2021-01-07,DIS,179.5,179.9499969482422,177.5800018310547,178.5800018310547,7300800.0,3.0,7.4989729589340755,188.05999161725134,158.77900679583462,67.45479934440496,74.25748099424295,45.59401762237659,166.06466623942057,148.56483306884766,22.3700008392334,29.045507446959494
131,2021-01-07,GS,287.7699890136719,295.8900146484375,286.67999267578125,272.8949890136719,4009700.0,3.0,12.200234150444771,266.7052113925825,211.5585306728472,75.20919222019714,233.94452860579605,82.9727123118101,232.93536783854168,213.43573811848958,22.3700008392334,29.045507446959494
131,2021-01-07,HD,266.95001220703125,268.7799987792969,266.1700134277344,249.18511962890625,3833200.0,3.0,-1.1391478823011312,255.6853568556486,245.41667866681234,47.086522299207715,-27.555632943449414,13.575198985153067,251.18104909261066,254.9969347635905,22.3700008392334,29.045507446959494
131,2021-01-07,HON,212.88999938964844,214.00999450683594,210.8000030517578,201.55621337890625,2057300.0,3.0,2.0805164662049833,203.60295417162607,196.38766319897942,60.645990888597716,90.10927046386401,16.58840299430486,199.28540852864583,186.42878799438478,22.3700008392334,29.045507446959494
131,2021-01-07,IBM,124.32122039794922,124.7227554321289,122.61949920654297,107.77816009521484,4714740.0,3.0,1.198321603432106,107.42667470406694,101.89806971121625,57.99842295481424,261.87788681060965,36.62845198401308,104.46406860351563,100.51038157145182,22.3700008392334,29.045507446959494
131,2021-01-07,INTC,51.4900016784668,52.689998626708984,51.29999923706055,47.970184326171875,32092300.0,3.0,0.5568155468919258,48.632424586734594,41.92175822881716,57.2058706147333,125.29581439954251,39.43177263992008,45.29516792297363,44.487569363911945,22.3700008392334,29.045507446959494
131,2021-01-07,JNJ,159.0,161.02999877929688,158.35000610351562,149.11862182617188,7747200.0,3.0,2.6858578337883046,149.0800929555806,137.46815686131396,63.914277089689605,170.3997921153521,46.393426352542406,141.12820281982422,137.35155194600424,22.3700008392334,29.045507446959494
131,2021-01-07,JPM,135.69000244140625,138.19000244140625,134.9199981689453,125.66560363769531,21940400.0,3.0,3.526363474958046,122.32689656888401,105.24931497896755,69.10038147694779,327.5248016683193,68.50535017276889,113.0090830485026,105.27009061177571,22.3700008392334,29.045507446959494
131,2021-01-07,KO,50.09000015258789,50.2599983215332,49.52000045776367,45.96574020385742,53225700.0,3.0,-0.16198592298924552,51.004126852414565,46.704354364016105,44.172403071550896,-291.8794471960182,38.983784698472455,48.70608673095703,47.57703965504964,22.3700008392334,29.045507446959494
131,2021-01-07,MCD,213.22000122070312,213.22000122070312,210.55999755859375,199.39573669433594,3142000.0,3.0,-0.4938435207874363,203.38840818090597,195.3419507058128,48.746509678869224,-20.30834588628915,1.0108395826209304,199.929275004069,202.6022735595703,22.3700008392334,29.045507446959494
131,2021-01-07,MMM,171.55999755859375,173.4600067138672,166.16000366210938,151.15274047851562,5863400.0,3.0,0.1510311360830201,158.0150702767715,152.16423727938087,49.30585689369366,-199.23935803245732,21.37663834096796,154.84280802408855,151.36799494425455,22.3700008392334,29.045507446959494
131,2021-01-07,MRK,78.76908111572266,80.50572204589844,78.31106567382812,73.44075775146484,10447931.0,3.0,0.46783280296369867,73.03073219084558,68.46429039216224,59.175712268527896,164.05860415171003,29.648250264148917,70.66455739339193,69.7328670501709,22.3700008392334,29.045507446959494
131,2021-01-07,MSFT,214.0399932861328,219.33999633789062,213.7100067138672,213.01239013671875,27694500.0,3.0,0.8431145463151779,222.04393497427228,204.4726559070754,51.90259266082531,-0.2116491531390315,5.580807109235258,212.02518259684246,210.1366116841634,22.3700008392334,29.045507446959494
131,2021-01-07,NKE,143.1999969482422,145.63999938964844,143.0,140.99562072753906,5256900.0,3.0,2.152754637422447,141.29072906751964,132.148339535996,64.31186394836695,146.57905484358483,33.964824716433355,135.2535873413086,129.84851417541503,22.3700008392334,29.045507446959494
131,2021-01-07,PG,139.75,140.1300048828125,138.0399932861328,129.7038116455078,7355400.0,3.0,0.11070458090543411,130.93003568073593,126.25058031657855,51.21776003355422,92.37959250287591,7.9780847745686225,128.7821133931478,130.28926277160645,22.3700008392334,29.045507446959494
131,2021-01-07,TRV,139.52000427246094,139.72000122070312,137.72000122070312,130.8726806640625,1258100.0,3.0,1.4248409307648728,132.740170887055,125.91475770181218,58.13864422019906,93.39151107729514,7.521530961092425,128.1239097595215,122.86355311075846,22.3700008392334,29.045507446959494
131,2021-01-07,UNH,358.5400085449219,366.45001220703125,357.9200134277344,351.3399963378906,3366700.0,3.0,4.338046736039757,345.8605424464638,315.6977552830284,62.21087099805151,244.2843289109016,4.535107414527214,330.17933858235676,325.097016398112,22.3700008392334,29.045507446959494
131,2021-01-07,V,212.1999969482422,215.22000122070312,212.1999969482422,209.69305419921875,10967900.0,3.0,2.0393541242859214,215.17637542061968,198.8391702336772,54.921785709666494,70.2987879373836,13.520804244648724,206.96625569661458,201.4095006306966,22.3700008392334,29.045507446959494
131,2021-01-07,VZ,58.27000045776367,58.7599983215332,58.08000183105469,49.98336410522461,19079900.0,3.0,-0.2948085383073078,51.718783014854495,48.833889562049805,48.896902099625855,-101.41804039445685,8.219401592225067,50.69983736673991,50.15462125142415,22.3700008392334,29.045507446959494
131,2021-01-07,WBA,44.040000915527344,46.709999084472656,43.11000061035156,39.79109573364258,15553600.0,3.0,0.6278768896894107,38.491810531801406,33.45394103985387,62.21637653333539,228.21869263013517,52.6304622519342,35.80817832946777,34.39169136683146,22.3700008392334,29.045507446959494
131,2021-01-07,WMT,147.6199951171875,147.75999450683594,146.0399932861328,140.505126953125,6846000.0,3.0,-0.29160331265421746,141.85561547668087,137.02859472839728,53.10613698877731,-11.041387483866863,16.599443268235245,140.89899800618488,139.7576052347819,22.3700008392334,29.045507446959494
132,2021-01-08,AAPL,132.42999267578125,132.6300048828125,130.22999572753906,129.92929077148438,105158200.0,4.0,2.4561271208988273,135.29811435168415,119.49121441418498,57.59206824097305,72.45643148831569,6.400447488883736,124.69965235392253,119.5916961669922,21.559999465942383,24.215157054603804
132,2021-01-08,AMGN,235.52999877929688,238.86000061035156,235.10000610351562,218.44227600097656,2511100.0,4.0,1.3108871888169062,216.6054074071544,201.58301727546282,55.790124658979956,264.9608719317443,29.60785059027975,208.40176595052083,208.51379165649413,21.559999465942383,24.215157054603804
132,2021-01-08,AXP,122.06999969482422,122.19999694824219,119.5199966430664,117.51404571533203,2934500.0,4.0,1.3507916415465928,118.6303149491598,110.24772765337927,57.98111787137647,48.370026979623816,3.854581521395148,115.37620239257812,108.27922668457032,21.559999465942383,24.215157054603804
132,2021-01-08,BA,213.61000061035156,214.10000610351562,208.16000366210938,209.89999389648438,14144000.0,4.0,-0.19622656102893643,234.52294508115585,203.05005296571915,52.75353048415016,-93.35825335920258,7.199477834536025,221.13733317057293,197.5713338216146,21.559999465942383,24.215157054603804
132,2021-01-08,CAT,193.85000610351562,195.25999450683594,191.32000732421875,183.1264190673828,3186600.0,4.0,4.14816175666175,181.94311638274817,160.9593585928378,66.0856569966015,271.0558067518256,52.883291432121524,169.75879720052083,163.35954004923502,21.559999465942383,24.215157054603804
132,2021-01-08,CRM,220.0,222.32000732421875,219.22000122070312,222.0399932861328,7301700.0,4.0,-4.478406086272798,230.20575480303995,216.2552406803585,44.81025441101618,-60.32971217864988,33.16917596085222,226.3316660563151,238.97833277384441,21.559999465942383,24.215157054603804
132,2021-01-08,CSCO,44.47999954223633,45.40999984741211,44.25,41.51573181152344,20936300.0,4.0,0.5619747935040849,41.52022625454068,40.187366518896816,61.87604185731552,99.11456080985833,28.577950154975458,40.56555277506511,38.09560209910075,21.559999465942383,24.215157054603804
132,2021-01-08,CVX,92.08000183105469,92.43000030517578,90.44999694824219,81.21929931640625,11152100.0,4.0,0.6423655469971408,83.15672988872493,73.11726837177312,57.62139745871541,73.59328681823584,31.367297036043702,78.95546417236328,73.43769041697185,21.559999465942383,24.215157054603804
132,2021-01-08,DIS,178.80999755859375,180.02000427246094,176.60000610351562,178.69000244140625,7894500.0,4.0,7.138157574904028,186.38327595593265,162.8817234337158,67.50793703004379,69.39317187706982,41.132510535021396,166.971332804362,149.3936663309733,21.559999465942383,24.215157054603804
132,2021-01-08,GS,292.0,292.2799987792969,285.05999755859375,271.4258728027344,2800800.0,4.0,13.045427542851087,271.82760389029477,210.85821764290836,74.15285281192833,193.5662007500074,77.77953805359682,234.61548309326173,214.68976643880208,21.559999465942383,24.215157054603804
132,2021-01-08,HD,267.3500061035156,270.7300109863281,267.0,251.83363342285156,3757700.0,4.0,-0.9047484427195513,255.78972387088686,245.64080286251158,49.27552462204395,12.07326997356875,5.832084025444437,251.09563852945965,254.68972880045573,21.559999465942383,24.215157054603804
132,2021-01-08,HON,212.8000030517578,213.41000366210938,207.6699981689453,199.1103515625,3278900.0,4.0,1.8842563173461144,203.47181925475113,196.3092873126317,58.37007945987085,3.987917238508576,2.1926312173487226,199.35303344726563,187.04942677815754,21.559999465942383,24.215157054603804
132,2021-01-08,IBM,122.9158706665039,123.63288879394531,121.39579010009766,107.393798828125,4891305.0,4.0,1.2785496778411556,107.70931884514664,101.76081283820298,57.3549984330379,180.93649723302417,26.96517778060783,104.57853927612305,100.58304799397787,21.559999465942383,24.215157054603804
132,2021-01-08,INTC,52.45000076293945,52.529998779296875,51.27000045776367,47.473854064941406,34625400.0,4.0,0.6535653006354138,48.83328286817204,41.86612585375179,55.8319548717823,110.38962116687755,39.07755543200979,45.43732922871907,44.46012840270996,21.559999465942383,24.215157054603804
132,2021-01-08,JNJ,160.50999450683594,161.10000610351562,159.8800048828125,148.81178283691406,8228900.0,4.0,2.7698408316998666,149.88569235946127,137.30786537979654,63.351363138533124,171.80130948514096,46.63107470944655,141.62938741048177,137.54842720031738,21.559999465942383,24.215157054603804
132,2021-01-08,JPM,135.97000122070312,136.35000610351562,134.1199951171875,125.8043212890625,12035100.0,4.0,3.9677774145407483,124.50012211062415,104.54070964596764,69.18929308602324,250.5622165989768,63.40518027672572,113.42780685424805,105.8244208017985,21.559999465942383,24.215157054603804
132,2021-01-08,KO,50.029998779296875,51.130001068115234,49.84000015258789,46.99619674682617,29674000.0,4.0,-0.2537495964354477,51.05165567859312,46.449813361323876,47.7798005837089,-188.0291446040517,25.42660229162171,48.65315450032552,47.596218299865725,21.559999465942383,24.215157054603804
132,2021-01-08,MCD,212.89999389648438,216.1199951171875,212.22999572753906,203.05484008789062,2639100.0,4.0,-0.1679142013982471,203.77664594746523,195.62908983134338,52.61044586679809,62.25619183851176,12.615630361066025,199.84957682291667,202.44335810343424,21.559999465942383,24.215157054603804
132,2021-01-08,MMM,169.1699981689453,169.5399932861328,164.61000061035156,148.3918914794922,4808100.0,4.0,-0.3225434647857526,158.84532108026872,150.56183529180157,46.23961548144929,-275.9148060917627,26.658464759068394,154.53228505452475,151.3890589396159,21.559999465942383,24.215157054603804
132,2021-01-08,MRK,80.50572204589844,80.50572204589844,78.76908111572266,72.57540893554688,9563105.0,4.0,0.5422514203779514,73.06972755953572,68.44400153592326,56.265282625934304,140.69960535700986,29.648250264148924,70.76705551147461,69.7758773803711,21.559999465942383,24.215157054603804
132,2021-01-08,MSFT,218.67999267578125,220.5800018310547,217.02999877929688,214.31024169921875,22956200.0,4.0,0.8434894869996867,221.86755178699718,205.4121341871239,52.744632764696604,33.69955569196289,1.3922236617858046,212.21254069010416,210.0933817545573,21.559999465942383,24.215157054603804
132,2021-01-08,NKE,145.5500030517578,146.82000732421875,144.89999389648438,142.357421875,3950500.0,4.0,2.361302435004575,142.225167731625,131.94927837433204,65.5571512029936,169.47952332423176,38.16889389998334,135.64009653727214,130.13075536092123,21.559999465942383,24.215157054603804
132,2021-01-08,PG,138.47000122070312,139.05999755859375,137.0,129.6477508544922,7448500.0,4.0,0.12908365038626357,131.01913839113507,126.38379968869891,51.110511603516024,36.28837707751096,1.0535707931751557,128.79705988566081,130.2172773996989,21.559999465942383,24.215157054603804
132,2021-01-08,TRV,139.2100067138672,139.77000427246094,137.89999389648438,131.41845703125,995100.0,4.0,1.4614377385548494,132.8934721704532,126.20751431025967,58.63447806372602,94.9671041693682,7.796595572578234,128.25305582682293,123.29439036051433,21.559999465942383,24.215157054603804
132,2021-01-08,UNH,367.0,367.489990234375,358.760009765625,349.761474609375,2947800.0,4.0,5.088645117505052,349.00402195672876,314.3810915686618,61.32562977328038,218.75677635262795,6.426355165371868,331.09642333984374,325.6289260864258,21.559999465942383,24.215157054603804
132,2021-01-08,V,214.1699981689453,216.1199951171875,212.75,211.3014678955078,6513000.0,4.0,2.0535411920360787,215.65071853880195,198.94052444215507,56.070646620927626,88.76698363977616,16.271525896238217,207.1548848470052,201.59645309448243,21.559999465942383,24.215157054603804
132,2021-01-08,VZ,58.22999954223633,58.36000061035156,57.369998931884766,49.35995864868164,28411600.0,4.0,-0.320048893019667,51.417702672587595,48.878006555928025,45.71328428280474,-132.7306382769447,21.380302399704934,50.637277857462564,50.141366704305014,21.559999465942383,24.215157054603804
132,2021-01-08,WBA,45.04999923706055,46.470001220703125,44.619998931884766,39.74713897705078,9895400.0,4.0,0.8440775649134267,39.14556832484984,33.102617023660905,62.07952611413202,223.0413926118485,52.6304622519342,36.00423266092936,34.53023182551066,21.559999465942383,24.215157054603804
132,2021-01-08,WMT,146.8800048828125,147.0,145.80999755859375,140.4859619140625,8159400.0,4.0,-0.19782242702834196,141.65133539852724,137.12748540225402,53.07064474544553,-17.966883701306717,14.270903462156332,140.76554311116536,139.7724973042806,21.559999465942383,24.215157054603804
133,2021-01-11,AAPL,129.19000244140625,130.1699981689453,128.5,126.90859985351562,100384500.0,0.0,2.1557307239886683,135.04302702997146,120.311083687802,54.737492782091216,32.840323451017746,0.6205387754310097,125.12438659667968,119.72286745707194,24.079999923706055,25.998151325187557
133,2021-01-11,AMGN,240.0,240.35000610351562,234.42999267578125,217.59963989257812,2600500.0,0.0,1.7476620209664873,217.94319804698753,201.10712696521952,55.103177617559396,236.87895411422056,33.10036457475295,208.9287363688151,208.53704783121745,24.079999923706055,25.998151325187557
133,2021-01-11,AXP,120.41999816894531,121.41000366210938,119.38999938964844,116.81927490234375,3311000.0,0.0,1.3576559996511577,118.5690366237011,110.27482095076181,57.14545618326039,27.942208440826644,3.2661354118876718,115.40519409179687,108.54646263122558,24.079999923706055,25.998151325187557
133,2021-01-11,BA,203.02999877929688,207.77999877929688,201.00999450683594,206.7899932861328,16770300.0,0.0,-0.7450470473397957,232.1819250597659,202.62707304814427,51.406359579379696,-131.96577386711687,18.55622266194777,220.77666625976562,198.2971669514974,24.079999923706055,25.998151325187557
133,2021-01-11,CAT,191.55999755859375,195.4600067138672,190.30999755859375,182.7493438720703,2540800.0,0.0,4.4536132397004735,183.6970581129663,160.6203872605689,65.68271469512072,218.8088602834511,47.58892668758308,170.3630599975586,163.85041681925455,24.079999923706055,25.998151325187557
133,2021-01-11,CRM,219.6300048828125,220.5800018310547,216.22999572753906,218.25,7199000.0,0.0,-4.44802262729209,230.32001139492982,215.67398427157408,43.187120995998974,-95.10257782502062,38.57592527400308,225.37933247884115,238.25199966430665,24.079999923706055,25.998151325187557
133,2021-01-11,CSCO,45.150001525878906,45.95000076293945,45.02000045776367,41.79213333129883,25058200.0,0.0,0.5892914209827111,41.68397490735985,40.15228760484718,62.91777679243808,174.1192724724977,35.37026731612373,40.66388765970866,38.18452574412028,24.079999923706055,25.998151325187557
133,2021-01-11,CVX,89.12000274658203,92.0999984741211,88.56999969482422,81.6829833984375,10635000.0,0.0,0.8652578493743022,82.78437528298305,73.33356981589391,58.13129666314399,60.78058282488191,18.421294046276202,78.93941268920898,73.7305934270223,24.079999923706055,25.998151325187557
133,2021-01-11,DIS,177.75,181.25999450683594,177.35000610351562,179.08999633789062,6461300.0,0.0,6.80602927915956,183.08228605784754,168.62271272144935,67.7062793062077,71.50624335589545,43.47530434528956,167.971332804362,150.2686663309733,24.079999923706055,25.998151325187557
133,2021-01-11,GS,286.79998779296875,295.0,284.20001220703125,274.93475341796875,2649700.0,0.0,13.838860961560215,276.9814389889216,210.3295137698675,75.01974506546968,180.36534502354698,78.85659953513893,236.4423395792643,215.9957613627116,24.079999923706055,25.998151325187557
133,2021-01-11,HD,267.4700012207031,273.3699951171875,267.260009765625,253.83645629882812,3764400.0,0.0,-0.5510222883515894,256.0818588745644,245.9495055663536,50.865640507111245,48.88194329091323,3.6720430067478973,251.05682322184245,254.4666325887044,24.079999923706055,25.998151325187557
133,2021-01-11,HON,208.11000061035156,209.6199951171875,207.8300018310547,197.5271759033203,2938900.0,0.0,1.5827250220110614,203.41295028500892,196.02592758364344,56.93925779964466,-72.80186063241058,2.19263121734872,199.37452189127603,187.61348444620768,24.079999923706055,25.998151325187557
133,2021-01-11,IBM,122.32313537597656,123.97705841064453,122.04589080810547,107.43558502197266,5859587.0,0.0,1.3301694361854857,108.08990512165086,101.68269695964797,57.4081387936594,182.12429260377962,28.48584162274575,104.70053024291992,100.6448802947998,24.079999923706055,25.998151325187557
133,2021-01-11,INTC,51.290000915527344,52.2400016784668,51.25,47.37274169921875,32925000.0,0.0,0.7138524084322313,48.99063828319633,41.82642142444527,55.550786486992564,100.55343878965847,38.82620513210503,45.574894714355466,44.43526070912679,24.079999923706055,25.998151325187557
133,2021-01-11,JNJ,160.55999755859375,161.32000732421875,158.77000427246094,148.1887969970703,7066200.0,0.0,2.7543774629911866,150.45942691481096,137.3961761125328,62.20074658595133,152.87976476654333,36.383479376272305,142.11569519042968,137.7389207204183,24.079999923706055,25.998151325187557
133,2021-01-11,JPM,134.5800018310547,138.1999969482422,134.11000061035156,127.68186950683594,15937900.0,0.0,4.418173636263646,126.759238398877,104.00559466997065,70.3825544514122,231.04241513591595,65.9525783142406,113.94860204060872,106.41861394246419,24.079999923706055,25.998151325187557
133,2021-01-11,KO,50.619998931884766,50.86000061035156,49.95000076293945,46.18655014038086,19304400.0,0.0,-0.38733967276717607,51.18971932473182,46.049534673070916,45.39557332910845,-185.18036014071004,25.426602291621712,48.58205871582031,47.6034241994222,24.079999923706055,25.998151325187557
133,2021-01-11,MCD,215.08999633789062,216.1199951171875,213.1199951171875,201.5121612548828,2545400.0,0.0,-0.033705619308761925,203.6732917185015,196.3146965627485,50.935685214751224,64.87431964080888,12.615630361066026,199.72998962402343,202.25452397664387,24.079999923706055,25.998151325187557
133,2021-01-11,MMM,166.10000610351562,167.13999938964844,165.0,147.1272430419922,2736600.0,0.0,-0.7907856232750987,159.68762771729675,148.98122299071107,44.916007450184765,-265.7570734946841,26.658464759068412,154.1784200032552,151.36299819946288,24.079999923706055,25.998151325187557
133,2021-01-11,MRK,79.67557525634766,81.67938995361328,79.43701934814453,74.29736328125,13488179.0,0.0,0.7317409810249558,73.63365258770206,68.11260366840146,60.28606205816959,197.8055991050887,38.615361181957944,70.92926534016927,69.85047772725423,24.079999923706055,25.998151325187557
133,2021-01-11,MSFT,218.47000122070312,218.91000366210938,216.72999572753906,212.2317352294922,23031300.0,0.0,0.6683640442301737,221.28995826191488,206.66987755351482,51.25793786011231,4.876377947237649,2.3936660162472845,212.33028971354167,210.0479527791341,24.079999923706055,25.998151325187557
133,2021-01-11,NKE,146.0,147.10000610351562,144.8000030517578,143.038330078125,4252000.0,0.0,2.552102618145824,143.09064298821545,132.0049701099291,66.16777588332229,162.32679903416093,39.151499658186765,136.0221211751302,130.4492614746094,24.079999923706055,25.998151325187557
133,2021-01-11,PG,138.75,139.44000244140625,137.60000610351562,128.7696533203125,7239900.0,0.0,0.0719645009521912,130.90316596875297,126.71835884203804,49.433266754172465,40.72635947478958,2.143439475964385,128.77121658325194,130.13328946431477,24.079999923706055,25.998151325187557
133,2021-01-11,TRV,138.67999267578125,139.35000610351562,137.22000122070312,129.329345703125,1017200.0,0.0,1.3068031345677582,132.9026443217786,126.26609576000853,56.00759976674641,53.963202677935385,3.328863103806335,128.32409845987956,123.703812789917,24.079999923706055,25.998151325187557
133,2021-01-11,UNH,362.6199951171875,364.2900085449219,359.19000244140625,347.22052001953125,2695100.0,0.0,5.4160332825115916,351.18216958088516,314.2338155265367,59.906127184491176,184.45230818946013,6.426355165371862,332.0189595540365,326.27145334879555,24.079999923706055,25.998151325187557
133,2021-01-11,V,213.9600067138672,214.86000061035156,212.47999572753906,208.790771484375,7353100.0,0.0,1.840970762837884,215.74844186398298,199.3606325378725,53.85428456556238,52.03481899822282,15.097451868685575,207.22026824951172,201.77616170247396,24.079999923706055,25.998151325187557
133,2021-01-11,VZ,57.75,58.04999923706055,57.290000915527344,49.069602966308594,15688000.0,0.0,-0.3593390955275453,51.31421205214162,48.77576673814158,44.322850683571204,-135.0203125406545,22.715090196504928,50.57151730855306,50.136369450887045,24.079999923706055,25.998151325187557
133,2021-01-11,WBA,45.72999954223633,47.84000015258789,45.58000183105469,41.93626403808594,11220900.0,0.0,1.178477499773635,40.37653773743399,32.403543439323826,65.93931048246034,258.69409472500814,58.10864019906473,36.25713958740234,34.709167671203616,24.079999923706055,25.998151325187557
133,2021-01-11,WMT,146.0,147.99000549316406,146.0,141.1182861328125,8754800.0,0.0,-0.07165116953484585,141.6987743944373,137.1039996534143,54.117270338244936,7.497431951430366,21.48559952891,140.63821055094402,139.83436177571613,24.079999923706055,25.998151325187557
134,2021-01-12,AAPL,128.5,129.69000244140625,126.86000061035156,126.73149871826172,91951100.0,1.0,1.881682963779653,134.55007032115577,121.43278032581686,54.573434390217805,15.959533869862964,6.849319637039036,125.52485046386718,119.85894495646158,23.329999923706055,17.562142762384532
134,2021-01-12,AMGN,237.1199951171875,238.77999877929688,235.35000610351562,216.7020263671875,1771500.0,1.0,1.9983436507281453,218.9258543268607,200.96622178397917,54.365507901192515,199.1081219147936,33.10036457475295,209.28839518229168,208.585373433431,23.329999923706055,17.562142762384532
134,2021-01-12,AXP,122.0,122.31999969482422,120.72000122070312,117.35966491699219,2671300.0,1.0,1.3906702301078724,118.83183824237229,110.18668974224686,57.63672862650124,58.02130758847167,7.200683273050239,115.45187861124674,108.82879536946615,23.329999923706055,17.562142762384532
134,2021-01-12,BA,206.64999389648438,209.05999755859375,204.80999755859375,208.41000366210938,12836200.0,1.0,-1.0373124462537078,230.2789681974498,202.33803009356583,52.06598225375432,-107.52557617679223,15.843277973049826,220.50699971516926,199.0333335876465,23.329999923706055,17.562142762384532
134,2021-01-12,CAT,194.67999267578125,198.0,193.30999755859375,186.2184295654297,2466100.0,1.0,4.918909833121859,186.04014000659492,159.99770789379568,67.56489522252643,222.01643075598068,52.05257353675117,171.06881815592448,164.37678120930988,23.329999923706055,17.562142762384532
134,2021-01-12,CRM,218.0,218.3000030517578,214.08999633789062,215.52000427246094,10736000.0,1.0,-4.591305643366809,230.70338591711632,214.60061035973914,42.05208120489756,-131.61152004193028,42.1562406799465,224.30899912516276,237.54866638183594,23.329999923706055,17.562142762384532
134,2021-01-12,CSCO,45.29999923706055,45.93000030517578,44.959999084472656,42.18830490112305,20145000.0,1.0,0.635581195420805,41.92990605514837,40.07464335281062,64.36169445252366,189.11035607355876,33.858234802076055,40.769335428873696,38.27883345286052,23.329999923706055,17.562142762384532
134,2021-01-12,CVX,92.66000366210938,93.91999816894531,91.70999908447266,83.23460388183594,10923900.0,1.0,1.1538040752756729,82.98943610620653,73.2078745322212,59.80543599215002,121.7909060112729,25.9709697278761,78.99975331624348,74.04115454355876,23.329999923706055,17.562142762384532
134,2021-01-12,DIS,177.3000030517578,178.32000732421875,174.86000061035156,175.99000549316406,8349800.0,1.0,6.2209604982515145,183.0957528868221,168.63624631972087,64.54730270582698,51.24125632619804,32.183064218271106,168.93333282470704,151.07916641235352,23.329999923706055,17.562142762384532
134,2021-01-12,GS,297.1400146484375,303.9800109863281,296.0199890136719,282.7759094238281,4814400.0,1.0,14.928294336098219,282.9029453797238,210.22989611197542,76.8171813455483,199.39350518892132,81.94513821372622,238.56593170166016,217.4732348124186,23.329999923706055,17.562142762384532
134,2021-01-12,HD,271.1099853515625,277.94000244140625,270.6499938964844,258.6093444824219,4030900.0,1.0,0.11313626078012362,257.4020083714005,245.73181273455654,54.390399702096964,140.21056062587454,17.39859865839308,251.11412200927734,254.31610260009765,23.329999923706055,17.562142762384532
134,2021-01-12,HON,207.86000061035156,209.47999572753906,205.25999450683594,198.02012634277344,2498800.0,1.0,1.3677694835481304,202.7595658902961,196.1342039461297,57.276590571901714,-101.24874522141657,8.417238959164788,199.35777384440104,188.19928283691405,23.329999923706055,17.562142762384532
134,2021-01-12,IBM,123.41300201416016,124.13957977294922,122.3135757446289,107.96198272705078,3921663.0,1.0,1.3974454804650662,108.53394811337974,101.65141870790931,58.088738141648484,177.31973082784702,29.229641768116245,104.83588994344076,100.72989908854167,23.329999923706055,17.562142762384532
134,2021-01-12,INTC,51.900001525878906,53.849998474121094,51.560001373291016,48.9352912902832,39883900.0,1.0,0.8775986578914896,49.48410332306063,41.65557677642668,58.862652312382046,148.18451460675664,47.05926211528861,45.75228983561198,44.43187287648519,23.329999923706055,17.562142762384532
134,2021-01-12,JNJ,159.14999389648438,159.66000366210938,157.3300018310547,147.03579711914062,6903200.0,1.0,2.618896172880426,150.78957820633448,137.54768528243503,60.11049156409361,112.44893963804675,24.33346175552862,142.55364990234375,137.92420285542806,23.329999923706055,17.562142762384532
134,2021-01-12,JPM,139.44000244140625,141.66000366210938,138.8300018310547,129.6888885498047,18033500.0,1.0,4.880802695043897,129.09620873851202,103.65852606373409,71.59888860886134,245.0761629557985,70.11210222608389,114.56109110514323,107.02330042521159,23.329999923706055,17.562142762384532
134,2021-01-12,KO,50.040000915527344,50.369998931884766,49.7599983215332,46.10375213623047,18538700.0,1.0,-0.49419510415282986,51.26322132540721,45.677936587800794,45.15718892481466,-176.5528246003597,27.198790528395726,48.51520195007324,47.61122798919678,23.329999923706055,17.562142762384532
134,2021-01-12,MCD,213.69000244140625,214.3300018310547,210.94000244140625,199.03829956054688,2952000.0,1.0,-0.12551742811095323,203.2077067621421,197.1414829961587,48.380768871541015,4.082453528114637,2.3126181398375674,199.55942077636718,201.99297765096028,23.329999923706055,17.562142762384532
134,2021-01-12,MMM,165.89999389648438,167.17999267578125,164.0800018310547,148.29393005371094,2949100.0,1.0,-1.0555611639114204,159.98156785799017,148.0184412972833,46.38079079234116,-225.94933330542537,29.85451811079889,153.87027231852213,151.34637527465821,23.329999923706055,17.562142762384532
134,2021-01-12,MRK,81.22137451171875,81.2404556274414,78.76908111572266,72.62785339355469,10128606.0,1.0,0.7386822585131512,73.73943797442637,68.0749976029662,55.19643915357947,126.55392409169563,28.640430368934034,71.04160639444987,69.91821098327637,23.329999923706055,17.562142762384532
134,2021-01-12,MSFT,216.5,217.10000610351562,213.32000732421875,209.73361206054688,23249300.0,1.0,0.32426033577146995,221.12793894288384,206.99486073973335,49.52241198767314,-46.983973946804355,13.115037264153678,212.3205312093099,209.98035354614257,23.329999923706055,17.562142762384532
134,2021-01-12,NKE,146.5,146.85000610351562,144.3800048828125,141.0928955078125,3678800.0,1.0,2.517314788865235,143.36066375552983,132.47811035335687,62.873252923906044,131.2333741136176,35.69380014089746,136.38104044596355,130.71366335550945,23.329999923706055,17.562142762384532
134,2021-01-12,PG,137.85000610351562,138.25,136.24000549316406,128.02236938476562,6333500.0,1.0,-0.03321947139394865,130.87422911598307,126.79774277732749,48.04522473502811,-47.15975078998623,8.884587842572817,128.7226422627767,130.04009793599445,23.329999923706055,17.562142762384532
134,2021-01-12,TRV,137.52999877929688,140.7100067138672,137.3699951171875,132.14309692382812,830100.0,1.0,1.395217110479308,133.11274050415622,126.5707563525332,58.59232904111481,98.16033608321993,11.19760595016638,128.5381830851237,124.1506238301595,23.329999923706055,17.562142762384532
134,2021-01-12,UNH,357.94000244140625,360.0799865722656,355.2300109863281,343.96728515625,2372500.0,1.0,5.351295493551106,352.38076411111973,314.98908452169275,58.12418814420191,132.7155366249608,2.0194684014487896,332.6812042236328,326.81628367106117,23.329999923706055,17.562142762384532
134,2021-01-12,V,212.33999633789062,212.7899932861328,207.47000122070312,204.83836364746094,9331600.0,1.0,1.3381554622268936,215.60399216271645,199.76203719519373,50.597246517463,-35.52530476643074,4.108378201018343,207.15030924479166,201.9332473754883,23.329999923706055,17.562142762384532
134,2021-01-12,VZ,57.27000045776367,57.45000076293945,56.689998626708984,48.8988037109375,22699300.0,1.0,-0.3996519971171324,51.225919627460755,48.654768467632024,43.51738048869199,-150.9210919924669,31.974625363338138,50.4952756245931,50.13232765197754,23.329999923706055,17.562142762384532
134,2021-01-12,WBA,47.9900016784668,48.47999954223633,47.31999969482422,42.16484832763672,6661300.0,1.0,1.4452764518958148,41.42383638989868,31.92154897081909,66.30972913867295,256.4927772515906,60.39582365715669,36.519717407226565,34.86686159769694,23.329999923706055,17.562142762384532
134,2021-01-12,WMT,149.0,149.92999267578125,148.32000732421875,142.72793579101562,7791100.0,1.0,0.15642259376585343,142.16674869464205,136.8247735221548,56.66249138584632,86.34221993498622,33.25221598723154,140.5718516031901,139.91366704305014,23.329999923706055,17.562142762384532
135,2021-01-13,AAPL,128.75999450683594,131.4499969482422,128.49000549316406,128.7879180908203,88636800.0,2.0,1.8095743498737846,133.75570786559823,123.12351042663809,56.15205016984309,43.03363165887473,0.3179646807654541,125.91317850748698,120.0569627126058,22.209999084472656,24.428938114288467
135,2021-01-13,AMGN,235.99000549316406,238.5,235.22000122070312,217.75534057617188,1412300.0,2.0,2.2559985550959425,219.96162470516094,200.6888498431789,55.09525000635507,183.33132311357,32.44520160550202,209.76773630777996,208.6404889424642,22.209999084472656,24.428938114288467
135,2021-01-13,AXP,121.5999984741211,123.88999938964844,121.16000366210938,118.11233520507812,3678300.0,2.0,1.4607300606536455,119.30534285771161,110.23910141719072,58.325096891275535,82.99476295686298,13.676147008473901,115.5877586364746,109.11597963968913,22.209999084472656,24.428938114288467
135,2021-01-13,BA,207.14999389648438,208.7899932861328,204.85000610351562,207.2100067138672,8570500.0,2.0,-1.350200336473307,228.49947362588242,201.9765258248012,51.529985984457404,-108.03635328396898,15.84327797304982,220.3903330485026,199.69766693115236,22.209999084472656,24.428938114288467
135,2021-01-13,CAT,198.7899932861328,200.1699981689453,195.8000030517578,184.66299438476562,3154700.0,2.0,5.10332219437484,187.62513079808838,160.09447064234132,65.888719430613,197.4993011068419,55.51270994117839,171.76955006917316,164.81928558349608,22.209999084472656,24.428938114288467
135,2021-01-13,CRM,217.0,218.89999389648438,215.52999877929688,218.17999267578125,6839200.0,2.0,-4.439049038107896,230.77593539435102,214.21905972283648,43.54756108882471,-109.81699088661757,39.71549843238638,223.3883321126302,236.8758331298828,22.209999084472656,24.428938114288467
135,2021-01-13,CSCO,45.290000915527344,45.970001220703125,45.18000030517578,41.79213333129883,19367300.0,2.0,0.6330015920980401,42.02104910905266,40.11948128645515,61.86952977367409,176.93584146288427,34.38056217492853,40.85182914733887,38.3636443456014,22.209999084472656,24.428938114288467
135,2021-01-13,CVX,93.19999694824219,93.5199966430664,91.94000244140625,83.15435028076172,9723300.0,2.0,1.3603222946252203,83.61646881405707,72.92059325869684,59.67775775829012,109.4928070566429,25.970969727876113,79.18018086751302,74.35945924123128,22.209999084472656,24.428938114288467
135,2021-01-13,DIS,174.39999389648438,177.72999572753906,173.74000549316406,176.1199951171875,6839500.0,2.0,5.702048682667311,182.74282626712585,169.6711721459601,64.61891048354943,45.489832824829804,27.363289519306516,169.87033284505208,151.90099970499674,22.209999084472656,24.428938114288467
135,2021-01-13,GS,300.0799865722656,303.7200012207031,299.1000061035156,283.4588928222656,2413800.0,2.0,15.666198996525026,287.63828383403813,211.59059800189934,76.96651906754093,182.41439599779218,81.94513821372622,240.86180928548177,218.99916102091473,22.209999084472656,24.428938114288467
135,2021-01-13,HD,278.30999755859375,280.4800109863281,273.94000244140625,256.4754943847656,3921400.0,2.0,0.46197743808417613,258.0082172487233,245.9182811643626,52.64378479676225,164.16705253872345,23.845989290608387,251.0562321980794,254.12814687093098,22.209999084472656,24.428938114288467
135,2021-01-13,HON,208.27999877929688,208.6199951171875,206.39999389648438,196.25685119628906,2145100.0,2.0,1.0431097823713458,202.75198474296357,195.6838978253958,55.66303476844055,-131.06389144017083,8.417238959164788,199.4557362874349,188.72030868530274,22.209999084472656,24.428938114288467
135,2021-01-13,IBM,123.4703598022461,124.04397583007812,120.8986587524414,106.04854583740234,8030874.0,2.0,1.281590487145607,108.58225862573431,101.88635938574029,54.79614314551031,103.94221610849078,17.824898691703126,104.93058547973632,100.76875139872233,22.209999084472656,24.428938114288467
135,2021-01-13,INTC,59.5,60.25,56.900001525878906,52.34532165527344,124070700.0,2.0,1.2679139689725716,50.81449521557416,40.92079111560259,64.78605231283413,339.9190596770405,66.32038434959784,46.015778350830075,44.48060423533122,22.209999084472656,24.428938114288467
135,2021-01-13,JNJ,158.22999572753906,158.4600067138672,156.75,146.8126220703125,6643100.0,2.0,2.465101754535226,150.75113755300285,138.40624464914558,59.70871827482063,89.743747666144,19.77698534255403,142.9630905151367,138.09176012674968,22.209999084472656,24.428938114288467
135,2021-01-13,JPM,138.58999633789062,140.7899932861328,138.10000610351562,129.80911254882812,14816800.0,2.0,5.197230194636617,130.9418492630304,103.93051401821958,71.67098271260326,204.7036800284115,65.55070899827375,115.2798230489095,107.63320465087891,22.209999084472656,24.428938114288467
135,2021-01-13,KO,49.97999954223633,50.36000061035156,49.95000076293945,46.14975357055664,18864100.0,2.0,-0.5686122638488627,51.291478129811374,45.36354391913883,45.32221402929825,-158.27387910111065,27.19879052839574,48.47103945414225,47.61919002532959,22.209999084472656,24.428938114288467
135,2021-01-13,MCD,210.91000366210938,213.1300048828125,210.89999389648438,199.49920654296875,2069800.0,2.0,-0.159251850334158,203.20726265130824,197.15791526617224,48.87502128649545,0.05321915265494591,2.1293118502584933,199.39167378743488,201.74332071940105,22.209999084472656,24.428938114288467
135,2021-01-13,MMM,167.27000427246094,167.74000549316406,166.0500030517578,148.089111328125,2098000.0,2.0,-1.2673160167198319,160.2350993708749,147.159303705297,46.157879339504014,-173.52691545293294,26.273945588674426,153.67879384358724,151.29852574666342,22.209999084472656,24.428938114288467
135,2021-01-13,MRK,79.55152893066406,79.55152893066406,78.4542007446289,71.97227478027344,10093812.0,2.0,0.6834056804599555,73.84578676852696,68.14521207180506,53.36625636553971,66.31681716195247,24.138707738269176,71.11677322387695,69.96388867696126,22.209999084472656,24.428938114288467
135,2021-01-13,MSFT,214.02000427246094,216.75999450683594,213.92999267578125,211.10951232910156,20087100.0,2.0,0.16072656468969626,220.9758461467612,207.35577616769191,50.47777079770529,-38.43512815927354,13.115037264153687,212.3943669637044,209.93568598429363,22.209999084472656,24.428938114288467
135,2021-01-13,NKE,144.8300018310547,145.1300048828125,142.42999267578125,139.13771057128906,3330100.0,2.0,2.305402850317421,143.0878693477514,133.40846091347908,59.77877436020254,79.07716687772752,20.796507009829163,136.66022593180338,130.96165809631347,22.209999084472656,24.428938114288467
135,2021-01-13,PG,137.10000610351562,138.07000732421875,137.10000610351562,128.218505859375,6078800.0,2.0,-0.09960378256357671,130.7534681544093,127.05021455433092,48.43832765723721,-21.139973751755615,8.884587842572799,128.67251001993816,129.94150479634604,22.209999084472656,24.428938114288467
135,2021-01-13,TRV,140.00999450683594,142.74000549316406,139.60000610351562,133.86521911621094,1409200.0,2.0,1.5859646783439416,133.47254789594587,126.98825914140764,60.07743474806776,163.14049127614464,21.40518583336343,128.95898361206054,124.61553853352865,22.209999084472656,24.428938114288467
135,2021-01-13,UNH,356.0400085449219,356.80999755859375,351.2300109863281,341.7247009277344,1974500.0,2.0,5.060695971224106,352.97754532415763,316.21238387506116,56.916876852042584,92.19082034931583,9.75262545980616,333.31984659830727,327.23854268391926,22.209999084472656,24.428938114288467
135,2021-01-13,V,209.41000366210938,211.0,208.6300048828125,205.3189239501953,6688500.0,2.0,0.9672975105449666,215.51607124809692,200.05591514106322,50.970214849963185,-37.32313010173208,4.108378201018351,207.11761728922525,202.08675537109374,22.209999084472656,24.428938114288467
135,2021-01-13,VZ,57.220001220703125,57.25,56.880001068115234,48.7280158996582,16985400.0,2.0,-0.4403058394661059,51.187097499884,48.498483707391394,42.71442674226923,-141.07248588881697,31.974625363338138,50.41812884012858,50.126988474528,22.209999084472656,24.428938114288467
135,2021-01-13,WBA,49.029998779296875,49.54999923706055,47.720001220703125,43.02643585205078,10244400.0,2.0,1.706567211752251,42.533315822874684,31.467928149903642,67.68024406338094,244.4072145780813,63.916698597475374,36.840027236938475,35.04224580128987,22.209999084472656,24.428938114288467
135,2021-01-13,WMT,148.75,149.07000732421875,147.42999267578125,141.27159118652344,5356500.0,2.0,0.21715463253178768,142.3687854587752,136.79519616964276,53.86579464560735,54.430396296291306,24.129204125483792,140.41908213297526,139.96583582560223,22.209999084472656,24.428938114288467
136,2021-01-14,AAPL,130.8000030517578,131.0,128.75999450683594,126.83971405029297,90221800.0,3.0,1.5770447790522155,133.72011541207075,123.26044870536089,54.30263897817093,26.850808157463085,0.31796468076544526,126.11619771321615,120.27227732340495,23.25,34.286114151262105
136,2021-01-14,AMGN,236.5,243.49000549316406,235.67999267578125,221.34580993652344,2594000.0,3.0,2.71857475615181,221.66045240846836,200.00946031125818,57.49221242314871,217.54360477190812,43.79634722277258,210.27394460042316,208.8314104715983,23.25,34.286114151262105
136,2021-01-14,AXP,122.6500015258789,124.5,122.08999633789062,119.4439926147461,3404700.0,3.0,1.605202825976093,120.00576155232311,110.03044679118274,59.528716683276826,106.7279960087484,16.107476144703867,115.72507553100586,109.46446329752604,23.25,34.286114151262105
136,2021-01-14,BA,208.7899932861328,214.19000244140625,208.2100067138672,209.91000366210938,12446800.0,3.0,-1.364569151042275,225.8766460596824,202.64035375721215,52.6642224475992,-76.25564520827551,4.333840156906487,220.28700002034506,200.4110003153483,23.25,34.286114151262105
136,2021-01-14,CAT,196.10000610351562,197.91000366210938,195.36000061035156,186.08645629882812,2486600.0,3.0,5.303199813066669,189.33930676580036,159.85654131769576,66.67148481745929,164.93049476468997,53.11767062877506,172.5280990600586,165.30456619262696,23.25,34.286114151262105
136,2021-01-14,CRM,218.22999572753906,219.5,215.5500030517578,215.60000610351562,6548000.0,3.0,-4.474983116241191,231.0546621649857,213.4853341729049,42.44839094237423,-129.0380501396412,37.197377750771594,222.52999877929688,236.21899998982747,23.25,34.286114151262105
136,2021-01-14,CSCO,44.869998931884766,45.599998474121094,44.849998474121094,41.59865188598633,22333500.0,3.0,0.6083324247165578,42.08072925550129,40.132565345939135,60.68241851998661,117.3404197757667,25.631233288517922,40.91203180948893,38.45833028157552,23.25,34.286114151262105
136,2021-01-14,CVX,93.94000244140625,96.31999969482422,93.79000091552734,85.1518325805664,13950200.0,3.0,1.6659653873236948,84.6923039815251,72.39049936320146,61.77874225448622,155.18320326737054,36.32962689598516,79.41916580200196,74.73463649749756,23.25,34.286114151262105
136,2021-01-14,DIS,177.00999450683594,178.35000610351562,173.39999389648438,173.42999267578125,8951200.0,3.0,5.01592614028641,182.75841854489752,169.6045788916259,61.94064348698562,36.85596224014428,28.89749091311299,170.6699991861979,152.72099952697755,23.25,34.286114151262105
136,2021-01-14,GS,304.04998779296875,309.4100036621094,303.5400085449219,288.0718994140625,3192200.0,3.0,16.433786376016712,292.78233813849874,212.56971874626686,77.95858369823038,179.11208168450614,83.6720596867145,243.2256820678711,220.61003595987955,23.25,34.286114151262105
136,2021-01-14,HD,274.5,274.8999938964844,267.6700134277344,251.13168334960938,4641400.0,3.0,0.3037344324486071,258.0132182472347,245.94696699446447,48.60057083600903,50.038823912390754,2.694576740002704,250.84534861246746,253.91209513346354,23.25,34.286114151262105
136,2021-01-14,HON,208.0399932861328,209.77999877929688,207.17999267578125,197.76416015625,3661500.0,3.0,0.8971006482568384,202.04865001379181,195.8601375228293,56.74071912402415,-84.0359694979547,2.906790880037434,199.53189239501953,189.3178820292155,23.25,34.286114151262105
136,2021-01-14,IBM,122.39006042480469,124.43594360351562,121.94072723388672,107.76144409179688,7848347.0,3.0,1.312857341879564,108.89477089895317,101.82785559640817,57.050610975758815,142.73571568842502,19.917770447357316,105.09240417480468,100.8417802174886,23.25,34.286114151262105
136,2021-01-14,INTC,58.45000076293945,60.13999938964844,57.84000015258789,54.4593505859375,74680900.0,3.0,1.7279078855822405,52.527131972604806,39.996780838674496,67.76296314543433,319.23004524233113,66.32038434959783,46.312661997477214,44.55818188985189,23.25,34.286114151262105
136,2021-01-14,JNJ,160.4499969482422,161.9499969482422,159.61000061035156,149.37899780273438,10030800.0,3.0,2.521240354092896,151.18116056854225,138.91350343292257,62.67636735898583,141.37407964742474,35.080033098741474,143.37222137451172,138.36026624043782,23.25,34.286114151262105
136,2021-01-14,JPM,140.49000549316406,142.75,140.0,130.5675506591797,18565600.0,3.0,5.446417968708687,132.73339324675158,104.1469488552992,72.13263244921843,192.2241529016676,68.01245977444087,115.96690292358399,108.28192036946615,23.25,34.286114151262105
136,2021-01-14,KO,50.15999984741211,50.18000030517578,49.220001220703125,45.294105529785156,34303600.0,3.0,-0.6886932182722774,51.31320166091678,44.91767793197872,42.841687252802046,-173.72422569428295,34.07668854057274,48.38486150105794,47.61912937164307,23.25,34.286114151262105
136,2021-01-14,MCD,212.10000610351562,212.6699981689453,208.0,196.122314453125,3666700.0,3.0,-0.4532488224870974,203.2694303724363,196.49750077990748,45.56808946647069,-80.68267553160426,10.320162232748615,199.1521250406901,201.48990224202473,23.25,34.286114151262105
136,2021-01-14,MMM,167.27000427246094,167.36000061035156,165.22999572753906,148.20486450195312,2895400.0,3.0,-1.4095445967433307,160.24162964009906,146.4162484726939,46.30874288530574,-162.28870982674925,29.324291158608993,153.556782023112,151.27350184122722,23.25,34.286114151262105
136,2021-01-14,MRK,78.64503479003906,79.00763702392578,78.12976837158203,71.82369232177734,11366398.0,3.0,0.6204569895073604,73.9253869522925,68.21333146201415,52.95458280479105,42.8097062052406,19.531621415475602,71.1534538269043,70.02385660807292,23.25,34.286114151262105
136,2021-01-14,MSFT,215.91000366210938,217.4600067138672,212.74000549316406,207.8698272705078,29480800.0,3.0,-0.2276662414267605,221.11083726757835,207.11247205859354,48.253264141917185,-62.56089489197087,16.761030042049608,212.2906041463216,209.9252675374349,23.25,34.286114151262105
136,2021-01-14,NKE,143.66000366210938,144.89999389648438,140.92999267578125,137.4451904296875,4104000.0,3.0,1.9780867293294762,143.03483745774497,133.64728534498943,57.25525766942785,44.80540830261388,10.794583849792666,136.85904846191406,131.1906665802002,23.25,34.286114151262105
136,2021-01-14,PG,137.42999267578125,137.64999389648438,135.27999877929688,126.85469055175781,6172800.0,3.0,-0.25927358044015136,130.85552255048114,126.86875647173568,45.93812878371123,-113.7808527384723,21.796102118113332,128.56134872436525,129.85857912699382,23.25,34.286114151262105
136,2021-01-14,TRV,142.42999267578125,143.1300048828125,141.11000061035156,133.93113708496094,1621900.0,3.0,1.7225955204362435,134.06280151504657,126.87418197494362,60.13405108653462,175.75962136895978,23.21773941550532,129.26477635701497,125.1046189626058,23.25,34.286114151262105
136,2021-01-14,UNH,356.8500061035156,358.80999755859375,350.4200134277344,337.3838195800781,2919900.0,3.0,4.42906540068509,353.17421568578015,317.0609863405871,54.64409371403694,74.98504300353251,5.310189913581258,333.65874532063805,327.679242960612,23.25,34.286114151262105
136,2021-01-14,V,210.57000732421875,211.2100067138672,201.72999572753906,197.97312927246094,12887500.0,3.0,0.0797266338176712,216.2484801503365,198.6860199717338,45.53428912490268,-136.36178761472428,24.05270902935263,206.812277730306,202.17152938842773,23.25,34.286114151262105
136,2021-01-14,VZ,56.88999938964844,57.43000030517578,56.65999984741211,48.710933685302734,18341100.0,3.0,-0.4685020938537292,51.00405850556768,48.43654551359736,42.63303420682402,-130.9705123794608,35.226197897669046,50.335624821980794,50.13192615509033,23.25,34.286114151262105
136,2021-01-14,WBA,49.189998626708984,49.65999984741211,48.56999969482422,43.36051940917969,7422900.0,3.0,1.9184846753224036,43.55779131660326,31.145907032395773,68.1991597717699,219.88619014363175,64.26581370919845,37.158286031087236,35.229569562276204,23.25,34.286114151262105
136,2021-01-14,WMT,147.82000732421875,148.0,146.0399932861328,140.81170654296875,7672400.0,3.0,0.22557606304738442,142.48824784291747,136.80890944468018,53.011073743546554,24.262234932665812,11.396609220309585,140.25575561523436,140.0383420308431,23.25,34.286114151262105
137,2021-01-15,AAPL,128.77999877929688,130.22000122070312,127.0,125.09814453125,111598500.0,4.0,1.237962848495684,133.76737323652148,123.14726604570511,52.69759014012743,-4.035591178611835,6.823948492793236,126.24935760498047,120.43351885477702,24.34000015258789,19.863043687529718
137,2021-01-15,AMGN,241.17999267578125,246.83999633789062,240.02000427246094,224.85386657714844,2855200.0,4.0,3.329856072970216,224.0842095524536,199.14737919266358,59.66819412304093,241.5585665772482,49.84432099830685,210.85190175374348,209.07488606770832,24.34000015258789,19.863043687529718
137,2021-01-15,AXP,122.4800033569336,122.86000061035156,121.70999908447266,117.87109375,3948200.0,4.0,1.5746274155683437,120.3275532452125,110.05274536928945,57.49958163455153,66.70210019229091,13.969922247411931,115.73303451538087,109.775994237264,24.34000015258789,19.863043687529718
137,2021-01-15,BA,208.9600067138672,209.25,204.1999969482422,204.32000732421875,11103300.0,4.0,-1.8062017574902995,224.24909582519726,202.11290521240042,50.15072095708321,-105.27867415210413,11.327236563133557,219.63600006103516,201.02900034586588,24.34000015258789,19.863043687529718
137,2021-01-15,CAT,195.66000366210938,195.7100067138672,190.8800048828125,183.46578979492188,3317100.0,4.0,5.190307744059822,190.33122306396297,160.289968342287,63.879677337635314,113.51284058042593,31.13625130093252,173.18012440999348,165.72336985270184,24.34000015258789,19.863043687529718
137,2021-01-15,CRM,216.1699981689453,217.8699951171875,212.99000549316406,213.13999938964844,8525600.0,4.0,-4.6483794894890025,231.39894336720533,212.09305339793139,41.417235129293104,-163.89963836252596,41.96771623770599,222.27533213297525,235.50516662597656,24.34000015258789,19.863043687529718
137,2021-01-15,CSCO,44.959999084472656,45.650001525878906,44.880001068115234,41.856624603271484,30271700.0,4.0,0.6026511864123236,42.178344009101124,40.133512070000435,61.69613138461201,126.98015306036585,26.40733152420902,40.970170974731445,38.55883897145589,24.34000015258789,19.863043687529718
137,2021-01-15,CVX,94.22000122070312,94.30999755859375,91.70999908447266,82.11994171142578,10244600.0,4.0,1.6445837480269603,85.04672963585931,72.33926432166022,57.10657710660552,86.88765999960434,22.696302087790926,79.48515446980794,75.05342337290446,24.34000015258789,19.863043687529718
137,2021-01-15,DIS,172.9499969482422,174.19000244140625,170.1699981689453,171.44000244140625,12232500.0,4.0,4.262458532655614,182.8787932833078,169.3162048856375,60.03636629873706,5.840922138529684,15.331798776484726,171.26433258056642,153.4958329518636,24.34000015258789,19.863043687529718
137,2021-01-15,GS,301.19000244140625,304.8599853515625,296.8800048828125,281.65313720703125,3863700.0,4.0,16.335854871912062,295.70094963726166,215.0070230800235,73.40753482842223,139.33273715035293,64.04048335587018,245.20186920166014,222.07763748168946,24.34000015258789,19.863043687529718
137,2021-01-15,HD,268.6300048828125,276.3900146484375,268.0,257.91680908203125,5131700.0,4.0,0.7175570997654859,258.8536419879993,245.66806516532102,53.310643148180745,111.81891808378825,6.740697365532232,250.98541768391928,253.7732935587565,24.34000015258789,19.863043687529718
137,2021-01-15,HON,207.52999877929688,207.86000061035156,205.1999969482422,195.26141357421875,3887500.0,4.0,0.5728333583097935,202.24582013817368,195.25152941016617,54.466697895643314,-174.17456055940931,11.146844127335113,199.46774393717448,189.84747975667318,24.34000015258789,19.863043687529718
137,2021-01-15,IBM,122.63862609863281,123.55640411376953,122.05545043945312,107.2768325805664,5131153.0,4.0,1.2837343600273243,109.10686999705881,101.85305584522634,56.2298421888753,109.187719112333,19.917770447357324,105.19740549723308,101.0186060587565,24.34000015258789,19.863043687529718
137,2021-01-15,INTC,58.849998474121094,59.650001525878906,57.5,52.92437744140625,50265400.0,4.0,1.9461627217032103,53.49537680398044,39.622303554906274,63.717020840741256,242.38551124884597,62.7264011455537,46.54796295166015,44.6276663462321,24.34000015258789,19.863043687529718
137,2021-01-15,JNJ,160.3000030517578,161.41000366210938,159.11000061035156,149.05355834960938,7630800.0,4.0,2.5105305215415683,151.25998018574478,139.82310544657946,62.07657294931077,120.05653280700766,31.24583991709389,143.74911702473958,138.61980883280435,24.34000015258789,19.863043687529718
137,2021-01-15,JPM,137.42999267578125,141.64999389648438,137.00999450683594,128.22755432128906,27881000.0,4.0,5.392916739460958,133.76826915117755,104.85391178754314,68.5663916454695,143.5386781643459,50.47718495953911,116.50558115641276,108.8829126993815,24.34000015258789,19.863043687529718
137,2021-01-15,KO,49.15999984741211,49.18000030517578,48.529998779296875,44.806480407714844,24366800.0,4.0,-0.8138242524925587,51.41594172483367,44.41379612917024,41.50255997529684,-187.33672333882797,39.82119149978999,48.28028233846029,47.601356188456215,24.34000015258789,19.863043687529718
137,2021-01-15,MCD,207.97000122070312,210.6999969482422,207.4199981689453,197.44863891601562,3593700.0,4.0,-0.5726194409804464,203.20142394221833,196.1996014484067,47.02445231202155,-90.15144357713618,12.597975247794146,199.1223383585612,201.23599166870116,24.34000015258789,19.863043687529718
137,2021-01-15,MMM,165.6300048828125,166.25999450683594,163.3800048828125,147.43893432617188,3550700.0,4.0,-1.5660139017044514,160.13675175802123,145.64299372537718,45.43726993368844,-172.10908676530602,35.736504166786695,153.36975555419923,151.21511001586913,24.34000015258789,19.863043687529718
137,2021-01-15,MRK,78.09160614013672,79.67557525634766,77.82442474365234,72.88134002685547,10203538.0,4.0,0.6484382367215886,74.12207099695634,68.32694786290695,55.48333133272389,67.07738239365615,25.60769416892547,71.21729532877605,70.10723355611165,24.34000015258789,19.863043687529718
137,2021-01-15,MSFT,213.52000427246094,214.50999450683594,212.02999877929688,207.50872802734375,31746500.0,4.0,-0.558173750044773,221.3857249408892,206.19061020315377,48.00931120024846,-87.70428577534035,18.930786610328976,212.20212961832684,209.90185546875,24.34000015258789,19.863043687529718
137,2021-01-15,NKE,140.55999755859375,142.3800048828125,139.8800048828125,136.88101196289062,6412400.0,4.0,1.6540944864254357,142.86403119826122,134.04960100388723,56.43376420673509,1.9633942562233164,4.3306383083508715,137.03453470865887,131.39312197367352,24.34000015258789,19.863043687529718
137,2021-01-15,PG,135.25,136.1999969482422,134.66000366210938,125.9018783569336,7757600.0,4.0,-0.4574241261648808,131.12844444092235,126.36323341552298,44.28606243305673,-181.07813330512693,25.633539288698636,128.4498758951823,129.75094807942708,24.34000015258789,19.863043687529718
137,2021-01-15,TRV,141.83999633789062,144.1199951171875,141.07000732421875,134.79689025878906,1915900.0,4.0,1.8790746895554093,134.77636982507508,126.7064266531964,60.88766790879238,185.59060990144297,27.739706167644663,129.5797907511393,125.51040598551432,24.34000015258789,19.863043687529718
137,2021-01-15,UNH,349.1199951171875,353.04998779296875,345.739990234375,338.1248779296875,3777000.0,4.0,3.942840230565764,353.3375778479547,318.0487655358343,54.961705507499204,37.51212590577319,14.015934084931162,333.81871032714844,328.145241800944,24.34000015258789,19.863043687529718
137,2021-01-15,V,201.5399932861328,203.25999450683594,200.42999267578125,197.70834350585938,8755000.0,4.0,-0.6376947311399022,216.86295237249965,197.4164085894144,45.35392463759266,-186.0273260062015,27.10614032685625,206.53145701090494,202.23997599283854,24.34000015258789,19.863043687529718
137,2021-01-15,VZ,56.779998779296875,57.5,56.709999084472656,49.001285552978516,15785300.0,4.0,-0.46209214880033045,50.88792769341993,48.39081032843065,44.49281977904978,-116.03926986437308,33.06291023278911,50.240830993652345,50.1424072265625,24.34000015258789,19.863043687529718
137,2021-01-15,WBA,48.70000076293945,49.27000045776367,48.43000030517578,43.00885009765625,7451900.0,4.0,2.034600410529933,44.35673403224315,31.09249845066701,67.02728023846703,180.29742485646167,62.1316635939411,37.424380493164065,35.40350214640299,24.34000015258789,19.863043687529718
137,2021-01-15,WMT,145.13999938964844,145.89999389648438,143.6699981689453,138.57933044433594,11973500.0,4.0,0.05152209831200594,142.48785806424976,136.7336095260823,49.09884497568102,-78.24045289414606,6.149338357309022,140.0854751586914,140.05852737426758,24.34000015258789,19.863043687529718
138,2021-01-19,AAPL,127.77999877929688,128.7100067138672,126.94000244140625,125.77706146240234,90757300.0,1.0,1.012351144151637,133.79975126540086,123.02928697312456,53.25478050817492,-13.961330887357649,7.06505053167125,126.4097396850586,120.61655260721842,23.239999771118164,32.572782144864924
138,2021-01-19,AMGN,246.5,249.0,246.3800048828125,227.40017700195312,2172900.0,1.0,3.97395758216598,226.7255755471767,198.06585664276471,61.161064377155185,247.0717522686932,53.30744141632604,211.5040506998698,209.39309616088866,23.239999771118164,32.572782144864924
138,2021-01-19,AXP,125.48999786376953,128.05999755859375,124.23999786376953,122.30995178222656,5818500.0,1.0,1.8868247870154562,121.60840639118972,109.56179014201341,61.34612943212354,179.96576069292232,32.2226508182566,115.86363321940104,110.18891169230143,23.239999771118164,32.572782144864924
138,2021-01-19,BA,206.99000549316406,211.52000427246094,206.52000427246094,210.7100067138672,11947200.0,1.0,-1.6218831729691487,223.0923082809122,202.21669287875577,52.813840444822326,-74.16541986226743,6.611195701754786,218.75300038655598,201.8098337809245,23.239999771118164,32.572782144864924
138,2021-01-19,CAT,194.2899932861328,196.11000061035156,193.44000244140625,183.91122436523438,2361200.0,1.0,5.078243977722622,191.23252003425776,160.88966624503914,64.1436788935718,112.31737058113704,32.067038550919044,173.8231165568034,166.1744270324707,23.239999771118164,32.572782144864924
138,2021-01-19,CRM,215.35000610351562,217.27999877929688,213.6999969482422,216.75999450683594,7753800.0,1.0,-4.442483823973163,230.97623930581852,211.59975709310726,43.50632831679909,-124.46660349935158,41.96771623770598,222.13499857584637,234.88066660563152,23.239999771118164,32.572782144864924
138,2021-01-19,CSCO,45.33000183105469,45.630001068115234,44.77000045776367,41.63550567626953,28868800.0,1.0,0.5736931373087018,42.229343070245626,40.14982372357762,60.317193556065334,98.56205712480813,23.379502066146344,41.01423772176107,38.65779469807943,23.239999771118164,32.572782144864924
138,2021-01-19,CVX,93.5,95.02999877929688,93.29000091552734,84.27794647216797,9574800.0,1.0,1.7812385842152025,85.79291000883734,72.13704375703179,59.369123062251894,115.83337671019216,25.454749601561605,79.62515716552734,75.42004089355468,23.239999771118164,32.572782144864924
138,2021-01-19,DIS,172.10000610351562,173.7100067138672,171.44000244140625,172.25999450683594,7834700.0,1.0,3.688972354886232,182.93969665032486,169.12630066412825,60.55331438579643,5.571082457286086,15.331798776484721,171.89833221435546,154.25633290608724,23.239999771118164,32.572782144864924
138,2021-01-19,GS,305.0,306.6000061035156,293.79998779296875,275.2809753417969,6727800.0,1.0,15.564643717088757,296.915220222988,218.44969982095728,69.25550352773861,117.08788864717893,55.807760128947336,247.0336441040039,223.51844863891603,23.239999771118164,32.572782144864924
138,2021-01-19,HD,278.0,278.0,273.0199890136719,255.6707000732422,3615800.0,1.0,0.8544230623494968,258.7281266937796,245.72058393854462,51.688607849769305,132.07029214475028,11.014498743315224,251.14295552571613,253.62079188028972,23.239999771118164,32.572782144864924
138,2021-01-19,HON,208.24000549316406,208.75999450683594,206.4499969482422,196.01034545898438,2656300.0,1.0,0.37199362783906054,202.04733559405142,194.9589464494056,55.024683008778915,-128.10679601088574,6.745067639947997,199.4216074625651,190.39569320678712,23.239999771118164,32.572782144864924
138,2021-01-19,IBM,123.59464263916016,123.8910140991211,122.45697784423828,107.80320739746094,5646308.0,1.0,1.2882777714904847,109.38423951317786,101.86562315772058,56.926146198969406,115.91171377440862,21.859088829118846,105.3480832417806,101.23591372172038,23.239999771118164,32.572782144864924
138,2021-01-19,INTC,57.939998626708984,58.34000015258789,57.099998474121094,53.301231384277344,35647100.0,1.0,2.125044030668576,54.45969174330001,39.33264071519608,64.2590085414545,192.84936619595416,58.421232361829,46.76243019104004,44.70236733754476,23.239999771118164,32.572782144864924
138,2021-01-19,JNJ,162.0,163.0399932861328,161.10000610351562,151.35958862304688,9057600.0,1.0,2.657486423588466,152.09351492903411,139.84131020524322,64.5624537441971,146.2914707634752,37.43449551154679,144.1762252807617,138.92732734680175,23.239999771118164,32.572782144864924
138,2021-01-19,JPM,139.86000061035156,140.6999969482422,137.82000732421875,127.67261505126953,19843800.0,1.0,5.245273421621889,134.4029401221366,105.9974146447091,67.74470210657864,124.17102402375409,50.47718495953914,117.05024922688803,109.48996060689291,23.239999771118164,32.572782144864924
138,2021-01-19,KO,48.7400016784668,49.040000915527344,48.2400016784668,44.63166809082031,29114500.0,1.0,-0.9165321791981214,51.447159184642736,43.94463425712973,41.02696864067752,-169.05152086901515,42.08837121536704,48.14932848612467,47.584625244140625,23.239999771118164,32.572782144864924
138,2021-01-19,MCD,210.67999267578125,211.0,207.8800048828125,196.6773223876953,3331600.0,1.0,-0.7211473757802196,203.09474319975163,195.82091536958433,46.279529857091006,-83.04150907535171,11.038576625867877,199.0464614868164,200.95769322713215,23.239999771118164,32.572782144864924
138,2021-01-19,MMM,167.25999450683594,169.5500030517578,166.8000030517578,150.61837768554688,3903200.0,1.0,-1.4171266914337934,159.55382735796334,145.55529587201713,49.51691148840787,-82.5024462952843,15.769101611719123,153.2893035888672,151.23590316772462,23.239999771118164,32.572782144864924
138,2021-01-19,MRK,79.74236297607422,80.0572509765625,78.8740463256836,72.71524810791016,8467316.0,1.0,0.6497217589624995,74.25740163080451,68.48618281133417,55.00303891357331,84.50692231768834,28.887626009373573,71.28658548990886,70.1907330830892,23.239999771118164,32.572782144864924
138,2021-01-19,MSFT,213.75,216.97999572753906,212.6300048828125,211.20712280273438,30480900.0,1.0,-0.515728781836259,221.3248177103165,205.96072306116787,50.65265180717624,-42.90444977746722,8.420950735722215,212.27368977864583,209.93765055338542,23.239999771118164,32.572782144864924
138,2021-01-19,NKE,140.99000549316406,141.22000122070312,138.41000366210938,135.4705810546875,6537800.0,1.0,1.2688913235365646,142.93698020116582,133.85700783594356,54.414639864765824,-43.15872817329729,4.047235087778564,137.11835174560548,131.5568613688151,23.239999771118164,32.572782144864924
138,2021-01-19,PG,135.6999969482422,136.36000061035156,133.55999755859375,124.79963684082031,9184900.0,1.0,-0.6953855678196135,131.48218996921167,125.57512051662815,42.4587447786667,-210.28461588924364,31.9651583511425,128.3334228515625,129.6130241394043,23.239999771118164,32.572782144864924
138,2021-01-19,TRV,143.6300048828125,144.2899932861328,142.0399932861328,135.05096435546875,1616400.0,1.0,2.0005263917108778,135.4444518709489,126.55403979775225,61.1108536489715,189.25346266756284,28.512517536883784,129.87054367065429,125.8130423227946,23.239999771118164,32.572782144864924
138,2021-01-19,UNH,356.2099914550781,356.9599914550781,351.55999755859375,338.9815673828125,3361300.0,1.0,3.585301831655272,353.5971816352073,318.801707524949,55.33574472523947,72.31252808679345,5.364468386167822,333.97142740885414,328.6354278564453,23.239999771118164,32.572782144864924
138,2021-01-19,V,203.0500030517578,204.1699981689453,200.07000732421875,197.77699279785156,9772000.0,1.0,-1.1870335239119356,217.25958119042375,196.086109727545,45.41191755977337,-164.72096941903297,23.393933721446682,206.3225575764974,202.2976521809896,23.239999771118164,32.572782144864924
138,2021-01-19,VZ,57.439998626708984,57.58000183105469,56.97999954223633,48.71947479248047,18821300.0,1.0,-0.47428473515093117,50.7470831842909,48.33315859122179,43.090213293492496,-109.88596706949049,30.51213721376687,50.12594083150228,50.15523255666097,23.239999771118164,32.572782144864924
138,2021-01-19,WBA,49.27000045776367,49.27000045776367,47.93000030517578,42.33189392089844,5860600.0,1.0,2.0483857455462697,44.92558698195011,31.16280031663387,64.80963110226493,147.1509465004844,54.469892424324094,37.58057924906413,35.56760031382243,23.239999771118164,32.572782144864924
138,2021-01-19,WMT,144.63999938964844,145.07000732421875,142.6699981689453,137.38172912597656,8041200.0,1.0,-0.1809672623988945,142.5180914212092,136.44373414031423,47.16703512081303,-122.90049037357556,12.37451307298676,139.91409606933593,140.05079752604166,23.239999771118164,32.572782144864924
139,2021-01-20,AAPL,128.66000366210938,132.49000549316406,128.5500030517578,129.9096221923828,104319500.0,2.0,1.1537160363688344,133.7929586315706,123.56445561403487,56.48259927721246,49.41184527785684,8.824029489331235,126.73050460815429,120.88679784138998,21.579999923706055,24.270202926766014
139,2021-01-20,AMGN,247.4199981689453,253.35000610351562,246.1199951171875,231.1463623046875,2768200.0,2.0,4.732149243638162,229.99014721957766,196.9876314059106,63.23235651554,230.98385459331485,59.34983325213382,212.21084950764973,209.78875452677408,21.579999923706055,24.270202926766014
139,2021-01-20,AXP,127.19000244140625,129.5399932861328,127.06999969482422,124.4232406616211,4090200.0,2.0,2.278503039502482,123.22329270960056,109.0894865262393,62.995591250597265,225.9509500214771,36.33241520511001,116.00313288370768,110.58320121765136,21.579999923706055,24.270202926766014
139,2021-01-20,BA,213.24000549316406,215.58999633789062,211.2100067138672,211.4499969482422,9727000.0,2.0,-1.3999604664230674,222.13540500350217,202.34359585099003,53.113911566654714,-46.924624717918086,1.3946496198246916,218.0443333943685,202.51616694132488,21.579999923706055,24.270202926766014
139,2021-01-20,CAT,192.66000366210938,193.89999389648438,190.4199981689453,182.28114318847656,2501100.0,2.0,4.802538038683167,191.83036210270535,161.46107008723607,62.41663341100693,79.97410623834544,19.077132182139103,174.1735875447591,166.56302388509116,21.579999923706055,24.270202926766014
139,2021-01-20,CRM,221.99000549316406,224.63999938964844,219.97000122070312,223.44000244140625,9857700.0,2.0,-3.6976648339996245,230.4012584657936,211.77573890969467,47.10696022041655,11.477619427877135,13.6161435961197,222.05433197021483,234.44350001017253,21.579999923706055,24.270202926766014
139,2021-01-20,CSCO,45.33000183105469,45.5,45.13999938964844,41.77370834350586,16499400.0,2.0,0.5554921077642163,42.263910316706735,40.13972318243878,60.88248418139942,111.37688659102422,23.37950206614634,41.05468546549479,38.76270968119304,21.579999923706055,24.270202926766014
139,2021-01-20,CVX,95.0,95.55999755859375,94.30000305175781,85.05375671386719,8735400.0,2.0,1.9298933203476025,86.64817252047706,72.01211495510887,60.150844803154556,129.2318963526267,27.490683161831093,79.68757934570313,75.76253242492676,21.579999923706055,24.270202926766014
139,2021-01-20,DIS,175.22000122070312,177.8800048828125,173.0,173.63999938964844,9809200.0,2.0,3.307706111047594,182.91319191963206,169.22780539482105,61.42210421555867,26.939030259982086,26.710678403744286,172.54833221435547,155.02433293660482,21.579999923706055,24.270202926766014
139,2021-01-20,GS,295.82000732421875,297.45001220703125,287.4800109863281,271.7908630371094,4792600.0,2.0,14.504630078980426,296.76323233678687,223.1248322384085,67.10494933342255,86.99585348486204,40.35691167545344,248.6208928426107,224.8624715169271,21.579999923706055,24.270202926766014
139,2021-01-20,HD,273.25,277.2099914550781,271.5,256.70947265625,3498400.0,2.0,1.0347822640173376,259.20404084901804,245.60498014707568,52.38176637030757,114.28050712978522,6.107127118717196,251.46458129882814,253.53757298787434,21.579999923706055,24.270202926766014
139,2021-01-20,HON,207.9199981689453,208.6699981689453,206.6699981689453,197.26173400878906,2452400.0,2.0,0.31022718625422385,201.9836604429314,194.83681380023268,55.957588541268876,-99.41737751767673,6.745067639947991,199.2762456258138,190.90217132568358,21.579999923706055,24.270202926766014
139,2021-01-20,IBM,123.99617767333984,125.2963638305664,122.90631103515625,108.68892669677734,5856240.0,2.0,1.3478118667818535,109.79298637155205,101.81031791921944,58.08678223066671,138.50569192107704,29.528839537535834,105.42829742431641,101.45837491353353,21.579999923706055,24.270202926766014
139,2021-01-20,INTC,58.2400016784668,59.220001220703125,58.09000015258789,53.926246643066406,28701300.0,2.0,2.290834945451749,55.42621016586649,39.39648346816671,65.15211600298974,187.6387016826499,60.85666031649517,46.96709314982096,44.7814016977946,21.579999923706055,24.270202926766014
139,2021-01-20,JNJ,163.1999969482422,164.13999938964844,161.8000030517578,150.9876251220703,6839900.0,2.0,2.7126657664408924,152.74889742120985,139.91771482244252,63.86392082191865,142.09602277246216,41.249399351822056,144.55157165527345,139.21094678243,21.579999923706055,24.270202926766014
139,2021-01-20,JPM,137.82000732421875,138.1699981689453,135.44000244140625,125.75809478759766,16028800.0,2.0,4.917097998616072,134.45933405675058,107.58192036829826,64.96613273798144,90.42107495921277,37.43084868027196,117.49742940266927,110.01138038635254,21.579999923706055,24.270202926766014
139,2021-01-20,KO,48.540000915527344,48.81999969482422,48.310001373291016,44.7880744934082,23115800.0,2.0,-0.9740796773598817,51.33364401291956,43.59260377455603,41.64589110195799,-147.95256602254884,42.08837121536704,47.9907730102539,47.5600030263265,21.579999923706055,24.270202926766014
139,2021-01-20,MCD,210.14999389648438,214.41000366210938,209.6300048828125,200.94776916503906,4077700.0,2.0,-0.4886347911682094,202.84799276974942,195.93127206179352,50.74815341172009,30.237271292738697,4.95509814232105,199.13707427978517,200.7356081644694,21.579999923706055,24.270202926766014
139,2021-01-20,MMM,169.0399932861328,170.5800018310547,168.42999267578125,151.5980682373047,2672300.0,2.0,-1.2061756229455227,158.94733775924232,145.60961261917566,50.69208934288265,-50.34184749847523,10.33721957857794,153.22280629475912,151.25036188761393,21.579999923706055,24.270202926766014
139,2021-01-20,MRK,79.43701934814453,79.72328186035156,78.50190734863281,72.0771713256836,11097901.0,2.0,0.5924224190139427,74.26344486736957,68.73624690509138,53.17372603185608,55.800597069756066,23.225098880785076,71.32044169108073,70.24712053934734,21.579999923706055,24.270202926766014
139,2021-01-20,MSFT,217.6999969482422,225.7899932861328,217.2899932861328,218.91610717773438,37777300.0,2.0,0.1383647904847578,221.955303727676,205.8913332352146,55.528159187574204,92.77520378808593,18.903247247885233,212.598312886556,210.10046869913737,21.579999923706055,24.270202926766014
139,2021-01-20,NKE,140.3800048828125,143.2100067138672,140.00999450683594,138.90428161621094,4654400.0,2.0,1.2265471088188349,142.58786737523295,134.74306371607562,58.18266870798595,25.960840090852013,6.784775019269793,137.3002507527669,131.76828320821127,21.579999923706055,24.270202926766014
139,2021-01-20,PG,132.52999877929688,133.8000030517578,131.25999450683594,123.23960876464844,12506600.0,2.0,-0.9983446570406613,131.9064431998487,124.4867025521044,40.039842890967435,-302.1243622469472,42.842187195107385,128.16092020670573,129.4648089090983,21.579999923706055,24.270202926766014
139,2021-01-20,TRV,143.27999877929688,145.5500030517578,142.6699981689453,136.4719696044922,1929600.0,2.0,2.186239381735305,136.35756421860538,126.22061952773255,62.35374470620844,203.57319102826673,34.09687430015214,130.17530949910483,126.12159411112468,21.579999923706055,24.270202926766014
139,2021-01-20,UNH,351.8800048828125,352.0799865722656,345.8299865722656,337.6821594238281,3036800.0,2.0,3.160664538553874,353.48366611445704,320.114493675582,54.62393560164561,30.108966856584296,15.418526140892888,334.0019063313802,329.0569641113281,21.579999923706055,24.270202926766014
139,2021-01-20,V,203.02999877929688,207.19000244140625,202.22999572753906,202.04322814941406,12675700.0,2.0,-1.2635732506154227,217.19435910813468,195.6315350569044,48.89836269793117,-95.2813296210965,11.809557587334599,206.10450439453126,202.43361384073893,21.579999923706055,24.270202926766014
139,2021-01-20,VZ,57.0099983215332,57.38999938964844,56.65999984741211,48.8988037109375,19923100.0,2.0,-0.46412693625923396,50.42622699333761,48.435429195627236,44.24720062787859,-113.13940771391117,35.77623436550096,50.02237968444824,50.16287899017334,21.579999923706055,24.270202926766014
139,2021-01-20,WBA,47.959999084472656,48.16999816894531,47.060001373291016,42.279136657714844,5731800.0,2.0,2.0316342377917636,45.41207741890682,31.326892765419355,64.63721855916455,114.91101244788314,41.98945409632682,37.71772918701172,35.729081535339354,21.579999923706055,24.270202926766014
139,2021-01-20,WMT,143.58999633789062,145.66000366210938,142.88999938964844,139.41290283203125,7925200.0,2.0,-0.19902379053672803,142.49253299731825,136.42714015942002,50.57869235156104,-69.20951101303962,7.862227246443941,139.8228327433268,140.09044392903647,21.579999923706055,24.270202926766014
140,2021-01-21,AAPL,133.8000030517578,139.6699981689453,133.58999633789062,134.671875,120150900.0,3.0,1.6312190558205089,134.72802195469163,123.47951588710524,59.79236269736715,162.25634155109785,29.936493877695874,127.16081415812174,121.24803721110025,21.31999969482422,29.23693101383536
140,2021-01-21,AMGN,252.0,252.72999572753906,249.52000427246094,230.8441162109375,2215900.0,3.0,5.248135623425327,232.63271346941292,196.60926803693474,62.95214931100574,202.4219139625337,59.34983325213381,212.9918411254883,210.19180857340496,21.31999969482422,29.23693101383536
140,2021-01-21,AXP,128.2899932861328,128.88999938964844,126.0999984741211,122.96611785888672,3654900.0,3.0,2.443169902178724,124.10234445857195,109.31308065129134,61.134797242953674,183.5716305288524,30.776721358258317,116.1293202718099,111.0142665863037,21.31999969482422,29.23693101383536
140,2021-01-21,BA,211.72000122070312,211.92999267578125,206.33999633789062,207.41000366210938,11091300.0,3.0,-1.5324141013115025,221.17466361443937,202.11433785040438,51.272413599625246,-77.8399392770893,7.490985121267185,217.0190002441406,203.1836669921875,21.31999969482422,29.23693101383536
140,2021-01-21,CAT,192.35000610351562,193.72000122070312,190.0500030517578,182.13902282714844,1951200.0,3.0,4.520462097065604,192.27979322207716,162.24208788143847,62.26542804089221,71.09142101502333,17.56275703039198,174.62930043538412,166.94988021850585,21.31999969482422,29.23693101383536
140,2021-01-21,CRM,223.69000244140625,224.74000549316406,220.82000732421875,222.1699981689453,6785900.0,3.0,-3.1732894438291908,229.8558223471386,211.8911747231739,46.52377656283625,13.688700232718718,13.287532648376422,221.8699986775716,233.97099990844725,21.31999969482422,29.23693101383536
140,2021-01-21,CSCO,45.20000076293945,45.2400016784668,44.720001220703125,41.56180191040039,17488400.0,3.0,0.5179974306054049,42.2991059858271,40.158983842664114,59.53721590746618,55.145120995665884,11.705654988465387,41.08898366292318,38.86409289042155,21.31999969482422,29.23693101383536
140,2021-01-21,CVX,93.86000061035156,94.66000366210938,91.22000122070312,82.04859924316406,10393100.0,3.0,1.7846399584539654,86.90406331574923,72.28413324797148,55.845396712805154,71.80141771631895,8.997926280227635,79.72473526000977,76.06709480285645,21.31999969482422,29.23693101383536
140,2021-01-21,DIS,173.24000549316406,175.0,171.02000427246094,171.27999877929688,8416400.0,3.0,2.783036428455972,182.84947623035578,169.3505207178864,59.11863018075706,-12.480062787207254,18.61922849755005,173.13499908447267,155.7398328145345,21.31999969482422,29.23693101383536
140,2021-01-21,GS,290.45001220703125,292.739990234375,288.5299987792969,270.7615966796875,2516000.0,3.0,13.426733415722538,297.385055203411,225.53372378828826,66.47520047562553,75.0555372120131,40.35691167545343,250.20907694498698,226.19492314656574,21.31999969482422,29.23693101383536
140,2021-01-21,HD,276.2200012207031,280.70001220703125,275.6700134277344,261.15484619140625,4397900.0,3.0,1.518913632641187,260.6205092211954,244.9428178051718,55.22572093316676,182.37000539678593,15.297186881596431,251.97650095621745,253.49989852905273,21.31999969482422,29.23693101383536
140,2021-01-21,HON,206.86000061035156,207.80999755859375,205.10000610351562,194.5598907470703,2705100.0,3.0,0.042767666285641326,202.05889556770944,194.24680969352102,53.47990795476704,-152.9720784650545,13.568285867987012,199.09075063069662,191.38422088623048,21.31999969482422,29.23693101383536
140,2021-01-21,IBM,124.397705078125,126.42447662353516,124.3307876586914,110.00072479248047,13116003.0,3.0,1.4837405716755399,110.34241117617951,101.95106111385955,59.74850466601449,167.26966672770095,35.0031205644501,105.62186762491862,101.69940478006998,21.31999969482422,29.23693101383536
140,2021-01-21,INTC,59.040000915527344,63.95000076293945,58.220001220703125,57.4098014831543,86519500.0,3.0,2.672512145753821,56.99031686608889,39.31219968969724,69.54059325001677,214.14171808890484,70.71307630801984,47.34271685282389,45.00518360137939,21.31999969482422,29.23693101383536
140,2021-01-21,JNJ,161.32000732421875,162.47999572753906,160.05999755859375,150.38320922851562,6818000.0,3.0,2.676768362449792,153.09992719666826,140.3765742681755,62.7231626045356,108.31946694077294,28.047429692936234,144.9470637003581,139.4820301055908,21.31999969482422,29.23693101383536
140,2021-01-21,JPM,135.69000244140625,136.16000366210938,134.32000732421875,124.70370483398438,13411700.0,3.0,4.519834317641028,134.6241497027679,108.54209327818913,63.48270672455402,69.87451544500047,31.687509409865793,117.92354329427083,110.50099360148111,21.31999969482422,29.23693101383536
140,2021-01-21,KO,48.779998779296875,49.09000015258789,48.459999084472656,45.03649139404297,19702500.0,3.0,-0.9882493926512552,51.263181411523114,43.30792645285677,42.63507959515137,-123.5377407783452,36.61276897207273,47.866872787475586,47.5419553120931,21.31999969482422,29.23693101383536
140,2021-01-21,MCD,214.05999755859375,215.9600067138672,213.32000732421875,200.85374450683594,2674900.0,3.0,-0.3083988666574271,202.9930995569297,195.96112560176172,50.652185981633394,88.35666843123985,11.171888296675903,199.28255920410157,200.5188128153483,21.31999969482422,29.23693101383536
140,2021-01-21,MMM,170.22000122070312,171.49000549316406,169.38999938964844,151.99880981445312,2688200.0,3.0,-0.9951869890816454,158.43053291833323,145.6820067545183,51.17305709171413,-32.8448260787006,5.655350268677135,153.23824310302734,151.2848912556966,21.31999969482422,29.23693101383536
140,2021-01-21,MRK,78.06298065185547,78.53053283691406,77.25190734863281,70.95834350585938,9043716.0,3.0,0.45152729902252986,74.16266585092345,69.002227490141,50.14840147211274,-7.29811375390173,6.43503902406534,71.3005261739095,70.27589937845866,21.31999969482422,29.23693101383536
140,2021-01-21,MSFT,224.6999969482422,226.3000030517578,222.4199981689453,219.53089904785156,30709400.0,3.0,0.6982976839024673,222.3342615227844,205.74462336491092,55.88771783043502,123.22728638226185,20.148573917024304,212.94570617675782,210.2517967224121,21.31999969482422,29.23693101383536
140,2021-01-21,NKE,142.41000366210938,143.80999755859375,141.1300048828125,137.7467498779297,4011200.0,3.0,1.0870549830224547,142.43120144991948,134.66530733914303,56.55249332520835,28.84913021312928,9.810898309956857,137.39298451741536,131.9608984629313,21.31999969482422,29.23693101383536
140,2021-01-21,PG,130.64999389648438,131.99000549316406,130.50999450683594,123.11839294433594,8761600.0,3.0,-1.2339982578280484,132.27417886064728,123.58466665937227,39.85732334503609,-286.46906868548575,45.85935111414987,127.97783813476562,129.30009435017902,21.31999969482422,29.23693101383536
140,2021-01-21,TRV,148.1300048828125,152.2899932861328,147.10000610351562,139.95387268066406,2835300.0,3.0,2.5845852531386697,138.11951163551518,125.4533696816235,65.1749858395238,309.71128341888925,54.44512450174803,130.66658655802408,126.49082717895507,21.31999969482422,29.23693101383536
140,2021-01-21,UNH,350.80999755859375,360.8900146484375,350.739990234375,341.6861572265625,3749800.0,3.0,3.1113597656749334,353.2833512038284,322.13585655984355,56.41126113552764,86.28175281638023,1.7389728797452093,334.2309814453125,329.4673914591471,21.31999969482422,29.23693101383536
140,2021-01-21,V,206.0500030517578,207.1699981689453,204.75,201.19000244140625,6513500.0,3.0,-1.377204167040503,217.24139484478127,195.20495220111718,48.26065655292572,-79.51031073819671,11.809557587334597,205.85899200439454,202.5550287882487,21.31999969482422,29.23693101383536
140,2021-01-21,VZ,57.189998626708984,57.5099983215332,57.04999923706055,48.907344818115234,13601500.0,3.0,-0.45019800907625296,50.30240306861906,48.42348041526766,44.30299117472703,-97.44767556292388,31.774593238650972,49.924736404418944,50.16179599761963,21.31999969482422,29.23693101383536
140,2021-01-21,WBA,47.790000915527344,47.900001525878906,46.70000076293945,41.38239288330078,5624400.0,3.0,1.9238221942953118,45.70331163074034,31.598326400265528,61.74875506313974,92.65322784786197,37.09008396219488,37.85370712280273,35.86794217427572,21.31999969482422,29.23693101383536
140,2021-01-21,WMT,145.36000061035156,145.72999572753906,144.2100067138672,138.7805633544922,4775300.0,3.0,-0.2613456009266315,142.44750252016487,136.3648647283703,49.548269721441855,-52.01296385549257,7.315770845057973,139.73594767252604,140.1147783915202,21.31999969482422,29.23693101383536
141,2021-01-22,AAPL,136.27999877929688,139.85000610351562,135.02000427246094,136.8365478515625,114459400.0,4.0,2.159422172543202,136.06073576413144,122.85425599612245,61.18066849584676,174.02118164292196,30.368604534972533,127.6426170349121,121.64519055684407,21.90999984741211,103.09228296871916
141,2021-01-22,AMGN,252.25999450683594,255.22999572753906,250.55999755859375,232.1905517578125,1866600.0,4.0,5.699998607072814,234.78341566323027,197.4362834334494,63.693581553061556,188.02841515011775,62.533866696099,213.74169108072917,210.65172220865887,21.90999984741211,103.09228296871916
141,2021-01-22,AXP,125.73999786376953,127.05999755859375,124.87999725341797,121.72132110595703,2954800.0,4.0,2.445039983504145,124.32276277716332,110.24968595330543,59.57950996930135,137.9178055277402,23.983811664292492,116.22747701009115,111.4902946472168,21.90999984741211,103.09228296871916
141,2021-01-22,BA,205.5500030517578,206.6999969482422,204.27000427246094,205.83999633789062,7514600.0,4.0,-1.7439676576283318,220.24063493155907,201.75436628914403,50.56759149109883,-99.99391949353624,11.0334272871357,215.99466654459636,203.93383356730143,21.90999984741211,103.09228296871916
141,2021-01-22,CAT,190.85000610351562,192.82000732421875,189.30999755859375,181.90206909179688,2027000.0,4.0,4.229044897854948,192.28188652954046,163.78423132934628,62.00634824658001,59.81396271670216,14.450848857756052,175.07303059895833,167.41747233072917,21.90999984741211,103.09228296871916
141,2021-01-22,CRM,224.89999389648438,227.7899932861328,223.75,225.77000427246094,10186100.0,4.0,-2.439111207445677,228.54724894337969,212.6597487372844,48.397112150832704,85.4210608905772,3.5258213516905514,221.80033213297526,233.70083338419596,21.90999984741211,103.09228296871916
141,2021-01-22,CSCO,44.75,44.88999938964844,44.22999954223633,41.248538970947266,14643400.0,4.0,0.45772851822425764,42.303856250489794,40.19472925976411,57.591137533396974,-15.36859694353104,0.08445641751483261,41.112230428059895,38.97777201334635,21.90999984741211,103.09228296871916
141,2021-01-22,CVX,90.4000015258789,92.02999877929688,89.83000183105469,81.79891204833984,7810600.0,4.0,1.6305816228139633,86.99298945188077,72.8524161267325,55.50392665526867,38.94274836244766,1.869483822459392,79.73038279215494,76.39137001037598,21.90999984741211,103.09228296871916
141,2021-01-22,DIS,174.0,175.25,171.88999938964844,172.77999877929688,9517200.0,4.0,2.4599130426253737,182.62729246870003,169.8057046626476,60.10243163187908,-11.068653008258243,19.31464866233261,173.77033233642578,156.55183283487955,21.90999984741211,103.09228296871916
141,2021-01-22,GS,286.69000244140625,290.5899963378906,285.5,270.7802734375,2568800.0,4.0,12.430706159767908,297.0034630750658,229.59258642444598,66.48110519812938,64.01692871223479,33.12461908579651,251.7857198079427,227.58817647298176,21.90999984741211,103.09228296871916
141,2021-01-22,HD,279.260009765625,285.0799865722656,277.8699951171875,265.7873840332031,4501900.0,4.0,2.2504564571748062,263.19503812861063,243.67475709844015,57.934123913377874,233.52742402771423,25.128459363412215,252.67153930664062,253.64740575154622,21.90999984741211,103.09228296871916
141,2021-01-22,HON,204.25999450683594,204.4600067138672,201.38999938964844,191.73484802246094,3502700.0,4.0,-0.39262730506922594,202.72070028915928,193.04558846816494,51.0356442726294,-243.80051551095625,27.0510104949721,198.78043568929036,191.90363693237305,21.90999984741211,103.09228296871916
141,2021-01-22,IBM,115.3919677734375,115.3919677734375,112.1988525390625,99.1051025390625,39814421.0,4.0,0.704162248209343,111.04980948574331,100.8258855520985,44.56662552147371,-230.69263661231886,28.683401851144772,105.42411982218424,101.81072832743327,21.90999984741211,103.09228296871916
141,2021-01-22,INTC,58.849998474121094,59.619998931884766,56.650001525878906,52.07876205444336,85729300.0,4.0,2.51582290785111,57.20792696803362,40.05877301365584,57.98115341886681,117.6947103739241,56.7118773618562,47.52562688191732,45.16262334187825,21.90999984741211,103.09228296871916
141,2021-01-22,JNJ,162.36000061035156,165.16000366210938,161.8699951171875,152.07553100585938,8137000.0,4.0,2.7531391607924434,153.6202224394238,140.86329654250977,64.5569116845698,136.05976433008587,37.64330059497852,145.31900024414062,139.8008647918701,21.90999984741211,103.09228296871916
141,2021-01-22,JPM,132.69000244140625,134.39999389648438,132.1999969482422,123.74181365966797,12933200.0,4.0,4.080347701061086,134.39369898868165,109.97398213314453,62.143575760837436,49.66683399620146,21.420198028868008,118.31392135620118,111.01390838623047,21.90999984741211,103.09228296871916
141,2021-01-22,KO,48.810001373291016,48.939998626708984,48.4900016784668,44.6132698059082,15400300.0,4.0,-1.0218501863899832,51.19158128684379,42.986665401998984,41.398278595898915,-117.68687878354963,36.61276897207272,47.72303848266601,47.52780876159668,21.90999984741211,103.09228296871916
141,2021-01-22,MCD,212.50999450683594,214.13999938964844,211.1699981689453,200.712646484375,2196400.0,4.0,-0.17492955019531564,203.1038248089087,195.98773250310302,50.503923535827504,32.86359846370383,1.3430373332397536,199.43901774088542,200.3688616434733,21.90999984741211,103.09228296871916
141,2021-01-22,MMM,170.1999969482422,170.1999969482422,167.24000549316406,150.54713439941406,2349300.0,4.0,-0.9343445086036013,157.97341001902845,145.6279235991356,49.368471793550306,-65.66799704185442,14.787221143068368,153.13671468098957,151.348792775472,21.90999984741211,103.09228296871916
141,2021-01-22,MRK,77.18511199951172,77.70037841796875,77.06106567382812,70.78353881835938,9436926.0,4.0,0.32204924077828423,74.05641510090925,69.24483764567279,49.69145047664185,-26.935585919714907,4.119708930355698,71.25541534423829,70.31607411702474,21.90999984741211,103.09228296871916
141,2021-01-22,MSFT,227.0800018310547,230.07000732421875,225.8000030517578,220.48719787597656,30172700.0,4.0,1.2053196843063745,222.6978008989152,205.57722504102622,56.454243033353684,156.79514287592778,28.789333487831748,213.26902974446614,210.51882349650066,21.90999984741211,103.09228296871916
141,2021-01-22,NKE,141.08999633789062,141.8800048828125,139.30999755859375,135.54840087890625,4150500.0,4.0,0.7900113177838364,142.5055327541974,134.2894348971698,53.60190959000897,-41.523747875297616,0.6476219222109216,137.40044199625652,132.14308522542316,21.90999984741211,103.09228296871916
141,2021-01-22,PG,131.02000427246094,131.47000122070312,129.99000549316406,122.16921997070312,7202800.0,4.0,-1.480281991295115,132.71257443599268,122.6076602441831,38.43798182369179,-262.40445495725584,47.89769222729151,127.75159556070963,129.1363744099935,21.90999984741211,103.09228296871916
141,2021-01-22,TRV,146.83999633789062,147.97000122070312,144.4499969482422,137.24362182617188,1237900.0,4.0,2.651023286465147,138.79926204825915,125.65444965218029,61.46588506726489,188.61006060624123,36.704978495817485,131.02512868245444,126.88393427530924,21.90999984741211,103.09228296871916
141,2021-01-22,UNH,353.30999755859375,354.6199951171875,347.5400085449219,334.51556396484375,2585100.0,4.0,2.4652604410808294,352.245322047796,324.3808559307197,52.5747326905761,28.743962053670277,3.8127751869919075,334.2210367838542,329.8788289388021,21.90999984741211,103.09228296871916
141,2021-01-22,V,203.99000549316406,205.3300018310547,201.8000030517578,198.13009643554688,7316200.0,4.0,-1.694631669926025,217.48421180029283,194.58749230126966,46.03341711014474,-118.04616295430615,20.174481414949792,205.50755920410157,202.70607121785483,21.90999984741211,103.09228296871916
141,2021-01-22,VZ,57.16999816894531,57.689998626708984,56.7599983215332,49.07814407348633,16364500.0,4.0,-0.42052955847221796,50.24399793284596,48.40543939930737,45.43258517579332,-91.34767977690251,36.60160467996079,49.829969787597655,50.16567192077637,21.90999984741211,103.09228296871916
141,2021-01-22,WBA,46.83000183105469,47.459999084472656,46.13999938964844,41.71647262573242,4679500.0,4.0,1.8440804052622184,45.908800828122985,32.11199613842975,62.39637317538587,80.09226926716671,29.651160014028875,38.01371561686198,36.02438990275065,21.90999984741211,103.09228296871916
141,2021-01-22,WMT,145.60000610351562,147.33999633789062,145.1199951171875,140.19854736328125,6406500.0,4.0,-0.19407939923837603,142.50986311672557,136.50658128024708,51.82501113778742,26.856453982736202,4.572059833793493,139.6536885579427,140.18963419596355,21.90999984741211,103.09228296871916
142,2021-01-25,AAPL,143.07000732421875,145.08999633789062,136.5399932861328,140.62474060058594,157611700.0,0.0,2.8508397377318886,138.3116812548331,121.78010341313563,63.46445364703688,223.55943260197526,41.58016279888631,128.33596700032552,122.08010546366374,23.190000534057617,19.836788524463813
142,2021-01-25,AMGN,252.0500030517578,257.1099853515625,251.85000610351562,235.48789978027344,1830700.0,0.0,6.252101372610355,237.3614967920735,197.98704904532886,65.44550634824412,180.03927355695254,64.75315958284163,214.57366790771485,211.18827387491862,23.190000534057617,19.836788524463813
142,2021-01-25,AXP,124.23999786376953,125.0,120.31999969482422,116.90612030029297,6156700.0,0.0,2.034522860631995,124.17410995761229,110.84305923184083,54.07454880430706,40.87695236453958,2.6750439919752385,116.22378463745117,111.91732114156088,23.190000534057617,19.836788524463813
142,2021-01-25,BA,203.27000427246094,203.8000030517578,199.3000030517578,203.36000061035156,14276200.0,0.0,-2.0876748876218016,219.06927958444035,201.29272145315733,49.45664555644554,-124.72918822516931,18.99471930963088,215.03799997965496,204.73583348592123,23.190000534057617,19.836788524463813
142,2021-01-25,CAT,190.55999755859375,191.3699951171875,186.97000122070312,177.54266357421875,3837100.0,0.0,3.604773490827796,191.98307649643513,165.017881755518,57.45634673165136,30.25296853016023,5.051392129553693,175.33279622395833,167.895521291097,23.190000534057617,19.836788524463813
142,2021-01-25,CRM,229.69000244140625,230.3000030517578,221.32000732421875,225.9199981689453,8213500.0,0.0,-1.8241388742923448,228.22338638582522,212.83261184415522,48.474909933795374,82.70119775737706,3.768768695557349,221.97866516113282,233.29449996948242,23.190000534057617,19.836788524463813
142,2021-01-25,CSCO,45.040000915527344,45.16999816894531,44.709999084472656,41.48808288574219,16581300.0,0.0,0.42440192174717595,42.30320535204471,40.288160843634,58.66004757685198,41.84082501472705,5.977290207025356,41.133713785807295,39.107629267374676,23.190000534057617,19.836788524463813
142,2021-01-25,CVX,90.62000274658203,91.02999877929688,89.33000183105469,81.05876922607422,7689400.0,0.0,1.432255788581216,87.04266605809467,73.26733302637798,54.482366999478046,22.079907894717913,0.629441254879683,79.7440559387207,76.72425422668456,23.190000534057617,19.836788524463813
142,2021-01-25,DIS,171.88999938964844,173.11000061035156,168.77000427246094,171.88999938964844,7833700.0,0.0,2.1077233953773202,182.7299478087868,169.5370489563499,59.22759328458023,-64.10396672198408,7.104756288685063,174.35233256022136,157.3614995320638,23.190000534057617,19.836788524463813
142,2021-01-25,GS,285.5299987792969,286.3500061035156,277.5,264.8386535644531,4575000.0,0.0,11.034707081500414,296.4067488416234,232.67730724968524,62.8387089510524,40.174995115579236,16.222416104723717,253.04017232259113,228.96708908081055,23.190000534057617,19.836788524463813
142,2021-01-25,HD,283.8500061035156,285.7699890136719,281.4200134277344,266.7981872558594,4025900.0,0.0,2.8785901926517568,265.5741785948952,242.7246892029564,58.50074905179636,231.3289922729993,26.56383199180108,253.27985483805338,253.7993492126465,23.190000534057617,19.836788524463813
142,2021-01-25,HON,201.33999633789062,202.55999755859375,200.10000610351562,191.37457275390625,4737700.0,0.0,-0.7580142435930384,203.10170104825409,191.89480316317167,50.729762974889425,-248.7476467388205,31.04882518116788,198.452739461263,192.47083257039387,23.190000534057617,19.836788524463813
142,2021-01-25,IBM,113.53728485107422,114.2829818725586,112.28489685058594,99.08004760742188,14315974.0,0.0,0.08335818544016149,111.597735641981,99.83344645640766,44.539703339818004,-216.98101620164812,28.683401851144772,105.19545720418294,101.94442087809244,23.190000534057617,19.836788524463813
142,2021-01-25,INTC,56.380001068115234,56.5,54.060001373291016,50.95741271972656,61968500.0,0.0,2.2749379693134486,57.214625160802505,40.86735726107249,55.957172333160486,65.45634928527066,36.91035214409769,47.69015413920085,45.31779905954997,23.190000534057617,19.836788524463813
142,2021-01-25,JNJ,165.00999450683594,166.08999633789062,163.66000366210938,154.33505249023438,9924400.0,0.0,2.9618457547057346,154.3753206585452,141.41369453920868,66.81187925257164,151.66711778914936,40.58269702997702,145.71821187337238,140.16997871398925,23.190000534057617,19.836788524463813
142,2021-01-25,JPM,132.13999938964844,133.1699981689453,130.05999755859375,122.19722747802734,14212800.0,0.0,3.5663060388113195,134.2639474359263,110.83849702208153,60.03972105218112,30.546965398496692,11.997808928263334,118.68189163208008,111.53031196594239,23.190000534057617,19.836788524463813
142,2021-01-25,KO,48.41999816894531,48.84000015258789,48.2400016784668,44.88008117675781,16604200.0,0.0,-1.0152464802612116,51.02048720304902,42.762137232375785,42.48636490419956,-108.17771087493608,39.09602718152233,47.58349723815918,47.51658738454183,23.190000534057617,19.836788524463813
142,2021-01-25,MCD,212.22000122070312,214.0500030517578,210.55999755859375,200.67498779296875,2615300.0,0.0,-0.07137018589767763,203.20080417655942,196.01491542793275,50.46314094609286,18.71593379963495,1.3034118756309179,199.5848149617513,200.23854242960613,23.190000534057617,19.836788524463813
142,2021-01-25,MMM,168.8800048828125,172.49000549316406,168.22999572753906,151.7494659423828,3353100.0,0.0,-0.7801156101164111,157.63198403608015,145.6487334321816,50.8534068026938,-29.984985148830653,3.3927034195694974,152.99125010172526,151.5082260131836,23.190000534057617,19.836788524463813
142,2021-01-25,MRK,77.01335906982422,77.47137451171875,76.39312744140625,70.93213653564453,9957677.0,0.0,0.2287901897916953,73.96835088677412,69.45440149359698,50.09136807852717,-38.260281588867265,3.7165155966843817,71.20687510172526,70.37101147969564,23.190000534057617,19.836788524463813
142,2021-01-25,MSFT,229.1199951171875,229.77999877929688,224.22000122070312,223.9806365966797,33152100.0,0.0,1.8675021787608728,224.16788673228442,204.9375621812898,58.469850531205786,151.38513200909046,22.8345074735684,213.84574127197266,210.79265263875325,23.190000534057617,19.836788524463813
142,2021-01-25,NKE,138.99000549316406,139.17999267578125,134.74000549316406,133.79750061035156,5998700.0,0.0,0.40860886555796583,142.78626430251933,133.5991894938674,51.392657431415834,-139.4583423774446,20.875183007949243,137.36023712158203,132.3022383371989,23.190000534057617,19.836788524463813
142,2021-01-25,PG,129.9499969482422,133.0,129.89999389648438,124.27430725097656,9640000.0,0.0,-1.4884428314392864,132.7804855239707,122.23126908418361,43.08776220190595,-180.00162631340092,32.238416858848176,127.64658813476562,128.9912363688151,23.190000534057617,19.836788524463813
142,2021-01-25,TRV,144.5,146.55999755859375,143.25999450683594,137.73297119140625,1284800.0,0.0,2.7119012016944453,139.5290079846101,125.71613285401295,61.87118246971042,149.45796350708503,29.561291316376952,131.38429845174153,127.32338205973308,23.190000534057617,19.836788524463813
142,2021-01-25,UNH,347.1499938964844,350.3900146484375,344.6000061035156,334.76580810546875,2506300.0,0.0,1.9509256260090524,351.3757537173801,326.2340973568387,52.69089078262508,4.883861648416319,8.70550127664288,334.3301198323568,330.33519694010414,23.190000534057617,19.836788524463813
142,2021-01-25,V,200.33999633789062,201.63999938964844,195.75,197.110107421875,19282400.0,0.0,-2.005383034588732,217.7830968166112,193.86492869608412,45.312308736529225,-163.09919926428356,33.915994373439,205.22641296386718,202.88924077351888,23.190000534057617,19.836788524463813
142,2021-01-25,VZ,57.470001220703125,58.619998931884766,57.18000030517578,49.88941955566406,22444300.0,0.0,-0.32777555376858203,50.256270832867614,48.40038238063336,50.3776653105532,-34.811676300067,9.937575907098298,49.76196403503418,50.189124488830565,23.190000534057617,19.836788524463813
142,2021-01-25,WBA,46.689998626708984,47.939998626708984,46.29999923706055,42.04176330566406,5428400.0,0.0,1.7865385973788435,46.12080052346481,32.598934049899455,63.026900634872206,80.04469604275576,32.983148733404626,38.19101435343425,36.20378071467082,23.190000534057617,19.836788524463813
142,2021-01-25,WMT,145.36000061035156,146.25,144.27000427246094,140.07395935058594,6343700.0,0.0,-0.1491048730111686,142.45953198214602,136.8424272463696,51.61330789101922,-8.567871095020571,1.5807169748697165,139.60482533772787,140.25111719767253,23.190000534057617,19.836788524463813
143,2021-01-26,AAPL,143.60000610351562,144.3000030517578,141.3699951171875,140.86090087890625,98390600.0,1.0,3.378899450748804,140.17050114969598,121.02231653829229,63.60254809358746,222.28058225255145,41.58016279888631,128.98930435180665,122.60735880533854,23.020000457763672,62.8047713592772
143,2021-01-26,AMGN,256.5899963378906,259.07000732421875,254.86000061035156,236.86184692382812,2008900.0,1.0,6.723014122045981,239.69365756005467,198.92204678564846,66.14959034617553,172.7193963539607,66.93589786103344,215.50304158528647,211.85507634480794,23.020000457763672,62.8047713592772
143,2021-01-26,AXP,118.75,120.29000091552734,115.72000122070312,112.0812759399414,8932500.0,1.0,1.3048193212524666,124.25595026397227,110.68499059296133,49.34824924313918,-73.77394968938057,13.378652852471568,116.0544563293457,112.31730244954427,23.020000457763672,62.8047713592772
143,2021-01-26,BA,205.33999633789062,208.35000610351562,201.7899932861328,202.05999755859375,11011800.0,1.0,-2.4368739592654833,218.38553693371736,200.46746447009124,48.87438329659234,-102.58076988808544,9.412978413095523,213.95900014241536,205.6345001220703,23.020000457763672,62.8047713592772
143,2021-01-26,CAT,187.60000610351562,189.41000366210938,186.8300018310547,177.41944885253906,2506000.0,1.0,3.0647628267171854,191.69024858222187,166.1257639910203,57.33333651310337,20.22484268810801,4.502502424184103,175.62678985595704,168.47756856282552,23.020000457763672,62.8047713592772
143,2021-01-26,CRM,227.8000030517578,227.91000366210938,224.5399932861328,226.25999450683594,5021000.0,1.0,-1.2944128213713384,228.31901324113096,212.78498456160344,48.6564210640984,84.91754143247051,3.7687686955573443,222.08999837239583,233.09166666666667,23.020000457763672,62.8047713592772
143,2021-01-26,CSCO,44.88999938964844,45.349998474121094,44.77000045776367,41.69999694824219,13087800.0,1.0,0.41035967682358176,42.32823398901469,40.3624814193105,59.59211755040279,63.70219983164792,9.734236642426236,41.173532485961914,39.258687782287595,23.020000457763672,62.8047713592772
143,2021-01-26,CVX,92.19999694824219,92.91000366210938,89.2699966430664,79.68549346923828,7827800.0,1.0,1.1510012337101898,86.95848341978048,73.71088456117654,52.62334738089286,27.95418205497583,8.401824495730478,79.62545522054036,77.07277151743571,23.020000457763672,62.8047713592772
143,2021-01-26,DIS,173.0,173.35000610351562,169.0500030517578,169.55999755859375,7523200.0,1.0,1.6219026037982758,183.08118214889512,168.76881479934704,56.98134243014483,-102.29913319232963,7.879937532860095,174.8479990641276,158.21299947102864,23.020000457763672,62.8047713592772
143,2021-01-26,GS,283.92999267578125,285.7699890136719,280.0799865722656,263.64093017578125,3296800.0,1.0,9.719679076564887,295.3950032919628,236.08442786038094,62.12887402245038,37.47644529439508,16.222416104723706,254.2054219563802,230.41770579020184,23.020000457763672,62.8047713592772
143,2021-01-26,HD,285.4200134277344,285.6499938964844,281.70001220703125,264.47723388671875,2472200.0,1.0,3.1527660392318353,267.0104423950265,242.38152385253207,56.68701930604826,189.3757574660815,26.563831991801084,253.83482666015624,254.02306416829427,23.020000457763672,62.8047713592772
143,2021-01-26,HON,203.83999633789062,204.77000427246094,200.97999572753906,190.60671997070312,2201900.0,1.0,-1.0969009360413509,203.45647629532564,190.7370661851431,50.068144553329894,-198.54863865214148,19.09600436835123,198.10798136393228,193.11314112345377,23.020000457763672,62.8047713592772
143,2021-01-26,IBM,113.93881225585938,117.1988525390625,113.21223449707031,102.3470458984375,11186656.0,1.0,-0.143361466567967,111.66188242570733,99.58547551496649,48.71840143683285,-130.50266840698444,13.923525665151907,105.12666269938151,102.1862356821696,23.020000457763672,62.8047713592772
143,2021-01-26,INTC,55.279998779296875,56.20000076293945,54.849998474121094,50.746002197265625,31485900.0,1.0,2.043420577279207,57.14848101370828,41.68168484932883,55.57878414792346,62.006605938534015,36.91035214409769,47.84181315104167,45.49059111277263,23.020000457763672,62.8047713592772
143,2021-01-26,JNJ,169.6999969482422,173.64999389648438,169.38999938964844,158.51934814453125,14205700.0,1.0,3.42539905563919,156.1429924688586,141.32066872498905,70.41744610637664,225.01322390168016,57.84870080648285,146.2832453409831,140.68255043029785,23.020000457763672,62.8047713592772
143,2021-01-26,JPM,132.75,133.1699981689453,131.33999633789062,121.69780731201172,11307800.0,1.0,3.083085395157866,133.99106860408023,111.84670223942564,59.3674489658105,29.86651929906041,11.997808928263341,119.0570899963379,112.0810920715332,23.020000457763672,62.8047713592772
143,2021-01-26,KO,48.90999984741211,49.400001525878906,48.61000061035156,45.34931182861328,12922600.0,1.0,-0.9610713709779972,50.73852811609737,42.66227678502568,44.365686072065564,-84.69582791808783,27.16694283867801,47.468184280395505,47.54270356496175,23.020000457763672,62.8047713592772
143,2021-01-26,MCD,212.50999450683594,215.50999450683594,212.1699981689453,202.59390258789062,2907800.0,1.0,0.16365522772983354,203.605272898052,195.98575798573708,52.485639829244384,86.10434684051187,5.0409746737520305,199.81495717366536,200.26924591064454,23.020000457763672,62.8047713592772
143,2021-01-26,MMM,173.77999877929688,176.83999633789062,172.0800018310547,156.70120239257812,5148900.0,1.0,-0.25538048154115245,157.88908382496606,145.51898807444798,56.31227242549358,65.64948894990496,13.951708982452413,153.06428019205728,151.7869784037272,23.020000457763672,62.8047713592772
143,2021-01-26,MRK,77.4332046508789,77.4332046508789,76.45992279052734,70.14545440673828,7748283.0,1.0,0.0903614166012261,73.95861499765456,69.4737519457048,48.0016149894516,-49.96759226487111,3.71651559668438,71.14598719278972,70.43899917602539,23.020000457763672,62.8047713592772
143,2021-01-26,MSFT,231.86000061035156,234.17999267578125,230.0800018310547,226.71295166015625,49169600.0,1.0,2.582986506502408,226.02003971734408,204.02024958929653,59.96904168667952,201.61639190310967,32.17060357704904,214.55516510009767,211.2834790547689,23.020000457763672,62.8047713592772
143,2021-01-26,NKE,137.75999450683594,137.85000610351562,134.7100067138672,131.41433715820312,5312300.0,1.0,-0.08497713582241317,143.3819562259778,132.37122980917846,48.573740661094924,-172.86082649212082,20.988061138045218,137.27982635498046,132.51729253133138,23.020000457763672,62.8047713592772
143,2021-01-26,PG,132.25,133.47000122070312,131.42999267578125,125.07308197021484,5996700.0,1.0,-1.4141544199726752,132.68045431246242,121.97378305326025,44.726516664452745,-130.5491352394857,27.795210943845877,127.5962313334147,128.93258450826008,23.020000457763672,62.8047713592772
143,2021-01-26,TRV,146.80999755859375,147.55999755859375,143.69000244140625,135.23919677734375,1277300.0,1.0,2.5297591455335464,139.78026099749528,125.95611061505357,58.620749665513486,124.44549785985116,32.71951617202941,131.60387802124023,127.68370501200359,23.020000457763672,62.8047713592772
143,2021-01-26,UNH,350.510009765625,351.510009765625,342.57000732421875,330.2420349121094,2467500.0,1.0,1.1648531870835654,351.11791845536595,326.7152266862356,50.38315947052746,-15.146106571707458,12.00906891750483,334.4411275227865,330.91612854003904,23.020000457763672,62.8047713592772
143,2021-01-26,V,201.75999450683594,203.49000549316406,200.97000122070312,198.1202850341797,9605300.0,1.0,-2.145411866495749,217.93725326341576,193.05465652662332,46.17613755098693,-110.30832286218227,26.7820170657183,205.04334055582683,203.2392384847005,23.020000457763672,62.8047713592772
143,2021-01-26,VZ,56.9900016784668,57.279998779296875,56.40999984741211,48.309566497802734,37892700.0,1.0,-0.377397867476688,50.27149161795734,48.24453087349774,42.600425476860956,-121.17249721152,23.204684538428307,49.668052673339844,50.20131416320801,23.020000457763672,62.8047713592772
143,2021-01-26,WBA,47.7599983215332,49.290000915527344,47.54999923706055,43.24622344970703,5473600.0,1.0,1.817178860842553,46.40095862828749,33.16013832605821,65.2582618671592,97.66929373056469,41.3366883307775,38.411978276570636,36.42366371154785,23.020000457763672,62.8047713592772
143,2021-01-26,WMT,145.6300048828125,147.80999755859375,145.47000122070312,141.3291015625,5010500.0,1.0,-0.012043915352677459,142.55226607483436,137.13389267760707,53.589129639352635,77.30722262192039,8.93155929413517,139.61983693440754,140.37854487101237,23.020000457763672,62.8047713592772
144,2021-01-27,AAPL,143.42999267578125,144.3000030517578,140.41000366210938,139.77853393554688,140843800.0,2.0,3.667772809331666,141.15232657897175,120.56886635315719,62.48282106402903,187.451051704508,36.96348095763746,129.6337855021159,123.04912516276042,37.209999084472656,87.2735417992512
144,2021-01-27,AMGN,255.47000122070312,259.44000244140625,250.32000732421875,229.95562744140625,3237900.0,2.0,6.464423820333167,240.2813330940632,200.8449608512493,59.812294113345594,129.79199462718395,44.74198115955279,216.22541198730468,212.38494160970052,37.209999084472656,87.2735417992512
144,2021-01-27,AXP,114.86000061035156,116.80000305175781,112.0999984741211,110.09342956542969,5816900.0,2.0,0.5596698936151228,124.66955426100886,109.89925295945012,47.57594400569131,-136.6356543085661,23.44759626971147,115.8704719543457,112.69264704386393,37.209999084472656,87.2735417992512
144,2021-01-27,BA,196.89999389648438,199.47000122070312,191.85000610351562,194.02999877929688,20948500.0,2.0,-3.32326203529189,219.0798795064291,197.5671221415201,45.4548372483998,-180.07800333011878,23.75098578957236,212.7490000406901,206.39683354695637,37.209999084472656,87.2735417992512
144,2021-01-27,CAT,184.1999969482422,185.5500030517578,179.33999633789062,171.18356323242188,4095300.0,2.0,2.1093019113309595,191.36722111100585,166.75243526106448,51.55464178909715,-40.92164989386177,19.540141641194197,175.6990951538086,168.90053736368816,37.209999084472656,87.2735417992512
144,2021-01-27,CRM,223.6999969482422,227.80999755859375,221.5800018310547,224.77999877929688,7641100.0,2.0,-0.982696481007622,228.34176236078227,212.77623538091697,47.89662180774853,50.79163820400428,5.229667608751921,222.16866505940754,232.88566665649415,37.209999084472656,87.2735417992512
144,2021-01-27,CSCO,45.2400016784668,46.459999084472656,45.08000183105469,42.10539245605469,29634500.0,2.0,0.4270206972152195,42.42658703740015,40.36928813044653,61.3180710068286,157.79897868426406,28.553302795089074,41.226864369710285,39.41680749257406,37.209999084472656,87.2735417992512
144,2021-01-27,CVX,87.52999877929688,90.3499984741211,86.75,78.65107727050781,10178500.0,2.0,0.8350107462776322,86.79644090386174,74.16719892768123,51.26042530142223,-18.35629480281654,3.9498613602554746,79.49912618001302,77.37592665354411,37.209999084472656,87.2735417992512
144,2021-01-27,DIS,165.00999450683594,166.33999633789062,160.52000427246094,163.02999877929688,18239200.0,2.0,0.701878974397232,184.17596444618079,166.0910323189559,51.336632356791874,-240.63831050673508,18.0885145339877,174.42499898274738,158.9044994354248,37.209999084472656,87.2735417992512
144,2021-01-27,GS,276.0,277.3699951171875,271.32000732421875,255.75303649902344,3891800.0,2.0,7.949387222967346,294.4688089562476,238.29626367558828,57.68918747809588,5.334986105728242,0.2899554264546309,255.24528910319012,231.73422088623047,37.209999084472656,87.2735417992512
144,2021-01-27,HD,279.989990234375,280.80999755859375,273.0799865722656,256.4754943847656,4337000.0,2.0,2.6933318158640986,267.1905139782113,242.6506649158317,51.042998826147965,69.3363094763316,0.6308894603330373,254.13118387858074,254.11481323242188,37.209999084472656,87.2735417992512
144,2021-01-27,HON,198.11000061035156,200.75999450683594,196.52999877929688,189.01406860351562,4108600.0,2.0,-1.476959269261755,203.8323715911169,189.36007530829716,48.70517584826881,-256.22464106401435,32.372678088920466,197.6260767618815,193.6748072306315,37.209999084472656,87.2735417992512
144,2021-01-27,IBM,116.7112808227539,119.3021011352539,116.2715072631836,102.3303451538086,12705239.0,2.0,-0.32068932778042836,111.71665776654105,99.33434549883982,48.69899753748273,-75.58561425303309,4.666843446612873,105.07652969360352,102.39674898783366,37.209999084472656,87.2735417992512
144,2021-01-27,INTC,54.61000061035156,54.849998474121094,53.29999923706055,49.25699234008789,49722900.0,2.0,1.719964049873198,56.88882092923667,42.540627389244776,52.96903881506487,31.236775756697554,26.02107626505667,47.960076649983726,45.640695571899414,37.209999084472656,87.2735417992512
144,2021-01-27,JNJ,169.1199951171875,170.9199981689453,167.4499969482422,156.1017608642578,14207300.0,2.0,3.5566899892189383,156.90268529010262,141.92691370892084,66.1237488993206,168.56788726178596,46.195202057930544,146.7459976196289,141.17283554077147,37.209999084472656,87.2735417992512
144,2021-01-27,JPM,129.58999633789062,129.85000610351562,127.3499984741211,118.2571792602539,17603900.0,2.0,2.394892791070802,133.762584755988,112.39115135851397,54.98005633154106,-9.947174907423637,3.89191736675082,119.339333597819,112.56488647460938,37.209999084472656,87.2735417992512
144,2021-01-27,KO,48.88999938964844,49.31999969482422,48.22999954223633,44.650062561035156,21242400.0,2.0,-0.9634546728452023,50.29460611387889,42.58820943787892,42.23802385306904,-91.03990122509744,31.432447789514,47.32036259969075,47.556252543131514,37.209999084472656,87.2735417992512
144,2021-01-27,MCD,212.38999938964844,213.14999389648438,207.0,194.71139526367188,5464000.0,2.0,-0.2828770721034175,203.8255367527065,195.10517156028175,44.72584365061543,-154.30434627223866,15.088627624655276,199.79112752278647,200.16452255249024,37.209999084472656,87.2735417992512
144,2021-01-27,MMM,177.30999755859375,187.27000427246094,177.16000366210938,166.23062133789062,8097000.0,2.0,0.9188286716015739,161.08444216606634,143.38700558783992,64.22342712288369,221.47234025502743,39.82475493047078,153.43922271728516,152.22529042561848,37.209999084472656,87.2735417992512
144,2021-01-27,MRK,76.2022933959961,76.40267181396484,73.32061004638672,67.36585235595703,16230376.0,2.0,-0.24085857119268894,74.48577039692874,68.6511543467236,41.65038678688156,-175.93667242749987,31.431936662882432,70.99331359863281,70.46485163370768,37.209999084472656,87.2735417992512
144,2021-01-27,MSFT,238.0,240.44000244140625,230.13999938964844,227.26918029785156,69870600.0,2.0,3.1584869223382555,227.56023509843308,203.2548573698286,60.27106900186787,212.14782013569436,42.71188373391818,215.19400533040366,211.75048548380533,37.209999084472656,87.2735417992512
144,2021-01-27,NKE,132.22000122070312,132.86000061035156,130.27000427246094,127.4456558227539,7815900.0,2.0,-0.787311378639771,144.5205983065588,130.12272063265019,44.380153853042366,-282.1858732524095,35.53753581499844,137.07263870239257,132.65358174641926,37.209999084472656,87.2735417992512
144,2021-01-27,PG,132.38999938964844,133.10000610351562,127.69999694824219,120.64682006835938,10826700.0,2.0,-1.6929276462369103,132.8975473199754,120.8668768133254,38.38985211383195,-198.36589898732063,43.81142492093264,127.36719538370768,128.80156262715658,37.209999084472656,87.2735417992512
144,2021-01-27,TRV,141.8699951171875,143.9199981689453,139.3000030517578,131.27732849121094,1637600.0,2.0,2.0421796183594836,139.77933383743647,125.98620952804202,53.96162905213773,23.789754236395183,9.648684833352126,131.74660466512043,127.96303494771321,37.209999084472656,87.2735417992512
144,2021-01-27,UNH,337.0400085449219,338.0,329.010009765625,320.5015869140625,4770900.0,2.0,-0.24130600778295275,352.8254663940185,323.76027884523927,45.90489191246506,-138.02587079444294,30.076264533435427,334.3102254231771,331.4037709554037,37.209999084472656,87.2735417992512
144,2021-01-27,V,197.63999938964844,199.6999969482422,193.9600067138672,191.21583557128906,13772400.0,2.0,-2.7814542205395867,218.50849293581314,190.7514222253197,41.5370908332943,-185.5180948051214,39.77685622116252,204.67490793863934,203.40887705485025,37.209999084472656,87.2735417992512
144,2021-01-27,VZ,56.63999938964844,56.959999084472656,55.060001373291016,47.07984161376953,37239000.0,2.0,-0.5100726297352409,50.49005051681139,47.75054015091322,37.89032368046727,-178.24717194501437,39.819467409572376,49.53765703837077,50.18667138417562,37.209999084472656,87.2735417992512
144,2021-01-27,WBA,51.52000045776367,55.4900016784668,50.470001220703125,44.99577331542969,15941000.0,2.0,1.9600414057125946,46.87443326534867,33.699464287141566,68.14689840741447,152.9166417749561,63.60696860630052,38.694777170817055,36.68820018768311,37.209999084472656,87.2735417992512
144,2021-01-27,WMT,146.9600067138672,147.86000061035156,143.5500030517578,137.8128662109375,9970100.0,2.0,-0.18502012853289784,142.62011865511712,136.9338242159766,47.91847645402689,-33.9171891748742,4.122426032614534,139.5189173380534,140.44927800496419,37.209999084472656,87.2735417992512
145,2021-01-28,AAPL,139.52000427246094,141.99000549316406,136.6999969482422,134.88836669921875,142621100.0,3.0,3.462201298664354,141.38948126864878,120.55014885830438,57.73242424217624,111.80382391767517,20.703553003017117,130.13592300415038,123.51514383951823,30.209999084472656,44.47311024814697
145,2021-01-28,AMGN,252.47999572753906,276.69000244140625,243.4499969482422,226.92388916015625,5205600.0,3.0,5.946307865554388,240.47130386688667,202.56747329375787,57.31857891602757,133.74874873275843,64.11782307209656,216.78382975260416,212.87762095133465,30.209999084472656,44.47311024814697
145,2021-01-28,AXP,117.43000030517578,120.37999725341797,116.5999984741211,114.80249786376953,5788500.0,3.0,0.34513752945210285,124.62236505462275,110.06637090729132,51.8166592153336,-37.025727178418364,9.937957134375248,115.93544947306314,113.14375165303548,30.209999084472656,44.47311024814697
145,2021-01-28,BA,198.0500030517578,200.4199981689453,196.0,197.22999572753906,10403200.0,3.0,-3.7245832837685384,218.5337298316815,196.2112713890216,46.98399231553972,-146.02379237236732,21.781717020393454,211.70266672770182,207.2775001525879,30.209999084472656,44.47311024814697
145,2021-01-28,CAT,182.25999450683594,187.61000061035156,181.30999755859375,174.6995391845703,3445400.0,3.0,1.6171605075806497,190.5001339472722,168.43690828905594,54.24454367317976,-17.148668287299774,11.96670984224732,175.9275644938151,169.34471232096354,30.209999084472656,44.47311024814697
145,2021-01-28,CRM,225.0,229.60000610351562,225.0,226.5,7246000.0,3.0,-0.5900673821365672,228.9505910592507,212.5714060110618,48.85677029856462,90.26760027762525,0.35605834856631663,222.3429982503255,232.78949991861978,30.209999084472656,44.47311024814697
145,2021-01-28,CSCO,45.90999984741211,46.27000045776367,45.29999923706055,41.77370834350586,21166000.0,3.0,0.40874873900288833,42.44773891863674,40.44571811261326,59.178646290610764,129.16234427705507,28.55330279508907,41.27157719930013,39.56620031992595,30.209999084472656,44.47311024814697
145,2021-01-28,CVX,88.66999816894531,90.1500015258789,88.25,79.3823013305664,8155500.0,3.0,0.6362553236354103,86.56362187144774,74.79327281239014,52.16637537569803,-0.4597905163041506,3.9498613602554613,79.48664169311523,77.68101628621419,30.209999084472656,44.47311024814697
145,2021-01-28,DIS,166.1699981689453,172.8800048828125,165.9499969482422,171.8800048828125,14449100.0,3.0,0.67904751261824,183.95630287623766,165.7686940720045,57.27113163998358,-91.51636068182448,1.3699165223456455,174.51099904378256,159.74833285013835,30.209999084472656,44.47311024814697
145,2021-01-28,GS,274.6099853515625,279.8299865722656,271.3299865722656,257.3344421386719,3778700.0,3.0,6.597967135442957,293.1052511629092,241.2514382902158,58.30709919486475,6.353437298803958,4.231006787063837,256.40648752848307,233.09105224609374,30.209999084472656,44.47311024814697
145,2021-01-28,HD,276.1700134277344,282.9599914550781,274.92999267578125,260.2190246582031,3463000.0,3.0,2.6013121832904744,267.6443720639919,243.30674487936741,53.293614882510596,101.13160143059038,4.821729789286445,254.52019399007162,254.3142537434896,30.209999084472656,44.47311024814697
145,2021-01-28,HON,200.6199951171875,205.35000610351562,199.6300048828125,192.29412841796875,3731700.0,3.0,-1.4962371318084422,203.73468548183632,188.8614601480465,51.517061296318495,-141.42385677145836,12.090844366956608,197.3413569132487,194.285636138916,30.209999084472656,44.47311024814697
145,2021-01-28,IBM,117.39962005615234,117.78202819824219,114.7896728515625,100.33336639404297,8455969.0,3.0,-0.6152699824691439,111.92675879107702,98.813418363464,46.4123942503451,-117.46414843464996,10.164322094569748,104.98044077555339,102.53623072306316,30.209999084472656,44.47311024814697
145,2021-01-28,INTC,54.790000915527344,57.400001525878906,54.70000076293945,51.53647232055664,49202600.0,3.0,1.628781822571142,56.938652811181484,43.104784765112456,56.22428474763863,65.38111138688654,35.099008868770234,48.13165041605632,45.826205825805665,30.209999084472656,44.47311024814697
145,2021-01-28,JNJ,168.1999969482422,170.86000061035156,167.8000030517578,157.29196166992188,8944400.0,3.0,3.7139659702335734,157.81198575881595,142.41423647018794,67.14404579148166,161.34564199888877,46.19520205793054,147.36868184407552,141.68418833414714,30.209999084472656,44.47311024814697
145,2021-01-28,JPM,129.89999389648438,132.1699981689453,128.99000549316406,120.33820343017578,13761800.0,3.0,1.9944259519528202,133.40385363170788,113.30425107410267,56.9697868748235,7.824953974738073,4.527155785932491,119.72951278686523,113.0700496673584,30.209999084472656,44.47311024814697
145,2021-01-28,KO,48.689998626708984,49.5,48.61000061035156,45.22050476074219,17498900.0,3.0,-0.908837031051192,49.756587378483566,42.6680429773514,44.484852043435,-73.33096120938062,27.647106810763322,47.19400901794434,47.57870051066081,30.209999084472656,44.47311024814697
145,2021-01-28,MCD,208.6300048828125,210.36000061035156,205.1300048828125,194.54208374023438,5401600.0,3.0,-0.6430069775791765,204.05770854716627,194.31896534199387,44.57939365377044,-200.15424402474892,20.946141209778943,199.63121948242187,200.08736724853514,30.209999084472656,44.47311024814697
145,2021-01-28,MMM,185.0,186.5800018310547,182.5800018310547,163.35397338867188,4153700.0,3.0,1.5988459361307434,162.76838487720693,142.55536542796887,60.78604465219436,209.61736272283414,39.82475493047078,153.74618275960287,152.59387842814127,30.209999084472656,44.47311024814697
145,2021-01-28,MRK,73.54962158203125,74.91412353515625,73.54007720947266,68.10881805419922,12972039.0,3.0,-0.4383486646621151,74.7167455103655,68.11424737903879,43.709802570378336,-167.02202542485028,31.431936662882443,70.92338612874349,70.51291567484537,30.209999084472656,44.47311024814697
145,2021-01-28,MSFT,235.61000061035156,242.63999938964844,235.08999633789062,233.15335083007812,49111200.0,3.0,4.042775929654084,230.60178913909783,201.6555686489881,63.301173299603725,243.13791131551014,45.8720349664031,215.99840749104817,212.3520586649577,30.209999084472656,44.47311024814697
145,2021-01-28,NKE,132.36000061035156,136.3699951171875,131.5,131.04470825195312,6244600.0,3.0,-1.0414971428638182,144.70995099890325,129.2670562947979,48.547466225950544,-187.81225435942787,17.28642628911261,137.0220573425293,132.89483426411945,30.209999084472656,44.47311024814697
145,2021-01-28,PG,127.83999633789062,131.64999389648438,127.44000244140625,122.50756072998047,8242000.0,3.0,-1.7436119428532209,132.746873716407,120.338095613427,41.96549333380238,-167.94911658929374,44.72499565382203,127.22073415120443,128.7088706970215,30.209999084472656,44.47311024814697
145,2021-01-28,TRV,140.27999877929688,141.3800048828125,139.11000061035156,131.7478485107422,1680700.0,3.0,1.6744345246289072,139.7639091055626,126.15690769741592,54.406827587849314,1.0324301340187798,8.773879364019296,131.93512903849285,128.27748184204103,30.209999084472656,44.47311024814697
145,2021-01-28,UNH,336.6400146484375,346.5799865722656,334.510009765625,325.46807861328125,2769900.0,3.0,-0.9440603866406718,353.3961687959819,322.3040783964009,48.327473299757536,-74.68711379734748,14.214074414366415,334.3750315348307,331.9508524576823,30.209999084472656,44.47311024814697
145,2021-01-28,V,200.0,202.0,198.1699981689453,194.4032745361328,11041300.0,3.0,-2.993811882830954,218.16838562881284,189.5076306065387,44.21364012706976,-125.52597909146027,31.585858648460142,204.37970530192058,203.6832145690918,30.209999084472656,44.47311024814697
145,2021-01-28,VZ,55.0,56.33000183105469,55.0,47.284786224365234,24000800.0,3.0,-0.5918584417166741,50.56721562995686,47.432801917650565,39.052111499682,-173.19469851850624,40.43177020811507,49.424513753255205,50.17220547993978,30.209999084472656,44.47311024814697
145,2021-01-28,WBA,50.54999923706055,51.95000076293945,50.439998626708984,44.55618667602539,6288900.0,3.0,2.0145673553225265,47.06760966478864,34.49710896314105,66.70530382827806,117.04775632213249,63.28631240320539,38.96438840230306,36.937880261739096,30.209999084472656,44.47311024814697
145,2021-01-28,WMT,144.4600067138672,146.25999450683594,143.6300048828125,137.72665405273438,7433900.0,3.0,-0.3253116343451836,142.66215629349153,136.83909034957486,47.79021115712397,-63.85613009198476,4.122426032614525,139.45823923746744,140.53718897501628,30.209999084472656,44.47311024814697
146,2021-01-29,AAPL,135.8300018310547,136.74000549316406,130.2100067138672,129.8407440185547,177523800.0,4.0,2.859026353687824,141.3105851707884,120.45586990733658,53.39754522841074,9.948006381237096,1.2243363779518506,130.26973927815754,123.89850896199545,33.09000015258789,28.370414371039384
146,2021-01-29,AMGN,244.92999267578125,246.47000122070312,240.25,221.13514709472656,3792800.0,4.0,5.010832375929283,240.04284471232552,204.3020634297643,52.95744740284087,39.144575427700715,53.44815052106151,217.1166203816732,213.22423909505207,33.09000015258789,28.370414371039384
146,2021-01-29,AXP,117.73999786376953,118.38999938964844,115.80999755859375,112.18740844726562,5059300.0,4.0,-0.03548769540472563,124.77311775874443,109.64999167729073,49.51561240126443,-77.57997447067011,12.20439009764365,115.8574846903483,113.51665382385254,33.09000015258789,28.370414371039384
146,2021-01-29,BA,198.3000030517578,201.57000732421875,193.1199951171875,194.19000244140625,13683700.0,4.0,-4.239069956725018,217.98050129007927,194.51650035786994,45.72423171835406,-153.762597387955,25.61756533950925,210.52566680908203,208.03733342488607,33.09000015258789,28.370414371039384
146,2021-01-29,CAT,183.5,188.82000732421875,180.72999572753906,173.2779998779297,4541400.0,4.0,1.0997513091544135,190.11678141006973,169.17592031112167,53.013407142020434,-21.402926065312233,7.683087052425569,175.9926981608073,169.66746978759767,33.09000015258789,28.370414371039384
146,2021-01-29,CRM,224.66000366210938,228.7899932861328,223.02000427246094,225.55999755859375,6473000.0,4.0,-0.35071352641372755,229.35980906600386,212.47818837051958,48.35301507268629,62.50345740143756,5.570749069708839,222.52333170572916,232.67466659545897,33.09000015258789,28.370414371039384
146,2021-01-29,CSCO,44.849998474121094,45.369998931884766,44.47999954223633,41.073490142822266,22608100.0,4.0,0.3339171347762715,42.41460240549216,40.521037166651396,54.98865066063657,-9.650284220030382,9.314778586492311,41.2783265431722,39.70392284393311,33.09000015258789,28.370414371039384
146,2021-01-29,CVX,86.83000183105469,87.33999633789062,84.91999816894531,75.97586822509766,14699800.0,4.0,0.20154623681408168,86.57704429199877,74.76825676390943,47.877652116021444,-74.22660252517927,18.049643295141866,79.36268997192383,77.89051818847656,33.09000015258789,28.370414371039384
146,2021-01-29,DIS,168.8000030517578,169.80999755859375,165.7899932861328,168.1699981689453,12848800.0,4.0,0.3574662304872902,183.26633837863102,165.1586585696112,54.394455711609005,-131.46081239196667,0.9349488000499075,174.31866556803385,160.5489995320638,33.09000015258789,28.370414371039384
146,2021-01-29,GS,274.2699890136719,277.3999938964844,270.6199951171875,253.73196411132812,3412000.0,4.0,5.17659455032441,291.883095244481,243.57022659389784,56.36718411621973,-6.602405655816758,2.9752964925501866,257.3028813680013,234.36985041300457,33.09000015258789,28.370414371039384
146,2021-01-29,HD,275.80999755859375,277.05999755859375,270.0299987792969,253.4527130126953,4079500.0,4.0,1.959809693931163,267.46871055870616,244.0027570316259,49.075259953118774,8.437529579102657,7.4018442172007965,254.6087905883789,254.33840408325196,33.09000015258789,28.370414371039384
146,2021-01-29,HON,196.50999450683594,200.94000244140625,194.5500030517578,185.2125244140625,4635100.0,4.0,-2.0592040143795884,204.2785434617576,186.84060479263692,45.89768643104232,-239.3040356439668,25.58072427687724,196.747270711263,194.6422482808431,33.09000015258789,28.370414371039384
146,2021-01-29,IBM,114.93307495117188,115.96558380126953,113.67112731933594,99.52288055419922,12369473.0,4.0,-0.9037093090365005,112.18915755976586,98.11402542363258,45.51512702607515,-139.45441080915123,14.158562910771503,104.79049148559571,102.64504559834798,33.09000015258789,28.370414371039384
146,2021-01-29,INTC,55.97999954223633,57.15999984741211,55.36000061035156,51.02174377441406,37256200.0,4.0,1.4977201727411114,56.807429212006994,43.85735006960921,55.329694921793674,60.19415553354895,35.09900886877021,48.27993901570638,46.00039971669515,33.09000015258789,28.370414371039384
146,2021-01-29,JNJ,164.25999450683594,166.0,160.5500030517578,151.6850128173828,22505900.0,4.0,3.3475855230170453,157.7941104390832,143.09044156286993,58.55017138565159,67.39497152285439,11.15249429111837,147.75797627766926,142.07777608235676,33.09000015258789,28.370414371039384
146,2021-01-29,JPM,131.19000244140625,131.72000122070312,128.19000244140625,119.00633239746094,14808100.0,4.0,1.5516952582739805,133.06334707364695,114.03379953279835,55.35015445125985,-5.613647866754712,1.4953762338534042,120.0134651184082,113.51919136047363,33.09000015258789,28.370414371039384
146,2021-01-29,KO,49.029998779296875,49.119998931884766,48.11000061035156,44.300453186035156,18670300.0,4.0,-0.9290827418040166,49.056209765529196,42.789709271336044,41.773696043420316,-88.40347114153195,33.347191673158335,47.01950645446777,47.577293904622394,33.09000015258789,28.370414371039384
146,2021-01-29,MCD,205.11000061035156,209.39999389648438,203.11000061035156,195.50152587890625,5203300.0,4.0,-0.8412956277577734,204.154981379472,193.87177643302803,45.62315299504542,-203.6941970589346,26.778715747300396,199.411110941569,200.03305994669597,33.09000015258789,28.370414371039384
146,2021-01-29,MMM,182.2899932861328,182.97999572753906,174.8699951171875,156.4429168701172,4217200.0,4.0,1.5620931768186495,162.924910376059,142.53688009024958,53.64960067157867,92.06341420515298,11.50460109649312,153.77527618408203,152.80342839558918,33.09000015258789,28.370414371039384
146,2021-01-29,MRK,74.41793823242188,74.78053283691406,72.89122009277344,67.36585235595703,10671470.0,4.0,-0.6473498629419652,75.01024278007652,67.51307036079261,42.170109890951835,-176.58567866263726,35.796777297645576,70.82403132120768,70.52691612243652,33.09000015258789,28.370414371039384
146,2021-01-29,MSFT,235.99000549316406,238.02000427246094,231.35000610351562,226.3518829345703,42503100.0,4.0,4.146956192386341,231.8094094858959,201.45109313861582,58.01064490110938,157.3614127803057,32.58161469947256,216.5783716837565,212.84254480997723,33.09000015258789,28.370414371039384
146,2021-01-29,NKE,133.9499969482422,135.02999877929688,132.14999389648438,129.9455108642578,7166100.0,4.0,-1.3164618820251235,144.9255197525883,128.27428417197228,47.424820469962924,-184.16356846094314,17.286426289112605,136.8339988708496,133.0803923288981,33.09000015258789,28.370414371039384
146,2021-01-29,PG,130.19000244140625,130.2899932861328,128.07000732421875,120.48705291748047,8344100.0,4.0,-1.9246317506824653,132.80513943284842,119.45904361158517,39.39708696703589,-166.0889374835686,44.724995653822035,126.98201166788736,128.56070721944172,33.09000015258789,28.370414371039384
146,2021-01-29,TRV,138.97000122070312,138.97000122070312,135.8699951171875,128.26596069335938,2277100.0,4.0,1.0894758415487331,139.8968343079305,125.76237055657143,50.65682417122891,-78.28136253652359,5.036761739483815,131.9050153096517,128.4838670094808,33.09000015258789,28.370414371039384
146,2021-01-29,UNH,336.5299987792969,339.0199890136719,330.6300048828125,321.0694274902344,3899200.0,4.0,-1.834782449559782,354.4069766686232,320.1950558020799,46.422697704252265,-123.73385604534995,18.989538263417767,334.1796427408854,332.31337381998696,33.09000015258789,28.370414371039384
146,2021-01-29,V,197.82000732421875,203.0500030517578,192.80999755859375,189.52894592285156,21503000.0,4.0,-3.514906785311524,217.42796838767242,187.78539678566744,41.22770628349174,-151.4255314711945,40.300899711404895,203.88573710123697,203.82686030069988,33.09000015258789,28.370414371039384
146,2021-01-29,VZ,55.0,55.27000045776367,54.47999954223633,46.75532150268555,26231200.0,4.0,-0.6914273213037347,50.74019930585886,47.02290913835501,37.19280793002304,-201.748447936057,45.56288304688735,49.27766761779785,50.13891677856445,33.09000015258789,28.370414371039384
146,2021-01-29,WBA,50.2400016784668,51.40999984741211,49.849998474121094,44.17814636230469,10489400.0,4.0,2.0041720218104544,46.99619129482455,35.52769939121061,65.47311591769119,100.27159155514948,56.8251511849221,39.22579409281413,37.15591837565104,33.09000015258789,28.370414371039384
146,2021-01-29,WMT,143.17999267578125,143.75,140.35000610351562,134.6032257080078,10836400.0,4.0,-0.6806817517621084,143.23123407977758,135.91647405010522,43.43296647195197,-215.4884275394679,22.299143791354556,139.29568176269532,140.54679158528646,33.09000015258789,28.370414371039384
147,2021-02-01,AAPL,133.75,135.3800048828125,130.92999267578125,131.9857177734375,106239800.0,0.0,2.5249809116747883,141.3920967787983,120.51702797706106,54.88663461715134,15.853171342221701,1.224336377951865,130.47735010782878,124.29028447469075,30.239999771118164,17.765246515405565
147,2021-02-01,AMGN,244.3000030517578,245.47999572753906,239.5800018310547,220.21920776367188,2173500.0,0.0,4.147740095529969,239.7110053173855,205.59655388671604,52.30602713019589,30.480324776612726,51.24739902330726,217.4826904296875,213.55786616007487,30.239999771118164,17.765246515405565
147,2021-02-01,AXP,117.69999694824219,119.29000091552734,117.0,112.93045806884766,3359800.0,0.0,-0.27401930979135614,124.8377224093098,109.2517467374187,50.16609472361468,-54.273578927051275,8.867971284677207,115.8074935913086,113.85562311808268,30.239999771118164,17.765246515405565
147,2021-02-01,BA,196.0,197.3800048828125,192.86000061035156,195.83999633789062,9061900.0,0.0,-4.46222587163831,217.341958515019,193.33304301085988,46.52921641121505,-154.14102608732074,25.96791987472305,209.52466684977213,208.74050013224283,30.239999771118164,17.765246515405565
147,2021-02-01,CAT,185.9600067138672,186.8000030517578,182.02000427246094,175.05967712402344,2738200.0,0.0,0.8239690529914299,189.83296758047072,169.80691126474414,54.35654949587541,-19.939627868332018,7.683087052425562,176.18760884602864,169.95047709147136,30.239999771118164,17.765246515405565
147,2021-02-01,CRM,227.2100067138672,229.89999389648438,224.75,228.4600067138672,5696700.0,0.0,0.07215092024463843,230.28758246521824,212.1434157647622,49.99841775768914,91.95969214060995,1.962148133703602,222.68466542561848,232.53016662597656,30.239999771118164,17.765246515405565
147,2021-02-01,CSCO,44.91999816894531,45.630001068115234,44.65999984741211,41.828983306884766,16776900.0,0.0,0.3317503225036873,42.43439574107328,40.59429955616793,58.28519669232402,56.14982750007989,13.692652085011966,41.31025899251302,39.84235591888428,30.239999771118164,17.765246515405565
147,2021-02-01,CVX,85.98999786376953,87.30000305175781,84.56999969482422,77.05487823486328,8073600.0,0.0,-0.05525975620494705,86.37468204301561,75.14540004926954,49.24495718899097,-64.80817565327432,19.379320515601414,79.29491806030273,78.12400881449382,30.239999771118164,17.765246515405565
147,2021-02-01,DIS,170.83999633789062,171.72999572753906,168.02999877929688,170.97000122070312,8140400.0,0.0,0.3248034610891182,182.23827070610815,165.1657270966262,56.115428878907316,-80.87014948303587,6.1030839002203265,174.24699910481772,161.33149960835775,30.239999771118164,17.765246515405565
147,2021-02-01,GS,272.6600036621094,276.79998779296875,272.0,257.0630187988281,2324100.0,0.0,4.269716180356056,290.907898534821,245.57655886263987,57.71295851998144,-5.562801644798739,2.9752964925501724,258.268516031901,235.5842712402344,30.239999771118164,17.765246515405565
147,2021-02-01,HD,271.2300109863281,272.6499938964844,267.25,252.75079345703125,3707800.0,0.0,1.3788804320846282,267.2839213488422,244.6040089490093,48.6619120767098,-33.73174113036072,13.518089861556234,254.62376403808594,254.24800186157228,30.239999771118164,17.765246515405565
147,2021-02-01,HON,197.5500030517578,197.77000427246094,195.27999877929688,185.39268493652344,2889000.0,0.0,-2.4624364417888103,204.08602971536305,185.40823450582837,46.05255349604693,-215.03866360575148,25.580724276877238,196.28116709391276,194.9137944539388,30.239999771118164,17.765246515405565
147,2021-02-01,IBM,114.62715148925781,115.63097381591797,113.50860595703125,100.71772766113281,6538023.0,0.0,-1.0240804160899017,112.23988541622124,97.61711150150337,47.075522116153415,-121.32391569591739,14.74729007013315,104.65095443725586,102.75661608378093,30.239999771118164,17.765246515405565
147,2021-02-01,INTC,55.95000076293945,57.38999938964844,55.709999084472656,52.10633850097656,26926600.0,0.0,1.4644888848480235,56.7986066774791,44.49762516456191,56.82704810558123,65.35408949903159,35.90957003659144,48.45059356689453,46.18673890431722,30.239999771118164,17.765246515405565
147,2021-02-01,JNJ,165.30999755859375,165.30999755859375,162.60000610351562,151.2944793701172,9971400.0,0.0,2.991232527005508,157.78924861508472,143.5909088556184,58.0151418565565,67.73989891805404,11.152494291118382,148.16214752197266,142.46777903238933,30.239999771118164,17.765246515405565
147,2021-02-01,JPM,129.39999389648438,130.07000732421875,128.47999572753906,119.8849868774414,11080700.0,0.0,1.2572354395978493,132.83729436799862,114.57973444059513,56.199971562005935,-11.586212879780415,1.4953762338533925,120.31599248250326,113.9346144358317,30.239999771118164,17.765246515405565
147,2021-02-01,KO,48.27000045776367,48.689998626708984,48.18000030517578,44.60405731201172,12183600.0,0.0,-0.9101377958281418,47.97512935577289,43.28563648285015,42.96038712811183,-84.3077209261917,33.34719167315834,46.87904510498047,47.56984043121338,30.239999771118164,17.765246515405565
147,2021-02-01,MCD,208.47999572753906,209.69000244140625,206.60000610351562,195.586181640625,2812500.0,0.0,-0.9803094025725159,203.8787694495297,193.52246651238434,45.71646943849014,-139.38222448373924,25.359279428325333,199.22706044514973,199.91408462524413,30.239999771118164,17.765246515405565
147,2021-02-01,MMM,175.97000122070312,177.11000061035156,173.97000122070312,155.5879364013672,2569700.0,0.0,1.4472930781203956,162.91610078651365,142.5376727120215,52.855450271308506,46.254370036747,8.755990396285645,153.7541987101237,152.96090876261394,30.239999771118164,17.765246515405565
147,2021-02-01,MRK,74.41793823242188,74.74236297607422,73.7977066040039,67.61933898925781,8224599.0,0.0,-0.7834988781635417,75.1510270787583,66.98419020639794,42.88026132540178,-145.93235338468756,35.79677729764557,70.7520647684733,70.54210586547852,30.239999771118164,17.765246515405565
147,2021-02-01,MSFT,235.05999755859375,242.5,232.42999267578125,233.85595703125,33314200.0,0.0,4.77993574278193,234.4963088367933,200.4455368663317,61.667226359962086,188.9573214701853,39.625191677556806,217.24095458984374,213.3915921529134,30.239999771118164,17.765246515405565
147,2021-02-01,NKE,135.3699951171875,136.0500030517578,133.3000030517578,132.0076904296875,4366800.0,0.0,-1.3523833290599612,144.87604908091538,127.76346889393812,49.683032307988555,-136.59199856548304,12.266439424227753,136.74872461954752,133.26472536722818,30.239999771118164,17.765246515405565
147,2021-02-01,PG,129.0,129.66000366210938,128.1999969482422,121.20126342773438,6534200.0,0.0,-1.9875492032842033,132.45576723127618,118.93107358903632,40.7236916115051,-144.5065132086565,44.724995653822035,126.7477907816569,128.38210055033366,30.239999771118164,17.765246515405565
147,2021-02-01,TRV,137.0800018310547,138.5,135.88999938964844,130.06338500976562,1232200.0,0.0,0.7621434758681858,139.8973439273046,125.55859555633796,52.40855061651582,-67.13621882534868,5.036761739483824,131.92916946411134,128.6824920654297,30.239999771118164,17.765246515405565
147,2021-02-01,UNH,335.0299987792969,338.1499938964844,332.739990234375,321.4737548828125,3020200.0,0.0,-2.4794783769453375,355.00848627438353,317.9881018603821,46.62274967352684,-115.08848530001573,18.989538263417778,334.00831909179686,332.53477986653644,30.239999771118164,17.765246515405565
147,2021-02-01,V,195.13999938964844,199.2100067138672,195.02000427246094,194.54055786132812,12970700.0,0.0,-3.48332939717352,215.72500652112026,187.490581857786,45.166436772390014,-123.91388492605283,40.300899711404895,203.5617645263672,203.99527638753256,30.239999771118164,17.765246515405565
147,2021-02-01,VZ,55.27000045776367,55.27000045776367,54.220001220703125,46.35395431518555,20541100.0,0.0,-0.7935755089140599,50.8538152120871,46.5807062722879,35.85413902862571,-195.27119569917576,47.958815437886,49.1354679107666,50.09823462168376,30.239999771118164,17.765246515405565
147,2021-02-01,WBA,49.810001373291016,50.33000183105469,48.79999923706055,42.929725646972656,6732200.0,0.0,1.8735988456498873,46.62737314903695,36.683372471690596,61.58669711390882,75.68777526454075,45.84630306932472,39.47166798909505,37.33026994069417,30.239999771118164,17.765246515405565
147,2021-02-01,WMT,140.91000366210938,141.49000549316406,139.19000244140625,133.43435668945312,8648400.0,0.0,-1.0445916885203417,143.88216706796499,134.79798582510142,41.952204199926626,-254.74282759110235,27.49565462735149,139.098952738444,140.49904657999676,30.239999771118164,17.765246515405565
148,2021-02-02,AAPL,135.72999572753906,136.30999755859375,134.61000061035156,132.82208251953125,83305400.0,1.0,2.301208241276896,141.55360911765118,120.90455357155778,55.46068824981155,45.582013598116774,1.6997766714183713,130.68365046183268,124.62216720581054,25.559999465942383,18.722212834225118
148,2021-02-02,AMGN,240.0,241.9499969482422,236.8000030517578,220.27415466308594,2444200.0,1.0,3.4286437299791714,238.86873915157742,207.70556352176243,52.34240741259862,13.745732633433104,42.20156902856189,217.76510416666667,213.73668823242187,25.559999465942383,18.722212834225118
148,2021-02-02,AXP,118.29000091552734,122.41999816894531,118.27999877929688,116.47188568115234,4036700.0,1.0,-0.17527328008374354,124.8135039032217,109.57244809262791,53.1428174705112,5.42230770563058,1.9687894395890606,115.87619069417318,114.2518534342448,25.559999465942383,18.722212834225118
148,2021-02-02,BA,198.97999572753906,203.02999877929688,198.08999633789062,200.94000244140625,11130600.0,1.0,-4.179373456299771,217.36057871062636,193.13642293732286,48.95017582126041,-91.92600167627198,13.54424742585011,208.8480000813802,209.56233342488608,25.559999465942383,18.722212834225118
148,2021-02-02,CAT,186.5,192.77999877929688,185.63999938964844,182.4327850341797,5265400.0,1.0,1.1866785254347008,189.66427081452053,171.04783856047948,59.333156716923796,38.81776262601362,11.448779422720621,176.63865915934244,170.55213470458983,25.559999465942383,18.722212834225118
148,2021-02-02,CRM,231.47000122070312,235.9499969482422,231.3800048828125,234.1999969482422,7134900.0,1.0,0.8605237000525108,232.66143428120148,211.1585638877438,53.06039329246793,186.00052200755817,14.971672751148546,222.96066538492838,232.25449981689454,25.559999465942383,18.722212834225118
148,2021-02-02,CSCO,45.52000045776367,45.939998626708984,45.43000030517578,42.225162506103516,16520900.0,1.0,0.3578760857890231,42.44070746032351,40.76027940185911,59.879206585885626,128.62303433465786,18.695163893162476,41.35235112508138,39.989067522684735,25.559999465942383,18.722212834225118
148,2021-02-02,CVX,88.01000213623047,88.37000274658203,86.52999877929688,77.63450622558594,9233100.0,1.0,-0.20959316166128872,86.13697785812481,75.59266157668965,49.974217334192055,-35.30519767012573,13.36803707281303,79.25478998819987,78.36672039031983,25.559999465942383,18.722212834225118
148,2021-02-02,DIS,173.77000427246094,179.75999450683594,172.8000030517578,176.9600067138672,12215200.0,1.0,0.7733467043362623,182.13746202581558,165.19453718072737,59.49784158125184,38.60080132265363,23.861229413053945,174.36066589355468,162.19633305867512,25.559999465942383,18.722212834225118
148,2021-02-02,GS,278.32000732421875,288.25,278.0,268.51593017578125,5195500.0,1.0,4.4241637646636605,289.82939856522114,248.71077782638042,61.89335202784719,32.011858351726694,20.602372160843622,259.59533030192057,236.99050420125326,25.559999465942383,18.722212834225118
148,2021-02-02,HD,270.0,275.69000244140625,269.989990234375,254.70677185058594,4111800.0,1.0,1.064055150840801,266.88567275002305,245.77341385886365,49.87886551601549,7.610989674208256,5.381527338015203,254.56730092366536,254.1072031656901,25.559999465942383,18.722212834225118
148,2021-02-02,HON,197.8300018310547,200.8699951171875,197.50999450683594,189.71556091308594,2767800.0,1.0,-2.4054525227763577,203.90284053367398,184.8491324277518,49.631372597568095,-133.2532823378532,13.442031892713704,195.90765177408855,195.26210657755533,25.559999465942383,18.722212834225118
148,2021-02-02,IBM,114.11090087890625,115.67877960205078,114.03441619873047,99.79859161376953,6633627.0,1.0,-1.1800392254958751,112.3859332688864,97.09506190933625,46.026564568933246,-113.21022920079584,14.500369264614822,104.48077952067057,102.88389027913412,25.559999465942383,18.722212834225118
148,2021-02-02,INTC,57.189998626708984,58.279998779296875,56.880001068115234,53.3104248046875,23580900.0,1.0,1.5178161121811158,56.81477447254179,45.247106402091994,58.42743695619027,78.41253039979898,39.057886700053245,48.67578404744466,46.380219014485675,25.559999465942383,18.722212834225118
148,2021-02-02,JNJ,163.3800048828125,163.66000366210938,161.17999267578125,149.9368896484375,11443300.0,1.0,2.5696527087199854,157.5956261767446,144.2262030468882,56.16935075261696,40.613218592621294,5.493094116254361,148.3986373901367,142.82130381266276,25.559999465942383,18.722212834225118
148,2021-02-02,JPM,131.94000244140625,134.38999938964844,131.22000122070312,123.57533264160156,12253600.0,1.0,1.3065923897464415,132.4008729731241,115.8152662480673,59.5453563539966,28.897870486588136,16.448777640432148,120.77214101155599,114.45990613301595,25.559999465942383,18.722212834225118
148,2021-02-02,KO,48.79999923706055,49.349998474121094,48.630001068115234,45.04568862915039,13319800.0,1.0,-0.849693100082952,47.36778307805707,43.54336346735309,44.657659070962346,-63.05897342694483,19.18448191474801,46.746864318847656,47.57248617808024,25.559999465942383,18.722212834225118
148,2021-02-02,MCD,208.08999633789062,212.6300048828125,207.64999389648438,197.3075408935547,2786000.0,1.0,-0.9407353039449617,203.8776047210438,193.48036036684684,47.607722682885935,-61.233220654809244,11.795116695623948,199.0862787882487,199.85387751261393,25.559999465942383,18.722212834225118
148,2021-02-02,MMM,176.25,177.52999877929688,174.85000610351562,155.87294006347656,2844400.0,1.0,1.3635919473071283,163.15290152381337,142.5814139669093,53.09487777682187,56.419629219056525,9.864369865072838,153.7058100382487,153.2018699645996,25.559999465942383,18.722212834225118
148,2021-02-02,MRK,74.22709655761719,75.30534362792969,74.14122009277344,67.97769927978516,9866710.0,1.0,-0.8526524267063138,75.23902920660947,66.61735201897648,43.88798745745292,-117.55086947742102,27.73504516999546,70.6923350016276,70.50978876749674,25.559999465942383,18.722212834225118
148,2021-02-02,MSFT,241.3000030517578,242.30999755859375,238.69000244140625,233.71937561035156,25916300.0,1.0,5.210492305752041,236.8472024483951,200.223889775726,61.56627859191921,184.73362363070257,39.62519167755681,217.8944315592448,213.77679926554362,25.559999465942383,18.722212834225118
148,2021-02-02,NKE,137.05999755859375,139.86000061035156,136.75,135.78184509277344,7132800.0,1.0,-1.0640429702335723,144.85463130172974,127.73527882400269,53.46711296553375,-44.81715184782257,4.11950563209426,136.71921869913737,133.46746737162272,25.559999465942383,18.722212834225118
148,2021-02-02,PG,129.60000610351562,130.72000122070312,128.69000244140625,121.03211975097656,6825600.0,1.0,-2.0276863132601477,132.21604191158985,118.39984706546093,40.50645897191901,-120.75155539344408,33.884336020076965,126.47741775512695,128.20970446268717,25.559999465942383,18.722212834225118
148,2021-02-02,TRV,139.16000366210938,140.69000244140625,138.25,131.58787536621094,1403700.0,1.0,0.6186128647993598,139.71370315282783,126.13559646875419,53.84617109201751,-16.013668945795605,4.34379496770345,131.9856315612793,128.95234705607098,25.559999465942383,18.722212834225118
148,2021-02-02,UNH,337.1000061035156,344.6400146484375,337.1000061035156,326.0166931152344,2663700.0,1.0,-2.5939262288411555,355.07455464664395,316.8844571941763,48.842960988163604,-64.73171663797264,7.546603436021061,333.913671875,332.3010701497396,25.559999465942383,18.722212834225118
148,2021-02-02,V,200.85000610351562,204.35000610351562,200.0,198.7086944580078,11305100.0,1.0,-3.086392291664481,213.85068630790096,187.8790713825287,48.15575365472648,-61.81050275445404,23.11542108247909,203.28159790039064,204.14127349853516,25.559999465942383,18.722212834225118
148,2021-02-02,VZ,54.43000030517578,55.16999816894531,54.16999816894531,46.54182434082031,18974500.0,1.0,-0.8495757620177997,50.847472883393834,46.268799089262416,36.95293725970517,-177.25150292808095,48.42547944318974,48.996714146931964,50.06814715067546,25.559999465942383,18.722212834225118
148,2021-02-02,WBA,49.2400016784668,49.25,47.77000045776367,42.586849212646484,5516500.0,1.0,1.7225944040889516,46.28689850076417,37.64278060690185,60.565263541740634,57.71085906283014,35.872002299175044,39.6932181040446,37.51440137227376,25.559999465942383,18.722212834225118
148,2021-02-02,WMT,139.75999450683594,142.14999389648438,139.44000244140625,134.87149047851562,9000800.0,1.0,-1.2031589812858385,143.99179061542594,134.1364961277381,44.36472303108588,-191.66389984035004,22.512470101610187,138.9287307739258,140.48830006917316,25.559999465942383,18.722212834225118
149,2021-02-03,AAPL,135.75999450683594,135.77000427246094,133.61000061035156,131.78892517089844,89880900.0,2.0,2.017246067242013,141.6415391541112,121.10491699212903,54.573284330787374,26.030253074391826,1.5685632059974315,130.92241923014322,124.87003809611002,22.90999984741211,12.12330376752835
149,2021-02-03,AMGN,231.55999755859375,239.8699951171875,231.38999938964844,217.1508026123047,4479200.0,2.0,2.577019989613717,238.01856468724935,209.40939094019205,50.095415280797184,-13.483808011463468,26.46701543921773,218.0273676554362,213.8385882059733,22.90999984741211,12.12330376752835
149,2021-02-03,AXP,120.08000183105469,120.9800033569336,119.55999755859375,116.22099304199219,2782500.0,2.0,-0.11592496842150979,124.7968676544739,109.79989671930541,52.91118801607234,0.25210169222555384,1.9687894395890595,115.98364334106445,114.61649678548177,22.90999984741211,12.12330376752835
149,2021-02-03,BA,202.0,208.16000366210938,201.25999450683594,207.38999938964844,11836900.0,2.0,-3.395607579963354,216.82230901546237,193.25069208317043,51.80503505081018,-35.25256860872431,3.624805087113088,208.43600006103514,210.40066680908203,22.90999984741211,12.12330376752835
149,2021-02-03,CAT,190.91000366210938,191.52999877929688,189.05999755859375,181.4376983642578,2979000.0,2.0,1.377949078318892,189.43946836354988,172.10490419504387,58.443495506683824,40.003616565677,11.448779422720632,177.00029296875,171.013715616862,22.90999984741211,12.12330376752835
149,2021-02-03,CRM,235.0,236.0,232.25999450683594,234.82000732421875,5357600.0,2.0,1.517847660663108,234.77284345546352,210.3771550186576,53.37940516062425,177.70337993951586,15.096252501944713,223.20699920654297,231.83116658528647,22.90999984741211,12.12330376752835
149,2021-02-03,CSCO,45.75,46.15999984741211,45.540000915527344,42.169883728027344,13173600.0,2.0,0.3698569256014963,42.390138063327996,40.975769224269655,59.550749928473415,132.74101713150534,22.119675300890705,41.37371253967285,40.12480449676514,22.90999984741211,12.12330376752835
149,2021-02-03,CVX,87.05000305175781,89.38999938964844,86.88999938964844,79.32880401611328,9256500.0,2.0,-0.19296346285526056,86.05024905201277,75.85416989329973,52.05722147226787,-12.524642596560817,7.834841843212635,79.30740280151367,78.63225084940592,22.90999984741211,12.12330376752835
149,2021-02-03,DIS,177.0,178.42999267578125,175.75999450683594,176.42999267578125,5508600.0,2.0,1.0736760832798495,181.84398749254487,165.28701073743562,59.081023874408984,43.05168199267916,23.861229413053938,174.47866566975912,163.0208329518636,22.90999984741211,12.12330376752835
149,2021-02-03,GS,286.6099853515625,289.80999755859375,285.17999267578125,269.99432373046875,2712800.0,2.0,4.612686414684163,289.2680205265584,250.92085123857828,62.389844207737895,43.38047321162582,22.649030598925165,261.0431605021159,238.3424296061198,22.90999984741211,12.12330376752835
149,2021-02-03,HD,271.8900146484375,275.7200012207031,270.7099914550781,256.587890625,2802700.0,2.0,0.9553319392686319,266.6841149539267,246.7349051266397,51.03366685198139,20.711320547717495,5.301910556629876,254.6833516438802,253.9491989135742,22.90999984741211,12.12330376752835
149,2021-02-03,HON,199.6300048828125,199.89999389648438,197.41000366210938,188.78651428222656,1910100.0,2.0,-2.407506419769362,203.64494487489964,184.22348163877223,48.91000839837133,-129.765109772165,13.729556141076946,195.5632085164388,195.5262102762858,22.90999984741211,12.12330376752835
149,2021-02-03,IBM,113.80496978759766,114.53154754638672,112.92543029785156,99.53124237060547,7024308.0,2.0,-1.3101084405763572,112.42924521404316,96.46519143146466,45.72002142399083,-121.81502670096663,18.831601596419297,104.29333724975587,102.96731274922689,22.90999984741211,12.12330376752835
149,2021-02-03,INTC,57.88999938964844,58.33000183105469,57.380001068115234,53.01629638671875,21893200.0,2.0,1.518836418063593,56.79186944730152,45.919847013880116,57.8852064010802,74.53699948807251,39.237151016382114,48.98890609741211,46.56404806772868,22.90999984741211,12.12330376752835
149,2021-02-03,JNJ,160.94000244140625,161.52000427246094,159.57000732421875,149.23953247070312,8601900.0,2.0,2.1544417063269066,157.521349070499,144.50132396416893,55.235516921442745,12.982890274298688,0.638355065793363,148.58429667154948,143.15766576131185,22.90999984741211,12.12330376752835
149,2021-02-03,JPM,133.64999389648438,135.75999450683594,133.50999450683594,124.99040985107422,10600800.0,2.0,1.4432560752083106,131.9632325157651,117.13063192515287,60.734991313028125,46.474844269190804,20.538017068215318,121.29351806640625,114.94603335062662,22.90999984741211,12.12330376752835
149,2021-02-03,KO,48.95000076293945,49.09000015258789,48.66999816894531,44.87088394165039,12274100.0,2.0,-0.806597565951158,46.79973182292657,43.79767799763007,44.12009801321417,-64.49172646052251,19.184481914748,46.594442749023436,47.56811046600342,22.90999984741211,12.12330376752835
149,2021-02-03,MCD,208.35000610351562,209.99000549316406,207.92999267578125,196.3198699951172,3020700.0,2.0,-0.9777978874717235,203.85088328238015,193.24652730111592,46.64315324228546,-96.0924753322222,11.795116695623943,198.8865509033203,199.75476735432943,22.90999984741211,12.12330376752835
149,2021-02-03,MMM,175.3800048828125,177.44000244140625,173.5500030517578,156.28262329101562,2874200.0,2.0,1.315155912002922,163.4391292080955,142.64252362393574,53.446451444838665,51.32377530300069,5.619269701621779,153.6779042561849,153.4049222310384,22.90999984741211,12.12330376752835
149,2021-02-03,MRK,74.08396911621094,74.57061004638672,73.61640930175781,67.58438110351562,10034810.0,2.0,-0.9284915294925753,75.32610116625233,66.19987692212658,43.026128942273495,-134.68323108592233,31.77130352260252,70.62794443766276,70.473228708903,22.90999984741211,12.12330376752835
149,2021-02-03,MSFT,239.57000732421875,245.08999633789062,239.25999450683594,237.12496948242188,27158100.0,2.0,5.760115422594566,239.62008904611727,199.90031958425382,63.12338344847473,182.88312842506102,43.78935615959622,218.68842569986978,214.10683975219726,22.90999984741211,12.12330376752835
149,2021-02-03,NKE,139.6999969482422,140.05999755859375,138.00999450683594,134.84803771972656,4678600.0,2.0,-0.9005011921341861,144.73558778261233,127.60141706968257,52.45736438209447,-41.10442785747655,4.898387855023708,136.76299158732095,133.6164629618327,22.90999984741211,12.12330376752835
149,2021-02-03,PG,128.9499969482422,129.1999969482422,127.75,121.18247985839844,7309400.0,2.0,-2.0240306921277664,131.72646807002087,118.05130140019399,40.79687640175601,-124.17338997828205,38.267746176113725,126.18745854695638,128.01272468566896,22.90999984741211,12.12330376752835
149,2021-02-03,TRV,139.41000366210938,140.35000610351562,138.02000427246094,130.48687744140625,1083400.0,2.0,0.4112814932960873,139.344956188823,126.89300310072775,52.657770494696535,-30.966087187052977,3.3080323220507983,131.979359181722,129.139794921875,22.90999984741211,12.12330376752835
149,2021-02-03,UNH,338.0,340.1600036621094,334.6000061035156,325.2178649902344,2537100.0,2.0,-2.7177571173197066,355.2678542282496,316.0260788772192,48.476180453641554,-89.38236745429654,11.068229214570419,333.8979522705078,332.05660552978514,22.90999984741211,12.12330376752835
149,2021-02-03,V,203.07000732421875,203.50999450683594,200.97999572753906,197.48277282714844,13458600.0,2.0,-2.838023438338041,212.47686695292947,187.96321330830102,47.370024055922414,-62.00231787403794,23.115421082479077,202.95631713867186,204.20694020589193,22.90999984741211,12.12330376752835
149,2021-02-03,VZ,54.310001373291016,54.900001525878906,54.25,46.78947448730469,13909300.0,2.0,-0.8640132618864342,50.797090437998904,46.04851007164466,38.39203576658673,-163.20099272113845,48.42547944318974,48.85354131062825,50.02909075419108,22.90999984741211,12.12330376752835
149,2021-02-03,WBA,48.310001373291016,49.2400016784668,48.02000045776367,42.99127197265625,5211200.0,2.0,1.6169170201421181,45.67928985328128,38.930864870839805,61.34747167919808,58.21231929134983,35.87200229917505,39.93381690979004,37.687461853027344,22.90999984741211,12.12330376752835
149,2021-02-03,WMT,140.66000366210938,142.0500030517578,140.6300048828125,135.2834930419922,4988900.0,2.0,-1.2808151003970067,144.0442799664188,133.64807232850308,45.042116418901394,-153.37356766419032,22.512470101610198,138.77703297932942,140.46039632161458,22.90999984741211,12.12330376752835
150,2021-02-04,AAPL,136.3000030517578,137.39999389648438,134.58999633789062,135.18353271484375,84183100.0,3.0,2.0425749250821923,141.78106509411788,122.02706249987627,56.91640360331683,59.08574032757356,3.8172694068372435,131.22284901936848,125.17669919331868,21.770000457763672,35.33808211427787
150,2021-02-04,AMGN,236.27999877929688,237.86000061035156,233.75,217.27902221679688,2819700.0,3.0,1.8906540077528575,237.74664354120205,210.04493665899327,50.186229535761846,-15.358505375985372,26.46701543921772,218.3299321492513,213.94717381795246,21.770000457763672,35.33808211427787
150,2021-02-04,AXP,120.98999786376953,125.41000366210938,120.80000305175781,120.5247573852539,3915900.0,3.0,0.2752143113281278,125.03301878757891,109.78279389552655,56.291804505842485,74.2193799933019,15.562065769413252,116.2698132832845,115.0756270090739,21.770000457763672,35.33808211427787
150,2021-02-04,BA,209.8699951171875,212.47999572753906,208.02000427246094,210.63999938964844,11869900.0,3.0,-2.483590354002189,216.76227653005822,193.27172462960976,53.170122819033544,21.284486197828773,3.9302502085371005,208.14700012207032,211.28233337402344,21.770000457763672,35.33808211427787
150,2021-02-04,CAT,192.0,192.61000061035156,190.1999969482422,181.62722778320312,2253800.0,3.0,1.5272209571232906,189.34391103170125,172.0882499180058,58.56590751165519,45.86930686150705,14.580742585478932,177.39338277180988,171.50673548380533,21.770000457763672,35.33808211427787
150,2021-02-04,CRM,235.52000427246094,238.22999572753906,235.47000122070312,237.97999572753906,4770700.0,3.0,2.267626503450032,237.26948616189895,210.0635124953276,54.99214924196854,198.986704352529,20.63944230844977,223.59066569010417,231.46166661580403,21.770000457763672,35.33808211427787
150,2021-02-04,CSCO,45.869998931884766,47.31999969482422,45.77000045776367,43.533470153808594,22285700.0,3.0,0.48380485485476044,42.82514164888136,40.80334803617723,64.51741400579903,239.67754714666535,37.06126442954973,41.457586924235024,40.27869828542074,21.770000457763672,35.33808211427787
150,2021-02-04,CVX,89.51000213623047,89.6500015258789,87.94999694824219,79.36447143554688,7917600.0,3.0,-0.17489021850421693,86.05019598034319,75.78288354846539,52.100655590708364,-4.702372615816617,6.419541474257927,79.39390157063802,78.91287612915039,21.770000457763672,35.33808211427787
150,2021-02-04,DIS,177.58999633789062,181.3800048828125,176.49000549316406,180.22999572753906,9035400.0,3.0,1.5998754004468196,182.06941837883448,165.17257991218116,61.10213655087901,85.19105073484573,29.461490636374986,174.79666544596355,163.90033289591472,21.770000457763672,35.33808211427787
150,2021-02-04,GS,290.0,295.8299865722656,289.5199890136719,274.8598937988281,2994700.0,3.0,5.095959762293717,289.71366842709637,251.24246713198565,63.98731911316967,64.07353234732489,30.0835467331664,262.19000854492185,239.80181579589845,21.770000457763672,35.33808211427787
150,2021-02-04,HD,274.25,279.44000244140625,274.25,260.9396667480469,2976000.0,3.0,1.2064131942711356,266.9179638948453,247.55390805339692,53.59253447714632,76.23404982186375,4.283889494422415,254.9276143391927,253.88870188395182,21.770000457763672,35.33808211427787
150,2021-02-04,HON,199.8300018310547,201.4600067138672,198.8300018310547,190.16111755371094,2273300.0,3.0,-2.272024665901654,202.59073481969293,184.17136540003364,50.021846674505376,-94.85516573846809,7.759809968390631,195.2449930826823,195.7976547241211,21.770000457763672,35.33808211427787
150,2021-02-04,IBM,114.63671112060547,115.77437591552734,113.64244842529297,101.11878204345703,4771957.0,3.0,-1.2704431686247375,112.02900303766738,96.17443095281114,47.85344719866355,-90.53400929113413,12.032668744724688,104.22732849121094,103.0872147878011,21.770000457763672,35.33808211427787
150,2021-02-04,INTC,57.61000061035156,58.880001068115234,57.189998626708984,54.36454391479492,29853800.0,3.0,1.6098796352475233,56.905184119756996,46.54615483898324,59.66043491682449,79.45813217640136,41.26846456861398,49.38067181905111,46.77479044596354,21.770000457763672,35.33808211427787
150,2021-02-04,JNJ,161.0,162.08999633789062,159.75999450683594,150.62498474121094,7758100.0,3.0,1.9151023077252205,157.52750941733598,144.69600590248825,56.71452958157419,21.555489944642495,1.52767205057709,148.86231892903646,143.47879689534506,21.770000457763672,35.33808211427787
150,2021-02-04,JPM,135.47000122070312,138.66000366210938,135.47000122070312,127.86682891845703,12419500.0,3.0,1.7633393318689912,132.28477498162738,117.42876871954451,63.021584550730466,76.95005814437596,28.460801627322024,121.77395172119141,115.50137405395508,21.770000457763672,35.33808211427787
150,2021-02-04,KO,48.959999084472656,49.06999969482422,48.650001525878906,45.09169387817383,20597400.0,3.0,-0.7460267956585582,46.62477757384646,43.83370440552366,44.98546061505052,-59.15224456106124,19.48055837999539,46.47790285746257,47.567262713114424,21.770000457763672,35.33808211427787
150,2021-02-04,MCD,210.0,212.11000061035156,208.6699981689453,198.5021514892578,2777500.0,3.0,-0.8216073948336486,203.85222521277592,193.24800672081784,49.00475957044127,-31.279663982295208,2.643796081115434,198.86648457845052,199.68813196818033,21.770000457763672,35.33808211427787
150,2021-02-04,MMM,175.7899932861328,177.2899932861328,175.50999450683594,157.72540283203125,1833000.0,3.0,1.377313444173211,163.74168576649936,142.5991330201217,54.6838902633367,69.15263492637504,5.619269701621786,153.7206537882487,153.63466974894206,21.770000457763672,35.33808211427787
150,2021-02-04,MRK,73.44465637207031,73.48282623291016,72.08015441894531,66.45680236816406,18867563.0,3.0,-1.0672778307407071,75.39215636458907,65.57877640518633,40.65822107343851,-175.86790870535833,41.9218258678833,70.53296025594075,70.41932131449381,21.770000457763672,35.33808211427787
150,2021-02-04,MSFT,242.66000366210938,243.24000549316406,240.3699951171875,236.15892028808594,25296100.0,3.0,6.048025730286668,241.42377774818536,201.0006820906818,62.381744413319474,156.03058327910068,43.78935615959622,219.32010904947916,214.4138043721517,21.770000457763672,35.33808211427787
150,2021-02-04,NKE,139.5500030517578,141.0500030517578,138.9199981689453,136.79348754882812,4533700.0,3.0,-0.6069154685993965,144.58990028709974,127.57979652076158,54.31675015307078,-6.725880306399787,8.817874336796034,136.65307540893554,133.81082598368326,21.770000457763672,35.33808211427787
150,2021-02-04,PG,129.3800048828125,129.4600067138672,128.5800018310547,121.25765228271484,6613700.0,3.0,-1.9921040640343932,130.7981584410209,118.01262723402795,40.945967462262296,-105.9207641483778,35.609337688824574,125.94733378092448,127.80376408894857,21.770000457763672,35.33808211427787
150,2021-02-04,TRV,139.24000549316406,144.17999267578125,138.7899932861328,135.4462127685547,2701400.0,3.0,0.6397719093176875,139.563138324126,127.12935282577638,57.07249781632668,48.490450720735346,17.82780119804686,132.16066970825196,129.41784706115723,21.770000457763672,35.33808211427787
150,2021-02-04,UNH,332.32000732421875,335.2900085449219,328.3900146484375,316.96923828125,5962200.0,3.0,-3.441814136447647,354.89357684869657,313.51768413763153,44.87641649179954,-148.4522546333427,19.23684209852241,333.6810709635417,331.7855921427409,21.770000457763672,35.33808211427787
150,2021-02-04,V,203.24000549316406,209.67999267578125,203.10000610351562,205.22085571289062,14534800.0,3.0,-1.9938073436972843,211.92305612540187,188.18651418709814,52.43741389060391,1.4395081238886756,5.405598369379169,202.96416320800782,204.3880282084147,21.770000457763672,35.33808211427787
150,2021-02-04,VZ,54.7599983215332,55.369998931884766,54.59000015258789,47.08837890625,14761700.0,3.0,-0.841634161276346,50.58054436014434,45.964285580651556,40.099199949532014,-130.88755655972733,35.386082817014305,48.74765154520671,49.98966464996338,21.770000457763672,35.33808211427787
150,2021-02-04,WBA,48.93000030517578,49.52000045776367,48.5099983215332,43.316558837890625,3476400.0,3.0,1.5416437539330374,45.238114325585684,39.92064040463893,61.97504758484276,61.49730503824058,37.20599074336645,40.185845057169594,37.86912943522135,21.770000457763672,35.33808211427787
150,2021-02-04,WMT,141.7899932861328,143.17999267578125,141.25999450683594,136.55775451660156,5782100.0,3.0,-1.2254101176759775,143.88014273905722,133.4165155861381,47.10277243259419,-101.9292034133895,13.809720542049591,138.66717071533202,140.4171366373698,21.770000457763672,35.33808211427787
151,2021-02-05,AAPL,137.35000610351562,137.4199981689453,135.86000061035156,134.76470947265625,75693800.0,4.0,2.0057318636134482,142.0452024444245,122.35765018619077,56.54415316229524,60.25963903759658,3.8841330825389218,131.3896057128906,125.51524569193522,20.8700008392334,13.92349881788488
151,2021-02-05,AMGN,238.30999755859375,238.8800048828125,235.3800048828125,216.4547119140625,2421800.0,4.0,1.2656000205183489,237.57553732021418,210.42671029941474,49.586116273373364,-14.944575917469306,28.17912885285602,218.7979766845703,213.99152908325195,20.8700008392334,13.92349881788488
151,2021-02-05,AXP,126.62000274658203,127.33999633789062,125.62999725341797,121.85641479492188,3184200.0,4.0,0.6847552006630053,125.51112244667307,109.75050551353202,57.27364579632088,128.75451915435,20.68402422970908,116.65999094645183,115.22552083333333,20.8700008392334,13.92349881788488
151,2021-02-05,BA,212.25,213.1999969482422,206.66000366210938,207.92999267578125,9546100.0,4.0,-1.956926791133128,216.04911257516457,193.5068871806948,51.9020229591513,13.315122344360994,1.4413426899258472,207.78533325195312,211.75849990844728,20.8700008392334,13.92349881788488
151,2021-02-05,CAT,192.52000427246094,194.3300018310547,190.00999450683594,182.9066619873047,2240000.0,4.0,1.7288307592816352,189.32362873167105,172.08938701539924,59.401057171957824,53.525733729089424,19.431982260170262,177.94161478678384,171.8713493347168,20.8700008392334,13.92349881788488
151,2021-02-05,CRM,239.14999389648438,239.36000061035156,236.41000366210938,238.88999938964844,5020000.0,4.0,2.9018110569875546,239.62580914526552,209.79818987817197,55.451245884886596,196.65511790930535,23.350159020528206,223.8479990641276,231.12183329264323,20.8700008392334,13.92349881788488
151,2021-02-05,CSCO,47.56999969482422,48.34000015258789,47.5,44.298187255859375,25488600.0,4.0,0.6285699260304085,43.441801727593116,40.47414752167447,66.87694704222798,331.2556316711004,46.677135626279224,41.572740427652995,40.4351318359375,20.8700008392334,13.92349881788488
151,2021-02-05,CVX,89.94000244140625,90.47000122070312,88.63999938964844,79.5963363647461,8017300.0,4.0,-0.14024087067478774,86.03787186757911,75.70960127695214,52.390714432093105,6.067281470418907,1.910254541902515,79.53955205281575,79.07653020222982,20.8700008392334,13.92349881788488
151,2021-02-05,DIS,181.7100067138672,182.32000732421875,179.3300018310547,181.16000366210938,6640500.0,4.0,2.068096291578115,182.5870867760798,164.91291169804128,61.58255558372377,107.98285386486464,31.185545031515854,175.1536656697591,164.54316635131835,20.8700008392334,13.92349881788488
151,2021-02-05,GS,295.0,297.239990234375,292.19000244140625,274.6259765625,2938100.0,4.0,5.3978590469839105,289.861485740788,251.26774857317685,63.85243582910108,67.16235656774136,31.726507913957146,263.54395548502606,241.04527689615887,20.8700008392334,13.92349881788488
151,2021-02-05,HD,280.2900085449219,281.760009765625,277.80999755859375,260.97705078125,2389900.0,4.0,1.392363180819018,266.85764741241917,248.7934176510574,53.6140761443849,98.69065156123536,9.760344372007452,255.2027592976888,254.05020243326823,20.8700008392334,13.92349881788488
151,2021-02-05,HON,202.22999572753906,203.8699951171875,201.27999877929688,192.3699951171875,1868100.0,4.0,-1.9637792164584198,201.29282347017877,184.5506549233759,51.76674407888926,-51.444946470092084,0.836004272678466,195.08635915120442,195.90587361653647,20.8700008392334,13.92349881788488
151,2021-02-05,IBM,115.67877960205078,116.45315551757812,115.21988677978516,101.76216125488281,4775722.0,4.0,-1.1735647060004766,111.59628044011778,96.00555366632754,48.69878677081623,-66.45277084097198,8.411365152148429,104.17663803100587,103.1743906656901,20.8700008392334,13.92349881788488
151,2021-02-05,INTC,59.0,59.08000183105469,58.119998931884766,53.80045700073242,23432600.0,4.0,1.617865198184397,56.95748966915927,47.07687655703701,58.5914937375216,78.33857998258048,42.02188293958497,49.759456125895184,46.972914377848305,20.8700008392334,13.92349881788488
151,2021-02-05,JNJ,164.86000061035156,165.44000244140625,163.86000061035156,152.9123992919922,9495300.0,4.0,1.8882329731825394,157.6933652447877,144.90952782161852,59.02667978226769,77.07973599955595,13.257051212379128,149.22588704427082,143.77910563151042,20.8700008392334,13.92349881788488
151,2021-02-05,JPM,139.38999938964844,139.49000549316406,137.3800048828125,127.61710357666016,10051300.0,4.0,1.9741006671507648,132.47774403263418,117.43094966243417,62.693685069965966,83.30716906730181,30.578460801408085,122.30360743204753,115.83920516967774,20.8700008392334,13.92349881788488
151,2021-02-05,KO,49.5,49.779998779296875,49.27000045776367,45.68052291870117,12742000.0,4.0,-0.6430972168897142,46.584412435103005,43.84554781575149,47.23941913722482,-32.90627024432676,4.894845405547919,46.382524236043295,47.52875836690267,20.8700008392334,13.92349881788488
151,2021-02-05,MCD,212.58999633789062,214.17999267578125,212.00999450683594,199.9601287841797,2600200.0,4.0,-0.5735669979316071,203.9053443394479,193.25132680313024,50.51840544641812,53.86192369268544,5.4357238392158385,198.88717803955078,199.69784851074218,20.8700008392334,13.92349881788488
151,2021-02-05,MMM,177.60000610351562,179.22999572753906,176.6999969482422,159.4264373779297,1822400.0,4.0,1.5460115491740396,164.4659056686361,142.70228280792637,56.10688648949791,93.81868689151666,11.45355293938494,153.84622853597006,153.88673451741536,20.8700008392334,13.92349881788488
151,2021-02-05,MRK,72.92938995361328,73.4542007446289,71.95610809326172,66.25576782226562,13901825.0,4.0,-1.1798877703573254,75.17199740810175,65.08043636875372,40.24967412786672,-164.73104407682706,42.65816390753686,70.42748769124348,70.36003952026367,20.8700008392334,13.92349881788488
151,2021-02-05,MSFT,242.22999572753906,243.27999877929688,240.4199981689453,236.3443145751953,18054800.0,4.0,6.219462401891292,243.27924336422862,201.47840891848622,62.46928501163932,138.30338198170574,43.85301642089719,219.9140599568685,214.81031824747723,20.8700008392334,13.92349881788488
151,2021-02-05,NKE,141.33999633789062,145.57000732421875,141.2899932861328,141.15122985839844,6151500.0,4.0,-0.022355581093904675,144.61685917066856,127.56839855027873,58.112803522769745,84.45229831031868,24.087240434499225,136.73932266235352,134.0770092010498,20.8700008392334,13.92349881788488
151,2021-02-05,PG,129.1199951171875,130.10000610351562,129.02999877929688,121.76513671875,5063700.0,4.0,-1.9039051945449188,129.98854850821266,118.02836967416039,41.966606966624255,-88.09297934617186,29.079366682974417,125.75432739257812,127.68484242757161,20.8700008392334,13.92349881788488
151,2021-02-05,TRV,144.66000366210938,146.47999572753906,143.57000732421875,136.30255126953125,933600.0,4.0,0.8798096722692321,139.8540231482788,127.38145506217043,57.77583169081211,106.70456772989529,25.05252377235844,132.42291081746419,129.59670753479003,20.8700008392334,13.92349881788488
151,2021-02-05,UNH,332.1099853515625,333.4800109863281,323.4800109863281,312.3396301269531,7227900.0,4.0,-4.33918579466615,353.488366878231,311.0228574870034,43.02153006024961,-174.64164030874502,25.055037852561586,333.3441965738932,331.3968200683594,20.8700008392334,13.92349881788488
151,2021-02-05,V,209.97999572753906,210.1300048828125,208.66000366210938,204.75010681152344,10284000.0,4.0,-1.3472156452280046,211.01847365311272,188.59680192061774,52.12158782036715,22.171388895486572,4.236570596863888,203.05994923909506,204.32934646606446,20.8700008392334,13.92349881788488
151,2021-02-05,VZ,55.20000076293945,55.68000030517578,55.16999816894531,47.242088317871094,12069500.0,4.0,-0.8022476859536454,50.33888602070704,45.93181634135351,40.9693761213811,-101.12861615199593,27.489224137300393,48.660967636108396,49.934352747599284,20.8700008392334,13.92349881788488
151,2021-02-05,WBA,49.650001525878906,50.0,49.2400016784668,43.791316986083984,4293300.0,4.0,1.5029728277968104,45.14009239293554,40.41868446253321,62.88489426205005,68.98895247141188,39.51180026290391,40.49472618103027,38.02294235229492,20.8700008392334,13.92349881788488
151,2021-02-05,WMT,143.4600067138672,144.85000610351562,142.52999877929688,138.3110809326172,6817200.0,4.0,-1.028170373039444,143.69801778046215,133.37923594268236,49.782894984691346,-35.39238023964573,2.326266854033344,138.67228088378906,140.4385787963867,20.8700008392334,13.92349881788488
152,2021-02-08,AAPL,136.02999877929688,136.9600067138672,134.9199981689453,134.91256713867188,71297200.0,0.0,1.965803787516819,142.30447734684685,122.59670292048712,56.64770223649696,48.78513710251045,0.37898896949786054,131.59146423339843,125.86199633280437,21.239999771118164,12.98683458258695
152,2021-02-08,AMGN,237.99000549316406,239.6300048828125,235.85000610351562,217.59963989257812,2258200.0,0.0,0.8527958519339336,237.61105983172027,210.3069241770688,50.437668100170534,-13.306159962207285,29.469895783548317,219.2446502685547,213.95489323933919,21.239999771118164,12.98683458258695
152,2021-02-08,AXP,126.87000274658203,128.39999389648438,126.75,123.50651550292969,3360900.0,0.0,1.1294490570409579,126.23625332800334,109.62462161096151,58.469522851815086,145.59264362512795,23.411584991632623,117.02824427286784,115.42567431131998,21.239999771118164,12.98683458258695
152,2021-02-08,BA,209.5500030517578,211.99000549316406,208.3000030517578,211.9499969482422,11182100.0,0.0,-1.2013133820663313,216.3826554846763,193.37834457635884,53.60019373575424,38.13731605175839,1.4413426899258444,207.52733306884767,212.1461664835612,21.239999771118164,12.98683458258695
152,2021-02-08,CAT,195.0,197.5399932861328,194.6699981689453,187.1239013671875,2725700.0,0.0,2.2035033381794165,189.93543617081676,171.87732780623404,62.011938673954276,98.80576198423906,27.63144943129017,178.57260284423828,172.28299738566082,21.239999771118164,12.98683458258695
152,2021-02-08,CRM,239.50999450683594,241.11000061035156,237.1300048828125,238.92999267578125,4336400.0,0.0,3.3688005726758377,241.69570488691141,209.41729407549093,55.47189575171221,189.99008738306404,27.452424387485912,224.23133239746093,230.97633310953776,21.239999771118164,12.98683458258695
152,2021-02-08,CSCO,48.560001373291016,49.34000015258789,48.560001373291016,45.090538024902344,25215400.0,0.0,0.7980341323050126,44.15956812701553,40.113861743589936,69.0807828046209,354.12625875187865,54.036598428509954,41.7237491607666,40.59685052235921,21.239999771118164,12.98683458258695
152,2021-02-08,CVX,90.29000091552734,92.04000091552734,90.01000213623047,81.57597351074219,9886600.0,0.0,0.04642401315338418,86.06318828570467,75.71995227826018,54.80780942439467,44.429191049439744,6.222449108450615,79.71165669759115,79.21942481994628,21.239999771118164,12.98683458258695
152,2021-02-08,DIS,183.85000610351562,190.63999938964844,183.3000030517578,190.0,16085700.0,0.0,3.116552865241175,185.59389152298314,163.03710670699735,65.74293805782266,213.77668529469767,44.11010114292067,175.70199890136718,165.3413330078125,21.239999771118164,12.98683458258695
152,2021-02-08,GS,295.0,300.8900146484375,294.5,280.84832763671875,2826200.0,0.0,6.069245648636297,290.8736473042786,251.19783249308466,65.83428359658379,85.05590082311588,35.89500054856239,264.9069468180339,242.3530471801758,21.239999771118164,12.98683458258695
152,2021-02-08,HD,279.69000244140625,280.4200134277344,276.8900146484375,262.0721130371094,3475600.0,0.0,1.6095384991706965,267.0960912186207,249.5788218062817,54.257485555957736,86.21554011610445,7.161341772264324,255.5215810139974,254.14307963053386,21.239999771118164,12.98683458258695
152,2021-02-08,HON,203.82000732421875,204.89999389648438,202.55999755859375,193.26112365722656,2075700.0,0.0,-1.6288099441398458,200.48269920848188,184.77585639454546,52.459445219760035,-30.74057978563408,4.322781486160062,194.89264933268228,195.95047047932943,21.239999771118164,12.98683458258695
152,2021-02-08,IBM,117.22753143310547,118.52772521972656,117.01720428466797,103.28287506103516,6158848.0,0.0,-0.9629783167755619,111.20645851702113,95.98428321271518,50.654723940812595,-26.50458617643995,1.943826465958168,104.16856129964192,103.25376841227214,21.239999771118164,12.98683458258695
152,2021-02-08,INTC,58.380001068115234,59.220001220703125,57.95000076293945,54.70669174194336,34358300.0,0.0,1.6779767131952497,56.965014974055244,47.792635019841235,59.78887258507721,79.5651341242244,40.38558026826454,50.15619290669759,47.18859335581462,21.239999771118164,12.98683458258695
152,2021-02-08,JNJ,165.02999877929688,165.9199981689453,163.8800048828125,153.34939575195312,6035300.0,0.0,1.8805232922336472,157.87008755231437,145.18656680559576,59.45470627305865,77.78667544609846,14.811221777202514,149.6281972249349,144.05283915201824,21.239999771118164,12.98683458258695
152,2021-02-08,JPM,138.1999969482422,140.3000030517578,138.17999267578125,129.61489868164062,10136400.0,0.0,2.276098466220091,132.94675688797608,117.34299454635008,64.2337410666762,94.69231188690051,32.65799651320258,122.79578425089518,116.21614888509114,21.239999771118164,12.98683458258695
152,2021-02-08,KO,49.959999084472656,50.16999816894531,49.4900016784668,45.92893600463867,17833200.0,0.0,-0.535309212800712,46.30298617496181,44.02024800167393,48.166227120401864,-18.901318901395904,2.1211472289422604,46.28561197916667,47.472941335042314,21.239999771118164,12.98683458258695
152,2021-02-08,MCD,212.52999877929688,212.99000549316406,209.9600067138672,199.01951599121094,2696200.0,0.0,-0.4477316163456351,203.27838883367332,193.47474989923683,49.53709028493426,2.662346013912079,2.6743783661152163,198.87338307698568,199.6903299967448,21.239999771118164,12.98683458258695
152,2021-02-08,MMM,179.3000030517578,180.8699951171875,179.1699981689453,160.9849853515625,2355100.0,0.0,1.7848926772089442,165.2862427236031,143.14125514016644,57.37553231523834,118.83454970537304,16.138165105575826,154.04720713297527,154.08074645996095,21.239999771118164,12.98683458258695
152,2021-02-08,MRK,72.3759536743164,72.70037841796875,71.2404556274414,65.59146118164062,16718534.0,0.0,-1.307662038877666,75.06973985043079,64.48429915103405,38.913047833940695,-169.16592333109668,46.81653172759804,70.28996505737305,70.28086916605632,21.239999771118164,12.98683458258695
152,2021-02-08,MSFT,243.14999389648438,243.67999267578125,240.80999755859375,236.60777282714844,22211900.0,0.0,6.303918430775639,244.95324708196452,202.03415831354332,62.59723882614603,126.35502427200107,44.52472254857534,220.6117721557617,215.33093592325847,21.239999771118164,12.98683458258695
152,2021-02-08,NKE,145.14999389648438,145.8800048828125,142.8000030517578,139.49761962890625,6304300.0,0.0,0.30397577207591553,144.11998684981492,127.77929064652297,56.27710266642232,82.98157776783222,25.007922753932494,136.79282201131184,134.3356943766276,21.239999771118164,12.98683458258695
152,2021-02-08,PG,129.92999267578125,130.10000610351562,128.11000061035156,121.38922119140625,7011200.0,0.0,-1.8430941543108474,129.05380705665652,118.13725815940793,41.41807303378464,-88.90281212770947,33.96548259508348,125.55533116658529,127.52431411743164,21.239999771118164,12.98683458258695
152,2021-02-08,TRV,144.5800018310547,146.24000549316406,143.85000610351562,137.58241271972656,756100.0,0.0,1.1599443353121899,140.31203134563964,127.53984243365721,58.819021467769005,107.58339712749705,25.052523772358455,132.68170191446941,129.7644805908203,21.239999771118164,12.98683458258695
152,2021-02-08,UNH,327.010009765625,327.0199890136719,323.80999755859375,312.1759948730469,4758200.0,0.0,-5.005858871420571,351.7381057624917,309.0145706291098,42.956609083803215,-177.47669316972303,25.05503785256158,332.9190938313802,330.9463383992513,21.239999771118164,12.98683458258695
152,2021-02-08,V,210.0,210.64999389648438,205.91000366210938,202.90631103515625,8637100.0,0.0,-0.9723572465907182,209.3452967119242,189.4304631757711,50.87993545366964,5.464378583599494,10.705854793104155,203.11192982991537,204.22965291341146,21.239999771118164,12.98683458258695
152,2021-02-08,VZ,55.369998931884766,55.47999954223633,54.790000915527344,47.01151657104492,17887700.0,0.0,-0.7806401003512917,50.19684813663894,45.839010017657934,40.06618137453512,-106.87621266611083,32.63769014566579,48.56744283040364,49.857454490661624,21.239999771118164,12.98683458258695
152,2021-02-08,WBA,49.88999938964844,50.18000030517578,49.349998474121094,43.896812438964844,3732600.0,0.0,1.4639627898538379,44.91530181115646,41.05844239050369,63.087920709156144,69.03458457220052,40.389257301621086,40.78954035441081,38.14129816691081,21.239999771118164,12.98683458258695
152,2021-02-08,WMT,144.80999755859375,145.5800018310547,144.4600067138672,138.9530029296875,5275100.0,0.0,-0.8107133155318422,143.544536083967,133.37942174074004,50.72839425404961,7.778420707480516,2.280927706501121,138.73008728027344,140.43858057657877,21.239999771118164,12.98683458258695
153,2021-02-09,AAPL,136.6199951171875,137.8800048828125,135.85000610351562,134.02566528320312,76774200.0,1.0,1.8413687788849984,142.3260107017386,123.2868761085641,55.82230924862095,51.37767221539533,3.775733956724208,131.7306340535482,126.13624064127605,21.6299991607666,14.665857541384405
153,2021-02-09,AMGN,237.27999877929688,237.6699981689453,234.7899932861328,216.7569580078125,1996500.0,1.0,0.4524328247490814,237.65648534390806,210.17723047640442,49.79723334719375,-28.94303645737049,26.047387102791124,219.66354014078777,213.91801020304362,21.6299991607666,14.665857541384405
153,2021-02-09,AXP,127.6500015258789,127.66000366210938,126.19999694824219,122.2424087524414,2175000.0,1.0,1.3641442857079085,126.70638087815979,109.69680744581481,57.20073542538175,116.5201222096439,21.101712653470877,117.34153925577799,115.68216768900554,21.6299991607666,14.665857541384405
153,2021-02-09,BA,210.60000610351562,216.72999572753906,208.89999389648438,215.1199951171875,13615700.0,1.0,-0.34274104659030513,217.66124955379203,192.93275069034857,54.89915146540644,79.09233165226394,10.022871258145997,207.45966644287108,212.69566650390624,21.6299991607666,14.665857541384405
153,2021-02-09,CAT,197.5399932861328,198.66000366210938,194.88999938964844,186.9628143310547,2331600.0,1.0,2.537436411776156,190.51620821491247,171.71790280803674,61.85475727930206,99.41485746982207,30.277967464851834,179.1623998006185,172.7365811665853,21.6299991607666,14.665857541384405
153,2021-02-09,CRM,239.55999755859375,240.0800018310547,236.24000549316406,236.6999969482422,5157200.0,1.0,3.518393262568935,242.96518971946546,209.99280893776108,54.02733621627848,155.74905085360504,23.848960176646436,224.59533233642577,230.68499984741212,21.6299991607666,14.665857541384405
153,2021-02-09,CSCO,48.77000045776367,48.83000183105469,48.40999984741211,44.68515396118164,24795000.0,1.0,0.8893724981514879,44.59353141279246,39.969200520801294,66.73088907016185,262.6910216219719,50.70149296704224,41.856370798746745,40.742521095275876,21.6299991607666,14.665857541384405
153,2021-02-09,CVX,91.0999984741211,91.2699966430664,89.80999755859375,81.1122817993164,7605500.0,1.0,0.1551527284815961,86.02255067346846,75.70351973058428,54.141767633137,28.615893975658565,5.080509089960471,79.8790059407552,79.36352564493815,21.6299991607666,14.665857541384405
153,2021-02-09,DIS,188.1699981689453,189.25,186.0399932861328,188.2100067138672,11270800.0,1.0,3.759685441550772,187.5061430663776,162.03685620120052,64.2846784834397,190.03357336682944,44.11010114292067,176.1846659342448,166.1811663309733,21.6299991607666,14.665857541384405
153,2021-02-09,GS,299.6000061035156,302.45001220703125,297.70001220703125,281.138427734375,2071700.0,1.0,6.549237487936125,291.62951784046965,251.0623293885342,65.92438914311185,90.07506373011559,37.63465150553606,266.28865509033204,243.65665664672852,21.6299991607666,14.665857541384405
153,2021-02-09,HD,279.6600036621094,280.20001220703125,276.6199951171875,259.0211486816406,2507800.0,1.0,1.5179660108428266,267.09751919535,250.09586306783356,52.17175490023465,64.56173421646858,6.371092710926213,255.7040776570638,254.1512883504232,21.6299991607666,14.665857541384405
153,2021-02-09,HON,203.60000610351562,203.8000030517578,201.0800018310547,191.51678466796875,1794000.0,1.0,-1.4869572433850635,199.84581361290194,184.81170286659025,50.976971025116384,-50.35556709889242,1.022774756665223,194.65533091227215,196.00829849243163,21.6299991607666,14.665857541384405
153,2021-02-09,IBM,116.53919982910156,117.20841217041016,115.72657775878906,103.38446807861328,4933982.0,1.0,-0.7789105823136424,110.78609461502401,95.99953542037639,50.78440294007224,-42.14480662214296,4.145009927714578,104.14186731974284,103.34472681681315,21.6299991607666,14.665857541384405
153,2021-02-09,INTC,58.77000045776367,59.310001373291016,57.939998626708984,54.35529708862305,28754100.0,1.0,1.67791890545233,56.73623828679573,48.719667246041176,59.10333432393547,74.56153353780446,40.77176920762461,50.52589721679688,47.38447532653809,21.6299991607666,14.665857541384405
153,2021-02-09,JNJ,165.1999969482422,166.58999633789062,164.97000122070312,154.60470581054688,5544200.0,1.0,1.9531911731759521,158.12838827165393,145.56985696760387,60.67546389794071,91.84656143908128,17.029361353798215,150.05592447916666,144.3548812866211,21.6299991607666,14.665857541384405
153,2021-02-09,JPM,139.42999267578125,139.97999572753906,138.5399932861328,129.09695434570312,8614800.0,1.0,2.4454504875104988,133.139104427038,117.2921554911749,63.5303596753895,87.41087657154664,32.65799651320259,123.28753128051758,116.6110902150472,21.6299991607666,14.665857541384405
153,2021-02-09,KO,49.849998474121094,50.02000045776367,49.630001068115234,45.726524353027344,14592900.0,1.0,-0.46090633037745476,46.209374249474564,44.06785734842583,47.46344014234826,-18.51540439458886,2.12114722894226,46.17091255187988,47.41983674367269,21.6299991607666,14.665857541384405
153,2021-02-09,MCD,212.07000732421875,216.17999267578125,211.77000427246094,203.1582794189453,3047300.0,1.0,-0.013882521251360913,203.63024465878215,193.28750589053425,53.636471734569426,110.07413067040149,8.9725708002652,199.01729939778645,199.67854334513348,21.6299991607666,14.665857541384405
153,2021-02-09,MMM,181.22000122070312,181.89999389648438,180.17999267578125,161.14527893066406,1942800.0,1.0,1.964496551042572,165.87249185093867,143.95680960169807,57.506206175602976,121.29416378109458,19.0146729461444,154.2377944946289,154.27639973958333,21.6299991607666,14.665857541384405
153,2021-02-09,MRK,71.6603012084961,71.72709655761719,70.9542007446289,65.59146118164062,13484616.0,1.0,-1.3928679525175056,74.49938554063009,64.18406325087382,38.913047833940695,-159.7672004156605,48.416018288771056,70.14137013753255,70.20242156982422,21.6299991607666,14.665857541384405
153,2021-02-09,MSFT,241.8699951171875,244.75999450683594,241.3800048828125,237.87635803222656,23565000.0,1.0,6.399445838075593,246.46550806813642,203.08635960764482,63.22181835494472,120.86730779335386,46.37631070480513,221.29549916585287,215.78283030192057,21.6299991607666,14.665857541384405
153,2021-02-09,NKE,143.60000610351562,144.22000122070312,141.6999969482422,137.92181396484375,3436300.0,1.0,0.43047907817177133,143.22501522216967,128.16261066284008,54.57754143914345,46.76493880935506,19.509986032891167,136.7989819844564,134.56892522176108,21.6299991607666,14.665857541384405
153,2021-02-09,PG,129.4600067138672,129.94000244140625,128.22999572753906,120.91934967041016,5917800.0,1.0,-1.8119288833885747,128.20458931306453,118.2014455380097,40.72970137406162,-85.56802138400073,33.965482595083465,125.29770100911459,127.32777519226075,21.6299991607666,14.665857541384405
153,2021-02-09,TRV,146.1300048828125,147.1699981689453,145.67999267578125,138.4857940673828,795500.0,1.0,1.438268929984389,140.69477025393508,128.0727483617876,59.5487570235468,124.50144848268009,27.97828081218441,132.95366541544595,129.9691298166911,21.6299991607666,14.665857541384405
153,2021-02-09,UNH,323.8999938964844,331.0400085449219,321.7099914550781,317.26763916015625,4096900.0,1.0,-5.064963203565014,349.453574417142,308.3038138885221,45.599078009489475,-145.01201589612677,17.158740907751437,332.56104532877606,330.6125259399414,21.6299991607666,14.665857541384405
153,2021-02-09,V,205.75999450683594,207.6300048828125,203.6999969482422,202.54339599609375,7619400.0,1.0,-0.6965342622093544,208.14314747144113,190.00787486742604,50.634327269622645,-15.729450093403338,15.60369453014169,203.04066162109376,204.1338663736979,21.6299991607666,14.665857541384405
153,2021-02-09,VZ,55.02000045776367,55.29999923706055,54.68000030517578,46.96881866455078,19605600.0,1.0,-0.7582209976156378,50.080860983768396,45.744918740352695,39.89768386507425,-102.67392267387545,34.08590149814169,48.47587432861328,49.78125267028808,21.6299991607666,14.665857541384405
153,2021-02-09,WBA,49.83000183105469,50.54999923706055,49.54999923706055,43.95834732055664,5235800.0,1.0,1.4216247986596429,44.9964085900451,41.17954393986212,63.209357468845816,71.67428021172758,42.23063846266679,41.09373194376628,38.27385718027751,21.6299991607666,14.665857541384405
153,2021-02-09,WMT,144.5800018310547,146.32000732421875,144.5800018310547,139.71946716308594,5302300.0,1.0,-0.5699596328769019,143.35784343918232,133.42623248855205,51.848230874559015,28.42860597926381,6.826815212527117,138.80449930826822,140.41285451253256,21.6299991607666,14.665857541384405
154,2021-02-10,AAPL,136.47999572753906,136.99000549316406,134.39999389648438,133.41470336914062,73046600.0,2.0,1.674155000870627,142.221376074205,124.05983120118562,55.24863956908652,33.24157970327677,1.8619142494959722,131.69463144938152,126.40489412943522,21.989999771118164,14.525894122695645
154,2021-02-10,AMGN,238.39999389648438,240.3000030517578,236.6999969482422,218.414794921875,2964400.0,2.0,0.26585125728161074,237.573089108673,210.43190356710824,51.06187823536361,-15.533092440607936,30.89256438011571,220.11570892333984,213.96258570353191,21.989999771118164,14.525894122695645
154,2021-02-10,AXP,127.62999725341797,128.6999969482422,126.83999633789062,123.73809814453125,2929100.0,2.0,1.6517907635400917,127.3639962901353,109.67703535659322,58.308103223177696,128.25171649105283,23.97779707974337,117.67231699625651,115.96391003926595,21.989999771118164,14.525894122695645
154,2021-02-10,BA,215.64999389648438,217.49000549316406,211.1199951171875,211.9199981689453,11510700.0,2.0,0.07856505566465444,218.11921327995773,192.82578641486649,53.33979989118061,81.27407279370834,11.345914534523075,207.32066650390624,213.28233311971027,21.989999771118164,14.525894122695645
154,2021-02-10,CAT,198.5,199.7100067138672,196.25999450683594,187.37979125976562,2816400.0,2.0,2.803411350795841,190.720193898294,171.6300532940888,62.11191712220872,108.35144287023547,32.74284686287972,179.803488667806,173.20229949951172,21.989999771118164,14.525894122695645
154,2021-02-10,CRM,237.4499969482422,238.22000122070312,233.9600067138672,236.72000122070312,5535600.0,2.0,3.597095645187892,243.78273677547583,211.29526157657494,54.038443277201104,125.33450597818916,14.949040935904165,224.9979990641276,230.47333323160808,21.989999771118164,14.525894122695645
154,2021-02-10,CSCO,46.150001525878906,47.40999984741211,45.83000183105469,43.524253845214844,44540900.0,2.0,0.8581911801119091,44.72528639526213,39.97104043274079,60.62186666952813,104.40053882605719,7.791562528338482,41.93871943155924,40.878896649678545,21.989999771118164,14.525894122695645
154,2021-02-10,CVX,91.37999725341797,92.58999633789062,90.5999984741211,82.50337982177734,8778800.0,2.0,0.3495417040663398,85.92523561466535,75.72771238338152,55.80843922622642,56.26752099679842,11.772116226659177,80.1055066426595,79.5570292154948,21.989999771118164,14.525894122695645
154,2021-02-10,DIS,189.97999572753906,190.6999969482422,185.80999755859375,189.6300048828125,11464600.0,2.0,4.333995029725656,189.81940128948668,161.0875979170563,64.92318526722016,183.8180280077402,46.12518588465836,176.54366607666014,167.08299967447917,21.989999771118164,14.525894122695645
154,2021-02-10,GS,300.0,305.17999267578125,297.75,284.7127685546875,3213700.0,2.0,7.1357968862964185,291.97313084513036,250.91240229695944,67.03258675099977,97.63130859000093,40.64770639361099,267.6825266520182,245.0747449239095,21.989999771118164,14.525894122695645
154,2021-02-10,HD,278.0299987792969,278.92999267578125,276.25,260.8179931640625,2410600.0,2.0,1.5722604472367152,267.2658308656016,250.14841626574608,53.26627951047855,61.19566349571364,5.234387027988983,255.99856516520182,254.2128702799479,21.989999771118164,14.525894122695645
154,2021-02-10,HON,203.0,203.35000610351562,201.17999267578125,191.64952087402344,1894600.0,2.0,-1.348285062613968,199.03566354160589,184.98479239101133,51.085783907742666,-47.664532780075774,1.022774756665229,194.40948079427082,196.08603541056314,21.989999771118164,14.525894122695645
154,2021-02-10,IBM,117.61949920654297,117.98279571533203,115.8795394897461,103.50301361083984,5090673.0,2.0,-0.6163648723175612,110.24507903948404,96.09465408429526,50.94003386516201,-32.92959281867245,0.3025906772718544,104.11550470987956,103.47526079813639,21.989999771118164,14.525894122695645
154,2021-02-10,INTC,59.29999923706055,59.41999816894531,58.119998931884766,54.42927551269531,16325100.0,2.0,1.6646534442640473,56.65364177105644,49.35166218402168,59.2052050197178,74.38038185003536,41.268839237192566,50.898067474365234,47.60303707122803,21.989999771118164,14.525894122695645
154,2021-02-10,JNJ,167.88999938964844,167.94000244140625,165.6999969482422,155.1068115234375,5921300.0,2.0,2.0279201262453626,158.26101775330153,146.24432892638595,61.15934972041422,102.32925574771453,21.435504661924064,150.4780721028646,144.65759709676107,21.989999771118164,14.525894122695645
154,2021-02-10,JPM,140.0,140.8699951171875,139.0399932861328,129.1709442138672,10323200.0,2.0,2.556167639115671,133.0548178982942,117.32464758632494,63.5892805710562,89.3939286395303,35.09893783603737,123.75664520263672,117.02884432474772,21.989999771118164,14.525894122695645
154,2021-02-10,KO,50.40999984741211,50.58000183105469,49.529998779296875,45.63451385498047,22965400.0,2.0,-0.404700848774624,46.115091239368695,44.1152165304067,47.139998620402906,-7.792361772865315,11.800647384809833,46.03106447855632,47.373871167500816,21.989999771118164,14.525894122695645
154,2021-02-10,MCD,216.8800048828125,217.30999755859375,213.80999755859375,201.6720733642578,3161600.0,2.0,0.20762819585593206,203.95460824516618,193.2265196845213,52.06529142808907,125.59310268709945,12.721543129120336,199.02921447753906,199.71912994384766,21.989999771118164,14.525894122695645
154,2021-02-10,MMM,181.8800048828125,182.3800048828125,180.63999938964844,161.26998901367188,1929000.0,2.0,2.0927727944166463,166.40674233111278,144.72016501752003,57.610797028045795,118.50891307234116,20.37526325880315,154.42689870198566,154.50591786702475,21.989999771118164,14.525894122695645
154,2021-02-10,MRK,71.87023162841797,71.92748260498047,71.1259536743164,65.46035766601562,11721566.0,2.0,-1.4542099835100686,74.17554394228563,63.791155276464366,38.64202878994434,-138.34981342291778,45.14940686411118,69.97937291463217,70.13913383483887,21.989999771118164,14.525894122695645
154,2021-02-10,MSFT,245.0,245.9199981689453,240.88999938964844,236.94931030273438,22186700.0,2.0,6.327408565224886,247.26023362117493,205.01320387882507,62.43366877787392,109.40384627052866,48.35541318375573,221.87643788655598,216.23727951049804,21.989999771118164,14.525894122695645
154,2021-02-10,NKE,142.4499969482422,142.60000610351562,140.89999389648438,138.5735626220703,4125700.0,2.0,0.5766769564225456,142.79703859061735,128.3386540058182,55.156971159789165,32.79444107268687,15.558817695508553,136.79995651245116,134.82952143351238,21.989999771118164,14.525894122695645
154,2021-02-10,PG,128.75,129.16000366210938,127.95999908447266,120.49644470214844,8594100.0,2.0,-1.8005988949958294,127.41714788588699,118.23629449692551,40.10902935717052,-88.59569217730171,35.456700524005704,124.99608408610025,127.12294222513835,21.989999771118164,14.525894122695645
154,2021-02-10,TRV,147.2100067138672,147.69000244140625,145.3300018310547,137.3282928466797,1528600.0,2.0,1.547602701024914,140.992365991611,128.29367221639683,58.18218517860073,107.06152322709633,29.62045336886488,133.16508814493815,130.1943874359131,21.989999771118164,14.525894122695645
154,2021-02-10,UNH,332.6600036621094,335.760009765625,329.7699890136719,320.8962097167969,4122700.0,2.0,-4.764091018207637,347.30083862443786,308.1494421372809,47.39557944973785,-91.73534394142058,8.555689578266133,332.1583994547526,330.2958730061849,21.989999771118164,14.525894122695645
154,2021-02-10,V,207.97000122070312,207.97000122070312,205.94000244140625,202.46495056152344,8467600.0,2.0,-0.4787536764949891,207.76533892025213,190.1483421100213,50.57973152838639,-4.085979413453788,14.57022495869817,202.8383005777995,204.10411682128907,21.989999771118164,14.525894122695645
154,2021-02-10,VZ,55.220001220703125,55.439998626708984,54.91999816894531,46.934654235839844,16232800.0,2.0,-0.7347408459379707,49.97253189730787,45.65683287930346,39.75928105943803,-88.01952269635225,30.275485255922618,48.379224141438804,49.707438723246256,21.989999771118164,14.525894122695645
154,2021-02-10,WBA,50.439998626708984,51.66999816894531,50.060001373291016,45.373802185058594,7106400.0,2.0,1.4851669337964353,45.35894930613428,41.13789860951513,65.88041540531619,93.95501334252003,47.480200323621496,41.44393310546875,38.43970896402995,21.989999771118164,14.525894122695645
154,2021-02-10,WMT,145.8300018310547,145.89999389648438,143.5399932861328,138.09071350097656,6192300.0,2.0,-0.504768753325493,142.68721629148197,133.63313740724848,49.381028095775875,-15.506564055005278,0.15143949287458577,138.76968892415366,140.35600509643555,21.989999771118164,14.525894122695645
155,2021-02-11,AAPL,135.89999389648438,136.38999938964844,133.77000427246094,133.15853881835938,64280000.0,3.0,1.5036335866845718,142.2062140866716,124.51205526147294,55.00346675621713,24.722321632080536,4.277061500493921,131.70978291829428,126.66845817565918,21.25,13.739271352482426
155,2021-02-11,AMGN,238.63999938964844,239.1300048828125,233.99000549316406,216.883056640625,1633900.0,3.0,-0.005550474791590432,237.61932149786873,210.29844278435786,49.861353743716144,-36.05339300444349,22.082395114466014,220.41850891113282,213.9538485209147,21.25,13.739271352482426
155,2021-02-11,AXP,127.44999694824219,129.1199951171875,126.9800033569336,123.81529235839844,3733000.0,3.0,1.8644889297451357,127.95616908281505,109.65515827924548,58.3656173201506,121.99539416679615,25.155603460536874,118.0127197265625,116.18459536234538,21.25,13.739271352482426
155,2021-02-11,BA,212.24000549316406,213.99000549316406,208.57000732421875,210.66000366210938,7140200.0,3.0,0.30724047363065665,218.48415120665499,192.80584818299343,52.72973456687931,53.130936789448036,5.7679148298410965,207.13433329264322,213.67483317057292,21.25,13.739271352482426
155,2021-02-11,CAT,197.58999633789062,198.4199981689453,194.38999938964844,187.9768524169922,2178200.0,3.0,3.027477377090918,191.24896235603924,171.43267063956623,62.486527739940776,95.31613398278894,24.372136090558545,180.51852773030598,173.63743362426757,21.25,13.739271352482426
155,2021-02-11,CRM,238.92999267578125,242.88999938964844,238.5800018310547,241.24000549316406,6091600.0,3.0,3.978334654499406,245.40549052333535,211.97850911045373,56.495274159362594,156.6271789348632,26.51169939363752,225.6239990234375,230.33550008138022,21.25,13.739271352482426
155,2021-02-11,CSCO,47.349998474121094,47.90999984741211,47.20000076293945,43.83751678466797,18589900.0,3.0,0.8489710522582286,44.90167133943225,39.99919383390759,61.60311343522314,144.03989283914504,12.927677229072405,42.04004033406576,40.978909238179526,21.25,13.739271352482426
155,2021-02-11,CVX,92.37000274658203,92.44000244140625,90.08000183105469,82.05751037597656,8572400.0,3.0,0.46228944477037714,85.78789602042144,75.75536798714691,55.14392598187171,42.254101343243676,8.549610412324885,80.32576522827148,79.7085350036621,21.25,13.739271352482426
155,2021-02-11,DIS,189.17999267578125,191.25,188.07000732421875,190.91000366210938,17507900.0,3.0,4.836670592259878,192.13911295260192,160.2468871084332,65.49835468448683,181.3410379003176,46.90144092603407,176.99733276367186,167.95883305867514,21.25,13.739271352482426
155,2021-02-11,GS,303.9800109863281,305.010009765625,299.1700134277344,282.8787841796875,2159900.0,3.0,7.36773159998279,291.874165539841,250.95335673799102,65.89509160618263,93.2341454481682,40.647706393610996,269.0645436604818,246.39138437906902,21.25,13.739271352482426
155,2021-02-11,HD,277.92999267578125,280.25,276.010009765625,259.2925109863281,2595300.0,3.0,1.4751904393814925,267.3445398451708,250.35140894633315,52.216806446046014,55.23399198179112,8.945218336528148,256.33766072591146,254.2345993041992,21.25,13.739271352482426
155,2021-02-11,HON,202.17999267578125,203.10000610351562,200.8800048828125,191.66847229003906,1709000.0,3.0,-1.2227619013292212,198.5160246568687,185.04559338512348,51.10181445837405,-47.02782211596292,2.183676845175674,194.18985850016276,196.096147664388,21.25,13.739271352482426
155,2021-02-11,IBM,116.63479614257812,116.83556365966797,115.3250503540039,102.37689208984375,5629154.0,3.0,-0.5718231995246867,109.93642907851867,96.03613867050476,49.40476205045797,-50.100453674576414,3.040734291143626,104.08001352945963,103.55430018107096,21.25,13.739271352482426
155,2021-02-11,INTC,59.099998474121094,60.9900016784668,58.86000061035156,56.093780517578125,27539100.0,3.0,1.7680708930756808,57.07626222957571,49.30388761173288,61.44079779562037,99.0733440410929,47.93558776594949,51.25464083353678,47.84152768452962,21.25,13.739271352482426
155,2021-02-11,JNJ,167.0,167.3800048828125,165.60000610351562,154.40945434570312,4871300.0,3.0,2.0077286180190015,158.1317573084541,147.13327259877246,60.09688475271611,87.08537571684235,20.92705744815094,150.84752960205077,144.92406565348307,21.25,13.739271352482426
155,2021-02-11,JPM,139.66000366210938,140.5500030517578,138.22000122070312,128.81024169921875,9201000.0,3.0,2.5850077408957333,132.89325986023192,117.38631853942627,63.07535792327849,77.68808067297351,30.442290380992844,124.22383600870768,117.42972030639649,21.25,13.739271352482426
155,2021-02-11,KO,49.810001373291016,50.59000015258789,49.79999923706055,46.2785530090332,21928600.0,3.0,-0.3046768967821549,46.15081701136925,44.092370702253795,49.62567150836305,16.689656630370912,11.966801936445593,45.9136043548584,47.33194491068522,21.25,13.739271352482426
155,2021-02-11,MCD,214.5399932861328,214.8000030517578,212.39999389648438,201.54981994628906,2583600.0,3.0,0.36905793579316537,204.20657908694892,193.17961018307062,51.9358306693686,77.36413897145214,6.851719025405534,199.0781275431315,199.7544069925944,21.25,13.739271352482426
155,2021-02-11,MMM,179.35000610351562,179.8800048828125,175.83999633789062,159.1239013671875,2188400.0,3.0,1.9982269871478593,166.46906844319702,145.76131790934207,55.192458584310096,66.58134092125553,2.0486458970765535,154.56999715169272,154.65934626261392,21.25,13.739271352482426
155,2021-02-11,MRK,71.38359069824219,71.6603012084961,70.83015441894531,65.3292236328125,8780982.0,3.0,-1.4961586203152137,73.8880532001692,63.41434090383469,38.3655446227569,-129.46768036155598,46.99045060335884,69.78474248250326,70.05588200887044,21.25,13.739271352482426
155,2021-02-11,MSFT,244.77999877929688,245.14999389648438,242.14999389648438,238.57896423339844,15751100.0,3.0,6.328862769680029,248.08471664071607,206.93566604971363,63.2664316104755,104.27845624224771,48.35541318375573,222.53804677327474,216.70153325398763,21.25,13.739271352482426
155,2021-02-11,NKE,143.0,144.35000610351562,142.41000366210938,139.62408447265625,3828700.0,3.0,0.7684499493276178,142.87499425732398,128.3093357292483,56.09094017847872,64.75254638694555,21.618437223082882,136.86383183797201,135.0810920715332,21.25,13.739271352482426
155,2021-02-11,PG,128.5399932861328,129.3300018310547,128.2100067138672,120.5998306274414,6139200.0,3.0,-1.7629551676562585,126.36812751923564,118.5234473403835,40.338953035436155,-80.73156039307622,33.4286959744893,124.70600814819336,126.88667119344076,21.25,13.739271352482426
155,2021-02-11,TRV,146.0,147.17999267578125,145.5800018310547,137.71414184570312,887300.0,3.0,1.6464065420639713,141.31748230448326,128.3534481764738,58.51051999457947,99.65664685840352,29.620453368864887,133.41572240193685,130.3913194020589,21.25,13.739271352482426
155,2021-02-11,UNH,335.0,336.6499938964844,331.5,320.5785827636719,2776700.0,3.0,-4.499411074166005,345.3223978640517,308.01327108126077,47.25427123408744,-78.95035024343417,6.972424957699835,331.70025024414065,329.9537862141927,21.25,13.739271352482426
155,2021-02-11,V,207.3300018310547,211.58999633789062,207.19000244140625,206.9244384765625,8411100.0,3.0,0.05307064657770866,208.11489057477712,189.959341908133,53.52658718556268,36.349737377018826,3.9895555779626197,202.7277064005534,204.11240463256837,21.25,13.739271352482426
155,2021-02-11,VZ,55.02000045776367,55.060001373291016,54.47999954223633,46.62722396850586,17398800.0,3.0,-0.7324959524628767,49.88475111091525,45.53453447258084,38.51554292648179,-99.59921994334967,36.35210707829035,48.27711435953776,49.62469882965088,21.25,13.739271352482426
155,2021-02-11,WBA,51.72999954223633,51.79999923706055,49.619998931884766,44.0638542175293,5906300.0,3.0,1.4135284048409105,45.43865838534223,41.161931366855036,61.59887549644389,79.38516644501613,42.05900046486619,41.75779571533203,38.55563577016195,21.25,13.739271352482426
155,2021-02-11,WMT,144.13999938964844,144.9499969482422,143.7100067138672,137.98532104492188,4263800.0,3.0,-0.456348302839956,142.27940850039593,133.7123181841744,49.224234884625766,-27.40172195148747,0.15143949287458075,138.7607457478841,140.26064631144206,21.25,13.739271352482426
156,2021-02-12,AAPL,134.35000610351562,135.52999877929688,133.69000244140625,133.39500427246094,60145100.0,4.0,1.3717621036843752,141.98574142522548,125.38805694513584,55.193340632294195,19.869158155958033,4.595777492411306,131.7705332438151,126.91890830993653,19.969999313354492,9.54474100801568
156,2021-02-12,AMGN,235.0399932861328,237.35000610351562,233.49000549316406,218.8854217529297,1460300.0,4.0,-0.05839107671869215,237.63895387853384,210.03277158533334,51.40637857949915,-40.915513283905064,20.48298159972971,220.77889506022134,213.98916982014973,19.969999313354492,9.54474100801568
156,2021-02-12,AXP,128.19000244140625,130.4600067138672,128.0,125.07940673828125,2873300.0,4.0,2.1107260882184278,128.65811661298096,109.51675216143308,59.31636929172702,133.65563293054538,28.9118617593078,118.35391082763672,116.36737098693848,19.969999313354492,9.54474100801568
156,2021-02-12,BA,210.36000061035156,213.16000366210938,209.6699981689453,210.97999572753906,6010800.0,4.0,0.5084272425142728,218.62112559553,192.7758730006614,52.87134778538975,60.435604987383826,5.767914829841092,206.94466654459634,213.8178332010905,19.969999313354492,9.54474100801568
156,2021-02-12,CAT,197.97999572753906,198.75999450683594,196.75999450683594,187.6356964111328,1804200.0,4.0,3.141311791788098,191.50525125788351,171.33130574895245,62.12345760154191,104.73736477624604,25.287808538739466,181.11567077636718,174.04362869262695,19.969999313354492,9.54474100801568
156,2021-02-12,CRM,240.9499969482422,241.55999755859375,238.91000366210938,240.3699951171875,4314400.0,4.0,4.162286501836547,246.22493695028066,213.63606158487556,55.90029266525183,134.6573437555327,26.51169939363752,226.2229990641276,230.17683334350585,19.969999313354492,9.54474100801568
156,2021-02-12,CSCO,47.43000030517578,47.689998626708984,46.90999984741211,43.5703239440918,15239800.0,4.0,0.8107578929849097,45.01456688132717,40.08346549782323,60.27779713087562,111.93018450663132,9.157928552477323,42.137328974405925,41.0571039835612,19.969999313354492,9.54474100801568
156,2021-02-12,CVX,91.52999877929688,92.7300033569336,91.3499984741211,82.53013610839844,7858300.0,4.0,0.5830586511018225,85.29912867255462,75.98196568779696,55.7220541591386,58.797052503615895,10.094890244002297,80.54037628173828,79.7810629526774,19.969999313354492,9.54474100801568
156,2021-02-12,DIS,193.0,193.85000610351562,186.55999755859375,187.6699981689453,27233800.0,4.0,4.91692399259972,193.58635671912194,160.2236438912296,62.80181223839158,157.79917250901005,50.50516471356984,177.21399943033853,168.6754997253418,19.969999313354492,9.54474100801568
156,2021-02-12,GS,301.989990234375,306.70001220703125,301.7699890136719,286.6216125488281,1977300.0,4.0,7.764057281463522,291.5619433909595,251.12055020034904,67.07465541643757,107.50135291178638,42.6090875701156,270.52640940348306,247.71922022501627,19.969999313354492,9.54474100801568
156,2021-02-12,HD,277.1199951171875,278.7099914550781,276.5799865722656,259.71368408203125,2392200.0,4.0,1.4159250056549126,266.9607685137348,251.5933803510113,52.48418946006354,49.050854419672966,8.945218336528155,256.7198099772135,254.2261169433594,19.969999313354492,9.54474100801568
156,2021-02-12,HON,202.3699951171875,203.7899932861328,201.64999389648438,192.98619079589844,1990300.0,4.0,-1.0053657898685913,197.69753905563988,185.38628205031716,52.22795200614848,-28.36883564761044,0.6804753170989838,193.95664825439454,196.01683095296224,19.969999313354492,9.54474100801568
156,2021-02-12,IBM,115.67877960205078,116.02294158935547,114.80879211425781,102.28373718261719,4049275.0,4.0,-0.5378405345281152,109.29207401775693,96.13272304034854,49.2776695439995,-56.53416735753176,5.6205428292778015,104.02637736002605,103.61075897216797,19.969999313354492,9.54474100801568
156,2021-02-12,INTC,60.599998474121094,62.5099983215332,60.43000030517578,57.15720748901367,26214200.0,4.0,1.9137787849591277,57.56760360383661,49.0823319277796,62.78855092137693,126.12400206381228,53.408944335485884,51.66627019246419,48.086559232076006,19.969999313354492,9.54474100801568
156,2021-02-12,JNJ,164.39999389648438,166.85000610351562,164.0,154.89295959472656,4413100.0,4.0,2.007599181376065,158.27187171517724,147.54455437124855,60.58796201652299,70.09860647894652,12.845248753770507,151.1739044189453,145.18397165934246,19.969999313354492,9.54474100801568
156,2021-02-12,JPM,139.0500030517578,141.61000061035156,139.0,130.64154052734375,8324600.0,4.0,2.7242310007630692,132.90792664115253,117.37905074532209,64.57887876934834,93.35035057592023,33.604696880998574,124.7413569132487,117.81183687845866,19.969999313354492,9.54474100801568
156,2021-02-12,KO,50.56999969482422,50.849998474121094,50.38999938964844,46.63737869262695,13137100.0,4.0,-0.19421418018477254,46.42072647266187,43.95678855724536,50.95492173774452,54.3598105257903,16.347400226304657,45.79859809875488,47.28991311391194,19.969999313354492,9.54474100801568
156,2021-02-12,MCD,214.0,214.6999969482422,212.99000549316406,201.20175170898438,2781200.0,4.0,0.46356231213226806,204.42981152173397,193.46432147387148,51.55824576998211,74.80749305061904,6.851719025405532,199.15149637858073,199.73011576334636,19.969999313354492,9.54474100801568
156,2021-02-12,MMM,177.27000427246094,178.83999633789062,177.2100067138672,160.46182250976562,1081500.0,4.0,2.008109571320688,166.54769074134597,146.90839141197435,56.37351260421196,70.54387823722341,2.048645897076553,154.7499740600586,154.7751787821452,19.969999313354492,9.54474100801568
156,2021-02-12,MRK,71.2977066040039,71.66984558105469,71.1259536743164,65.5564956665039,6738116.0,4.0,-1.4938441579129034,73.52518435051428,63.150490087962275,39.146186743314686,-112.9843711400983,46.82047624528182,69.62187067667644,69.98957099914551,19.969999313354492,9.54474100801568
156,2021-02-12,MSFT,243.92999267578125,245.3000030517578,242.72999572753906,239.06686401367188,16561100.0,4.0,6.296799091600519,248.04303068396206,210.09705568078402,63.516911371059194,98.20934087963725,48.635543484197704,223.2962610880534,217.1622393290202,19.969999313354492,9.54474100801568
156,2021-02-12,NKE,143.11000061035156,143.4499969482422,141.39999389648438,138.2428436279297,3637000.0,4.0,0.7997577259636159,142.96615960888818,128.2979356975083,54.545735850744656,38.04595429894719,16.46226399484756,136.88134180704753,135.28003362019857,19.969999313354492,9.54474100801568
156,2021-02-12,PG,128.0,128.1300048828125,126.58000183105469,119.9325942993164,8407300.0,4.0,-1.766598391298686,125.58074455701514,118.61862067735986,39.330867475812404,-97.02079573468848,42.285229357676656,124.41393076578775,126.66808204650879,19.969999313354492,9.54474100801568
156,2021-02-12,TRV,145.83999633789062,147.13999938964844,144.83999633789062,137.3565673828125,1313000.0,4.0,1.6765300325384374,141.5686693613979,128.4448041493443,58.073395448010785,84.97774101967762,24.986271822267355,133.63153864542645,130.55641949971516,19.969999313354492,9.54474100801568
156,2021-02-12,UNH,331.67999267578125,332.3999938964844,327.8800048828125,315.9297180175781,2760800.0,4.0,-4.611615017136046,344.12207351312856,307.0681852759339,45.21324731379717,-99.5483226906914,12.519951029723684,331.16285502115886,329.5158365885417,19.969999313354492,9.54474100801568
156,2021-02-12,V,209.36000061035156,211.1300048828125,207.67999267578125,206.2368621826172,6911000.0,4.0,0.41428794010539605,209.06080423527962,189.83980153864619,53.0223074144464,39.23987815505266,3.9895555779626224,202.46375325520833,204.07294514973958,19.969999313354492,9.54474100801568
156,2021-02-12,VZ,54.41999816894531,54.68000030517578,54.18000030517578,46.285640716552734,18357300.0,4.0,-0.7496384069904636,49.798584283158675,45.378172003462424,37.17876700911899,-108.13820380299951,40.15354303330225,48.18248863220215,49.5386599222819,19.969999313354492,9.54474100801568
156,2021-02-12,WBA,50.16999816894531,50.709999084472656,50.0,44.29243469238281,2840700.0,4.0,1.3595271063046255,45.530905966011105,41.16287531450648,62.044152942031616,73.91838307166363,42.059000464866195,42.081329345703125,38.65524406433106,19.969999313354492,9.54474100801568
156,2021-02-12,WMT,144.16000366210938,144.61000061035156,143.6699981689453,138.4164581298828,4474500.0,4.0,-0.37881880006565893,141.95732035044134,133.7948814928204,49.89745338225095,-26.322924168202967,0.437334316967036,138.77000732421874,140.14224446614583,19.969999313354492,9.54474100801568
157,2021-02-16,AAPL,135.49000549316406,136.00999450683594,132.7899932861328,131.246826171875,80576300.0,1.0,1.0814467388519233,141.35615730467828,126.63250922974557,53.08806531255281,3.2617828679969048,8.268735063510947,131.7934600830078,127.14847857157389,21.459999084472656,17.587192794669342
157,2021-02-16,AMGN,236.00999450683594,237.69000244140625,232.52999877929688,214.85299682617188,2018100.0,1.0,-0.42079990626942276,237.6969508005177,208.97468768825183,48.30535937194787,-59.39617461288528,17.32813781170409,220.92090504964193,214.02170537312824,21.459999084472656,17.587192794669342
157,2021-02-16,AXP,128.91000366210938,130.91000366210938,128.25,126.10228729248047,2730600.0,1.0,2.3611903894858415,129.54553157886815,109.45245654979395,60.07945509389841,130.94092901706435,30.16992756374207,118.68175837198893,116.60229301452637,21.459999084472656,17.587192794669342
157,2021-02-16,BA,213.0800018310547,217.39999389648438,212.3300018310547,217.17999267578125,10171100.0,1.0,1.1548448123824073,220.21975322165773,192.4632439096899,55.54097841313725,123.72738071418794,13.957662950287245,207.04866638183594,213.9366663614909,21.459999084472656,17.587192794669342
157,2021-02-16,CAT,199.75,205.17999267578125,199.24000549316406,191.79611206054688,3722700.0,1.0,3.5265848831219273,192.9166503923876,170.75293884101083,64.71023946130438,169.15637047804145,39.960770287977034,181.78927764892578,174.5392743428548,21.459999084472656,17.587192794669342
157,2021-02-16,CRM,245.0,251.22999572753906,243.8000030517578,248.58999633789062,10837600.0,1.0,4.914701448246973,248.0195206271088,215.38647760287168,60.01603263469923,179.60422628417302,44.3975464158901,227.09166564941407,230.0504997253418,21.459999084472656,17.587192794669342
157,2021-02-16,CSCO,47.2599983215332,47.2599983215332,46.400001525878906,42.8516731262207,18539000.0,1.0,0.7142511315248257,45.045577710676525,40.151959520768784,56.873383589194496,66.23718297163155,2.7122684988663757,42.202437210083005,41.133374532063804,21.459999084472656,17.587192794669342
157,2021-02-16,CVX,93.05000305175781,93.86000061035156,92.61000061035156,84.22124481201172,14006000.0,1.0,0.8059371150275183,85.63380058726321,75.85742408314695,57.73822809911658,97.70215840569132,16.006540856819065,80.83751551310222,79.89113909403483,21.459999084472656,17.587192794669342
157,2021-02-16,DIS,187.3000030517578,188.44000244140625,184.86000061035156,186.35000610351562,11630700.0,1.0,4.818468754112615,194.63345087675643,160.66755009980605,61.7307195846564,115.09021454173285,43.689154686146104,177.386333211263,169.37299982706705,21.459999084472656,17.587192794669342
157,2021-02-16,GS,310.0,312.9200134277344,309.2200012207031,291.89892578125,2792200.0,1.0,8.407071822173407,293.633285309674,250.0737871390565,68.65589141162454,144.70202294810238,49.21222743637213,272.03131815592445,249.09980265299478,21.459999084472656,17.587192794669342
157,2021-02-16,HD,277.010009765625,278.6300048828125,274.8800048828125,257.7296447753906,2873500.0,1.0,1.195085134192368,266.95883823760016,251.5765941964819,51.0909819717534,25.992075635455386,3.009245089140542,257.024592590332,254.2947110493978,21.459999084472656,17.587192794669342
157,2021-02-16,HON,204.86000061035156,205.57000732421875,201.8800048828125,192.8629608154297,2283400.0,1.0,-0.8334143529511095,197.3621937069251,185.48178212315304,52.11184667815966,-13.692201408553785,7.806707776762482,193.66402943929037,195.98696873982746,21.459999084472656,17.587192794669342
157,2021-02-16,IBM,114.86615753173828,115.2963638305664,114.11090087890625,101.6656494140625,6945231.0,1.0,-0.554392849363893,108.66122595828374,96.20245278317135,48.42266680655062,-65.90526265677344,9.114961965871128,103.90924606323242,103.66610743204753,21.459999084472656,17.587192794669342
157,2021-02-16,INTC,62.0,62.869998931884766,61.70000076293945,57.76753234863281,26326300.0,1.0,2.0548148282566956,58.24412195060595,48.89012907173292,63.54506204319745,138.36426005677626,54.61684646376881,52.065460840861,48.35187339782715,21.459999084472656,17.587192794669342
157,2021-02-16,JNJ,166.5800018310547,167.0500030517578,164.63999938964844,153.4888916015625,5656100.0,1.0,1.8726137237951264,158.18019447743475,148.07976493418633,58.42786505803161,61.37179634619859,13.616650373707817,151.4122533162435,145.44356206258138,21.459999084472656,17.587192794669342
157,2021-02-16,JPM,143.5500030517578,145.32000732421875,142.39999389648438,133.78616333007812,12130600.0,1.0,3.0531167869084612,134.00537377699857,116.83746451035493,66.96811512500801,143.06344281673185,43.25675855757643,125.31135686238606,118.26457646687825,21.459999084472656,17.587192794669342
157,2021-02-16,KO,50.619998931884766,50.720001220703125,50.15999984741211,46.250953674316406,15093400.0,1.0,-0.13628197712971968,46.565798199449944,43.95616415711744,49.49977864222538,55.3727225927995,11.118694459626436,45.65844357808431,47.2440273920695,21.459999084472656,17.587192794669342
157,2021-02-16,MCD,214.3699951171875,216.94000244140625,213.8300018310547,202.26470947265625,2892900.0,1.0,0.6171157925525961,204.81466839823975,193.56107165302979,52.645873413434906,116.84278757861966,14.896628508063367,199.1656066894531,199.73476130167643,21.459999084472656,17.587192794669342
157,2021-02-16,MMM,179.0,179.69000244140625,176.32000732421875,158.6030731201172,1834000.0,1.0,1.8446915925516976,166.1003223952374,148.47217363747745,54.315920109489745,58.19935379922991,1.1402486895685309,154.84780629475912,154.8632698059082,21.459999084472656,17.587192794669342
157,2021-02-16,MRK,71.91793823242188,71.97518920898438,70.65839385986328,64.90093231201172,9734453.0,1.0,-1.527302619831687,72.87632656061096,63.001307106381226,37.720583269950545,-109.56691781369987,49.85687744149222,69.4018918355306,69.89325485229492,21.459999084472656,17.587192794669342
157,2021-02-16,MSFT,245.02999877929688,246.1300048828125,242.9199981689453,237.8080596923828,26728500.0,1.0,6.099502143354499,246.97138315676415,214.19863637448583,62.38159511677407,90.55260825689996,50.23219004808479,223.9884455362956,217.6468983968099,21.459999084472656,17.587192794669342
157,2021-02-16,NKE,143.3699951171875,143.3699951171875,141.02999877929688,137.84402465820312,4873400.0,1.0,0.7833579439656262,143.0613300240302,128.2990665518975,54.100567105447695,30.51942929747654,14.560325641205857,136.8891242980957,135.43835118611653,21.459999084472656,17.587192794669342
157,2021-02-16,PG,127.97000122070312,128.1699981689453,126.98999786376953,120.21453094482422,8246000.0,1.0,-1.7268299208207765,124.89459477415886,118.7360357190052,39.9864348023211,-88.26756283329415,41.790479529596624,124.08859227498372,126.46275405883789,21.459999084472656,17.587192794669342
157,2021-02-16,TRV,147.00999450683594,147.9199981689453,145.6699981689453,138.73049926757812,1122100.0,1.0,1.790626706395301,141.97143433674833,128.43540007487277,59.282528254932906,98.5628632255455,27.89103959200726,133.85268732706706,130.76390062967937,21.459999084472656,17.587192794669342
157,2021-02-16,UNH,327.3599853515625,329.8399963378906,322.4800109863281,312.44549560546875,4339000.0,1.0,-4.924913740176748,342.74095945407913,305.88136110256147,43.74820724952135,-114.47169728928121,20.116138619418674,330.32676493326824,329.0952621459961,21.459999084472656,17.587192794669342
157,2021-02-16,V,210.66000366210938,211.0500030517578,207.35000610351562,204.21339416503906,9652700.0,1.0,0.531155459955869,209.57625441349458,189.9748564263492,51.54395346531205,34.7759342651727,4.904337892673446,202.12025553385416,204.03228886922201,21.459999084472656,17.587192794669342
157,2021-02-16,VZ,54.11000061035156,54.31999969482422,53.83000183105469,46.24293518066406,22095700.0,1.0,-0.7579329265688344,49.633519207537006,45.26740204185265,37.012623521600226,-111.87377753657448,44.30223430643514,48.06925900777181,49.45388069152832,21.459999084472656,17.587192794669342
157,2021-02-16,WBA,50.400001525878906,50.72999954223633,48.91999816894531,43.202266693115234,6058700.0,1.0,1.2147602416260241,45.53598235682467,41.1771405832388,58.68674338786,49.21240526610972,28.78162053438873,42.352699025472006,38.79822603861491,21.459999084472656,17.587192794669342
157,2021-02-16,WMT,145.94000244140625,146.38999938964844,144.92999267578125,139.55661010742188,9297000.0,1.0,-0.2228069942699733,142.06461904006864,133.78531076950168,51.651157282727965,30.226515632477916,11.60041645343583,138.81823069254557,140.09168904622396,21.459999084472656,17.587192794669342
158,2021-02-17,AAPL,131.25,132.22000122070312,129.47000122070312,128.93109130859375,97918500.0,2.0,0.65693651532996,140.88058540516644,127.42348411387654,50.92200990712993,-56.98868036744013,20.35907289878088,131.84677302042644,127.36175575256348,21.5,51.287514408472624
158,2021-02-17,AMGN,232.3300018310547,235.83999633789062,231.24000549316406,217.4089813232422,1575400.0,2.0,-0.4960468082164198,237.29685693792942,208.375661982969,50.272342475211396,-65.54849594927038,13.075130524235457,221.24764709472657,214.16828384399415,21.5,51.287514408472624
158,2021-02-17,AXP,130.0800018310547,131.16000366210938,128.44000244140625,124.05656433105469,3088800.0,2.0,2.3673233762968806,129.76523769155887,109.40741169198606,57.83510624727018,111.04474505738875,30.896204503629516,119.03340861002604,116.83901939392089,21.5,51.287514408472624
158,2021-02-17,BA,215.52000427246094,218.7100067138672,212.67999267578125,215.52000427246094,9276000.0,2.0,1.515715972414398,220.9375040674372,192.22649281976982,54.683040917153235,114.76276331833746,16.358528247677192,207.47533315022787,214.1403330485026,21.5,51.287514408472624
158,2021-02-17,CAT,202.38999938964844,202.89999389648438,199.7899932861328,191.72027587890625,2290400.0,2.0,3.7821984087583473,194.13453476942422,170.31595961534143,64.62701201861702,151.4020562365755,39.960770287977034,182.45627085367838,175.0206158955892,21.5,51.287514408472624
158,2021-02-17,CRM,248.58999633789062,249.5,245.5,247.66000366210938,5879200.0,2.0,5.374004894252664,249.4583226762644,217.03767646924342,59.36755901000525,155.84605640164017,44.39754641589009,228.00333251953126,229.89216639200848,21.5,51.287514408472624
158,2021-02-17,CSCO,46.31999969482422,46.400001525878906,45.869998931884766,42.612125396728516,13296300.0,2.0,0.6113915863584296,45.052080885476734,40.243118318014474,55.78692113709364,23.64587571572799,3.6106024995722934,42.272766494750975,41.214182662963864,21.5,51.287514408472624
158,2021-02-17,CVX,95.41999816894531,96.72000122070312,94.19999694824219,86.74434661865234,14342300.0,2.0,1.1726456042166689,86.23356502049336,75.50429966456522,60.51332172665952,164.88581990508666,28.692220254755014,81.21102930704753,80.08428675333658,21.5,51.287514408472624
158,2021-02-17,DIS,185.36000061035156,187.6300048828125,182.16000366210938,186.44000244140625,11391800.0,2.0,4.693599329213839,195.57725198890472,161.1417497811148,61.77669861763669,93.31652024034535,33.430009812075454,177.67833353678387,170.0819999694824,21.5,51.287514408472624
158,2021-02-17,GS,310.0299987792969,314.9800109863281,308.760009765625,292.62872314453125,2333100.0,2.0,8.87326851043099,296.37639730404027,249.06544992496362,68.86976709374576,143.04129031710923,51.2000018858906,273.52031758626305,250.49797668457032,21.5,51.287514408472624
158,2021-02-17,HD,275.5400085449219,281.7900085449219,275.3999938964844,262.9049987792969,3536400.0,2.0,1.4212919915154316,267.2886601310248,251.97020217366267,54.36020140178549,70.41899697187034,12.484202260197439,257.55491892496747,254.4905158996582,21.5,51.287514408472624
158,2021-02-17,HON,201.36000061035156,202.19000244140625,199.86000061035156,191.4029998779297,2910200.0,2.0,-0.8056610870989687,196.7260994916236,185.6571417803491,50.72968318890969,-52.686561350888496,0.8254276562772142,193.47284698486328,195.99945017496745,21.5,51.287514408472624
158,2021-02-17,IBM,114.02485656738281,115.25812530517578,113.78585052490234,101.58097076416016,4141219.0,2.0,-0.567798311983978,107.8195093745964,96.4219457035286,48.303885951505485,-64.77396374007824,10.7600287618785,103.84332478841146,103.73299547831218,21.5,51.287514408472624
158,2021-02-17,INTC,61.4900016784668,62.189998626708984,61.209999084472656,57.19419479370117,21055400.0,2.0,2.09616013040975,58.7084382301196,48.815109133161656,62.31395271511825,120.03574600212868,48.996497497993566,52.45013618469238,48.614831860860185,21.5,51.287514408472624
158,2021-02-17,JNJ,164.97000122070312,166.08999633789062,164.36000061035156,154.0374755859375,6676700.0,2.0,1.7892772446856213,158.258142118868,148.26960598904216,59.01841133083578,51.71348251866001,12.131354372754258,151.6961634318034,145.74276860555014,21.5,51.287514408472624
158,2021-02-17,JPM,143.9499969482422,145.3800048828125,143.1199951171875,134.20236206054688,10810100.0,2.0,3.3091985205137746,135.15009562492696,116.34571736335428,67.27038382013603,143.155144589398,43.399001066959265,125.93196131388346,118.73741455078125,21.5,51.287514408472624
158,2021-02-17,KO,50.0,50.4900016784668,49.88999938964844,46.12214279174805,12794300.0,2.0,-0.09961593998800566,46.65910360029886,44.01190622636129,49.01707834939946,52.90620542883859,5.186715018372596,45.577785619099934,47.21227474212647,21.5,51.287514408472624
158,2021-02-17,MCD,213.9600067138672,214.88999938964844,212.6300048828125,200.77847290039062,3280000.0,2.0,0.6118283849228305,204.9327409802901,193.85311412224897,50.98995034328113,60.22863480502009,9.481820268410521,199.26688079833986,199.72227274576824,21.5,51.287514408472624
158,2021-02-17,MMM,176.0500030517578,177.3000030517578,175.13999938964844,158.6210479736328,1578100.0,2.0,1.6970693286393441,165.93433653834086,149.43842652318256,54.332594823122776,39.25203898821275,5.332919967372872,155.03292388916014,154.98462397257487,21.5,51.287514408472624
158,2021-02-17,MRK,71.04962158203125,72.57633972167969,70.96373748779297,66.02850341796875,13876463.0,2.0,-1.44616266422355,72.06246202793535,63.14649717006269,41.510582354760146,-86.38097638578026,38.952734217851294,69.24397328694661,69.83379885355632,21.5,51.287514408472624
158,2021-02-17,MSFT,241.32000732421875,244.30999755859375,240.94000244140625,238.84478759765625,21653500.0,2.0,5.958116707475796,245.9591258677983,217.97466014294392,62.945874102529295,79.49371716366275,39.19829360897065,224.8690414428711,218.19469935099283,21.5,51.287514408472624
158,2021-02-17,NKE,141.3000030517578,144.55999755859375,140.2100067138672,140.0618133544922,6437100.0,2.0,0.9384995726572924,143.54466441212486,128.27485539378335,56.15888779265012,47.87708665295995,19.102480817025157,137.01525395711263,135.64301617940268,21.5,51.287514408472624
158,2021-02-17,PG,127.19000244140625,129.49000549316406,127.11000061035156,120.72200775146484,8845200.0,2.0,-1.6355108334970083,124.38336507378926,118.83950251043925,41.170117829955416,-72.53640822212428,26.296273813849975,123.82127126057942,126.29982414245606,21.5,51.287514408472624
158,2021-02-17,TRV,146.91000366210938,148.82000732421875,146.75999450683594,139.6997833251953,924300.0,2.0,1.936934490151259,142.49489127683952,128.37682503175424,60.12184993285127,111.16295350917125,31.178145797079505,134.25420430501302,130.99797897338868,21.5,51.287514408472624
158,2021-02-17,UNH,323.4599914550781,328.6000061035156,322.239990234375,314.6014709472656,2620000.0,2.0,-4.942264692613207,340.64035003192265,305.5439608811633,44.89125790125308,-103.83032047036984,20.44436751807911,329.60039876302085,328.8319396972656,21.5,51.287514408472624
158,2021-02-17,V,205.25999450683594,208.27999877929688,205.05999755859375,203.83029174804688,8373200.0,2.0,0.5861044013896901,209.99226772564947,190.1641730092138,51.26400753352256,15.240548284978942,11.182092667907698,201.7956985473633,204.03232345581054,21.5,51.287514408472624
158,2021-02-17,VZ,56.0,57.25,55.630001068115234,48.668235778808594,40531300.0,2.0,-0.5623227967390108,49.624798245356445,45.27099910266601,50.110529988602245,15.879174287409397,10.943873418309376,48.03405621846517,49.41557846069336,21.5,51.287514408472624
158,2021-02-17,WBA,48.779998779296875,49.709999084472656,48.599998474121094,43.57151794433594,4917100.0,2.0,1.1169514276119514,45.54513309632934,41.291952246077884,59.4554971333815,33.59356433781638,25.07893713881702,42.59183247884115,38.96424210866292,21.5,51.287514408472624
158,2021-02-17,WMT,144.64999389648438,147.5,144.5,141.03208923339844,8523700.0,2.0,0.019665627092564364,142.46257328314562,133.75239253716688,53.815310844938416,59.6515731168557,18.14054420814238,138.83962860107422,140.0701800028483,21.5,51.287514408472624
159,2021-02-18,AAPL,129.1999969482422,130.0,127.41000366210938,127.81758880615234,96856700.0,3.0,0.22803016889628225,141.11041190817227,126.98445427224763,49.90908353604151,-89.16011413985034,26.761624841533816,131.81049296061198,127.54647153218588,22.489999771118164,40.22302129672821
159,2021-02-18,AMGN,235.42999267578125,235.42999267578125,232.3000030517578,214.56695556640625,1945300.0,3.0,-0.7760622839827249,236.36253330300258,207.6520449440677,48.164327645171994,-77.38722022817842,13.07513052423546,221.4460698445638,214.31466623942057,22.489999771118164,40.22302129672821
159,2021-02-18,AXP,127.48999786376953,128.8300018310547,126.08000183105469,123.98900604248047,2269700.0,3.0,2.339761113583947,129.7018522903274,109.42737363130345,57.761391039070396,76.04549153105467,18.463123983902243,119.36261316935222,117.07622248331705,22.489999771118164,40.22302129672821
159,2021-02-18,BA,213.4499969482422,214.33999633789062,208.0800018310547,208.47999572753906,9121300.0,3.0,1.2195805475179213,220.63762315070477,192.22937361443195,51.212407796168904,38.46514738802427,5.326890836417983,207.37033284505208,214.18716634114583,22.489999771118164,40.22302129672821
159,2021-02-18,CAT,201.5500030517578,202.8800048828125,198.5800018310547,189.4647674560547,2345800.0,3.0,3.7594368420208184,194.92627145434244,170.24258535718099,62.16695926161559,124.42656921058062,34.281189508699796,183.00126088460286,175.46185175577799,22.489999771118164,40.22302129672821
159,2021-02-18,CRM,245.97000122070312,248.00999450683594,242.57000732421875,247.00999450683594,4152800.0,3.0,5.620763218260919,251.05619805205322,217.79680029999759,58.90734726094383,127.74777175178485,33.17523505194311,228.85299886067708,229.598166402181,22.489999771118164,40.22302129672821
159,2021-02-18,CSCO,46.38999938964844,46.400001525878906,45.689998626708984,42.695045471191406,16867500.0,3.0,0.5304509049304187,45.06269427260169,40.324638643658076,56.08731189022766,16.455267286301115,5.717683289989228,42.345245361328125,41.29865767161051,22.489999771118164,40.22302129672821
159,2021-02-18,CVX,95.75,95.77999877929688,94.30000305175781,85.9123764038086,9030600.0,3.0,1.3802213480757075,86.42907676358809,75.39464989046465,59.18758639837965,136.6525656494735,28.692220254755018,81.48874155680339,80.24201800028483,22.489999771118164,40.22302129672821
159,2021-02-18,DIS,184.7899932861328,186.39999389648438,182.83999633789062,183.0,12380900.0,3.0,4.26786269809304,196.01392201940848,161.6410798116462,58.97491845551201,72.34269415386015,33.43000981207545,177.83033345540363,170.76999994913737,22.489999771118164,40.22302129672821
159,2021-02-18,GS,309.2200012207031,314.5,307.5799865722656,289.9713134765625,2093300.0,3.0,8.925415360932334,298.5009663357241,248.7589259372251,67.14396130328733,124.48113256471515,47.661155316961114,274.7357823689779,251.84767303466796,22.489999771118164,40.22302129672821
159,2021-02-18,HD,280.79998779296875,284.67999267578125,279.8299865722656,264.8983459472656,3532000.0,3.0,1.7413359758484717,267.91335617071985,252.1643934630692,55.54419603896352,120.05216684907096,20.113617289372815,258.08524525960286,254.7024787902832,22.489999771118164,40.22302129672821
159,2021-02-18,HON,201.5,204.82000732421875,200.64999389648438,192.9387969970703,1764900.0,3.0,-0.6522220221597479,195.8044788398232,186.1464687309776,52.1118698652223,-18.667296652554697,9.283952838039077,193.31674092610677,196.01209030151367,22.489999771118164,40.22302129672821
159,2021-02-18,IBM,115.20076751708984,115.62141418457031,114.43594360351562,102.22445678710938,5646413.0,3.0,-0.5204983129241612,106.58875911404242,97.00624897311577,49.28190900457253,-51.352633516843404,8.41554168122354,103.73757909138997,103.80489870707194,22.489999771118164,40.22302129672821
159,2021-02-18,INTC,60.650001525878906,61.97999954223633,60.63999938964844,56.97227478027344,17846100.0,3.0,2.086962287658963,59.065394384324726,48.76275579267723,61.83427074602756,109.35381031387924,42.55297276014678,52.798613993326825,48.86551303863526,22.489999771118164,40.22302129672821
159,2021-02-18,JNJ,164.9600067138672,166.16000366210938,164.3000030517578,154.1118927001953,5189100.0,3.0,1.7095309155270968,158.3089073997153,148.53126746600734,59.09994340124334,48.25247593992382,12.437297866727642,151.92552337646484,146.0467549641927,22.489999771118164,40.22302129672821
159,2021-02-18,JPM,144.0,145.7899932861328,143.39999389648438,134.65557861328125,10587800.0,3.0,3.5082747203313573,136.4041651474847,115.98139622336494,67.60432891190521,144.58907023219334,44.41679656888367,126.54670867919921,119.21306190490722,22.489999771118164,40.22302129672821
159,2021-02-18,KO,50.15999984741211,50.849998474121094,50.029998779296875,46.71098709106445,12747100.0,3.0,-0.022780429005720748,46.86280617220565,44.00049491422013,51.2645313976134,97.9576932004159,11.890686455301969,45.53454348246257,47.18242441813151,22.489999771118164,40.22302129672821
159,2021-02-18,MCD,213.2899932861328,215.86000061035156,212.64999389648438,202.64093017578125,2191000.0,3.0,0.7492855161851253,205.16716850815874,193.78800269545457,52.91005812493034,85.81480371908454,13.023690202460186,199.39073130289714,199.74721450805663,22.489999771118164,40.22302129672821
159,2021-02-18,MMM,177.25,179.6699981689453,176.14999389648438,161.06346130371094,2087100.0,3.0,1.7569074293565166,166.01350098525384,150.30580138291023,56.56127441268899,62.44913551969453,3.4576193961726758,155.30806427001954,155.12174809773762,22.489999771118164,40.22302129672821
159,2021-02-18,MRK,71.82251739501953,72.40457916259766,71.6030502319336,65.91486358642578,10004627.0,3.0,-1.3751762734374182,71.27924240972375,63.31348601434852,41.24887461161213,-78.05202807815873,38.95273421785129,69.07818832397462,69.77042541503906,22.489999771118164,40.22302129672821
159,2021-02-18,MSFT,241.8000030517578,243.92999267578125,240.86000061035156,238.44378662109375,16925600.0,3.0,5.7474571945404875,245.77849074551887,220.10806320955925,62.570325789431756,73.31544376207852,38.75812032164623,225.72944081624348,218.71402384440105,22.489999771118164,40.22302129672821
159,2021-02-18,NKE,142.97999572753906,145.38999938964844,141.2100067138672,141.1317901611328,4486800.0,3.0,1.1347084050946705,143.90102636090575,128.14124429949464,57.11862401639321,65.99393619253759,22.18674014208387,137.14041061401366,135.86098365783693,22.489999771118164,40.22302129672821
159,2021-02-18,PG,127.80999755859375,129.85000610351562,127.58999633789062,121.72754669189453,6936400.0,3.0,-1.4651123073429915,124.20121606686402,118.87044531008911,43.456124619164456,-57.35616704819264,22.397001056439834,123.56006698608398,126.1562998453776,22.489999771118164,40.22302129672821
159,2021-02-18,TRV,148.30999755859375,148.41000366210938,146.36000061035156,138.9845733642578,918200.0,3.0,1.972435982077286,142.78566485395666,128.33731183061363,59.19051583665706,95.33854931324717,28.39746533492965,134.667014058431,131.2279301961263,22.489999771118164,40.22302129672821
159,2021-02-18,UNH,325.8999938964844,329.5799865722656,325.20001220703125,316.0933837890625,2383500.0,3.0,-4.780523648679377,338.3996287083748,305.62580464123454,45.68139173933134,-86.04790822662257,18.32250401820517,329.0745564778646,328.71352233886716,22.489999771118164,40.22302129672821
159,2021-02-18,V,205.8800048828125,209.6999969482422,204.9600067138672,205.63768005371094,7328600.0,3.0,0.7666554379917727,210.44844342600558,190.0674424992874,52.52248162131104,36.69146026148529,6.520943285795321,201.63763631184895,204.06673100789388,22.489999771118164,40.22302129672821
159,2021-02-18,VZ,56.939998626708984,57.61000061035156,56.529998779296875,48.65969467163086,20759900.0,3.0,-0.4033401018980385,49.58169551263596,45.29019093145584,50.07259671410641,42.66745509762174,15.207557736197508,48.00617307027181,49.378682963053386,22.489999771118164,40.22302129672821
159,2021-02-18,WBA,48.880001068115234,49.439998626708984,48.4900016784668,43.418853759765625,4660600.0,3.0,1.015413459713706,45.53353695305424,41.41752009955806,58.98605120011475,19.450375559067854,23.771331092997432,42.83291041056315,39.13328177134196,22.489999771118164,40.22302129672821
159,2021-02-18,WMT,139.0,140.6999969482422,137.5,131.891845703125,32309100.0,3.0,-0.5197232916576979,142.84475768473627,132.6181024226856,41.819517777259854,-225.93449242315572,21.173442818312466,138.58126220703124,139.84812571207684,22.489999771118164,40.22302129672821
160,2021-02-19,AAPL,130.24000549316406,130.7100067138672,128.8000030517578,127.97525024414062,87668800.0,4.0,-0.0980292205087494,141.26865441597621,126.15654928885776,50.054604425576684,-77.61491516631466,23.11503153978374,131.92410736083986,127.75513356526693,22.049999237060547,28.716658299405452
160,2021-02-19,AMGN,232.00999450683594,233.14999389648438,230.85000610351562,213.79183959960938,2471500.0,4.0,-1.048436226347718,235.32441331694588,206.98493726899164,47.601177543867664,-94.58570152636896,8.044707837627836,221.45103861490887,214.47102864583334,22.049999237060547,28.716658299405452
160,2021-02-19,AXP,129.49000549316406,133.36000061035156,129.49000549316406,127.09622192382812,3419500.0,4.0,2.539371877052176,130.35839166461707,109.18384466350793,60.17641769376299,130.08929033626038,31.762325737107496,119.65467809041341,117.39021402994791,22.049999237060547,28.716658299405452
160,2021-02-19,BA,209.97000122070312,217.63999938964844,209.14999389648438,217.47000122070312,12415300.0,4.0,1.6908186950164463,221.97425541988983,191.89874110110625,54.986470763064425,98.71790278760822,11.743554309311213,207.58499959309896,214.4846664428711,22.049999237060547,28.716658299405452
160,2021-02-19,CAT,203.25,211.4600067138672,202.6999969482422,198.93231201171875,4937300.0,4.0,4.4540068401338715,197.76196586956468,169.08621986041578,67.53336795019331,216.61385978558968,49.74068440417256,183.5406931559245,176.07140630086263,22.049999237060547,28.716658299405452
160,2021-02-19,CRM,248.0,249.38999938964844,245.97999572753906,246.55999755859375,4647700.0,4.0,5.7141409153505265,252.06712844132264,219.22486984969296,58.58211999737218,125.87163534342496,35.691568562460276,229.86666564941407,229.40683288574218,22.049999237060547,28.716658299405452
160,2021-02-19,CSCO,46.540000915527344,46.61000061035156,45.58000183105469,42.08695983886719,25117700.0,4.0,0.4124825610059162,45.047406696946695,40.39244201215975,53.338139466163454,0.1470491422087401,2.912080805695882,42.38455581665039,41.376044209798174,22.049999237060547,28.716658299405452
160,2021-02-19,CVX,95.12999725341797,96.37999725341797,94.6500015258789,86.6358413696289,8913900.0,4.0,1.5848352033802797,87.21113267394077,75.07131819275844,59.97636540743943,140.84692411560522,31.18377548206382,81.70734074910482,80.41091524759928,22.049999237060547,28.716658299405452
160,2021-02-19,DIS,184.27000427246094,184.77999877929688,182.7899932861328,183.64999389648438,8834500.0,4.0,3.9375231104889963,196.37721069003936,162.51479065273406,59.33541366977197,64.92744107628297,33.22870895609205,177.98133341471353,171.47966639200845,22.049999237060547,28.716658299405452
160,2021-02-19,GS,310.2300109863281,316.7799987792969,310.2300109863281,295.323486328125,2749500.0,4.0,9.291510979986185,301.495624884287,248.220456353506,68.77427335133663,136.98690203671234,50.074610114508346,275.6736567179362,253.3054951985677,22.049999237060547,28.716658299405452
160,2021-02-19,HD,282.8699951171875,283.9100036621094,279.44000244140625,261.7070617675781,4079900.0,4.0,1.7176630264381174,267.9612890471727,252.17168214423347,53.256065049438554,89.96900815030871,18.621905731504036,258.46177571614584,254.87862803141277,22.049999237060547,28.716658299405452
160,2021-02-19,HON,204.1199951171875,206.8300018310547,203.32000732421875,192.9767303466797,2434400.0,4.0,-0.5215474787523817,195.5257022121799,186.2669293185818,52.14617101221096,18.98498294797325,16.15223271841639,193.04181925455728,196.03673884073893,22.049999237060547,28.716658299405452
160,2021-02-19,IBM,115.43977355957031,115.44933319091797,113.17399597167969,100.75118255615234,6881320.0,4.0,-0.5950344538747459,104.18443502853978,98.48561883498562,47.16837220836508,-67.0839778976961,15.089437557599375,103.49499155680338,103.85558954874675,22.049999237060547,28.716658299405452
160,2021-02-19,INTC,61.90999984741211,63.2599983215332,61.849998474121094,58.26688003540039,28290100.0,4.0,2.159246308275634,59.24318743847571,48.67067059375085,63.52855105450187,141.39519418934427,47.95576985527382,53.1752326965332,49.14129435221354,22.049999237060547,28.716658299405452
160,2021-02-19,JNJ,165.60000610351562,165.9600067138672,162.91000366210938,151.54550170898438,8190900.0,4.0,1.4228434171378694,158.2410309242061,148.71537318956342,55.183244669436846,10.35808202252524,4.700008595502624,152.02315470377604,146.31997248331706,22.049999237060547,28.716658299405452
160,2021-02-19,JPM,145.86000061035156,148.83999633789062,145.86000061035156,136.903076171875,11969800.0,4.0,3.8035533177932876,138.04501554815445,115.56048295648422,69.21564566975962,175.77422105462122,51.37067465989706,127.05447667439779,119.74131927490234,22.049999237060547,28.716658299405452
160,2021-02-19,KO,50.790000915527344,50.83000183105469,49.970001220703125,46.10375213623047,15968800.0,4.0,-0.010762456068960091,46.93361349144969,44.03641366919484,48.96200485287837,79.72201587861822,10.49875140312758,45.52196947733561,47.14945240020752,22.049999237060547,28.716658299405452
160,2021-02-19,MCD,215.2899932861328,215.72999572753906,211.97000122070312,199.6403045654297,3181600.0,4.0,0.609074837958758,205.07047274704223,193.7633544624304,49.66698310210783,42.26227324943196,9.804025049904293,199.4296101888021,199.73804244995117,22.049999237060547,28.716658299405452
160,2021-02-19,MMM,179.57000732421875,180.77000427246094,176.1999969482422,158.5222625732422,2986800.0,4.0,1.5810506872672931,165.78458785819845,151.1870597858445,53.738540801177436,52.99029130244823,7.296111828058314,155.42101491292317,155.1975196838379,22.049999237060547,28.716658299405452
160,2021-02-19,MRK,71.98473358154297,72.05152893066406,70.85877990722656,64.95337677001953,12388198.0,4.0,-1.3805884338346885,70.71314016707538,63.279091583412914,39.09173289303411,-88.06242938580999,44.65048633090446,68.84305903116862,69.69016011555989,22.049999237060547,28.716658299405452
160,2021-02-19,MSFT,243.75,243.86000061035156,240.17999267578125,235.68563842773438,25262600.0,4.0,5.296889262205923,244.9629227337808,222.53910515928558,60.022284331449065,62.64146410274448,34.88265698129644,226.68168182373046,219.22039464314778,22.049999237060547,28.716658299405452
160,2021-02-19,NKE,145.42999267578125,145.5,141.5,138.14553833007812,7486000.0,4.0,1.0372826046113914,143.94134301663522,128.14080648898002,53.72310070536656,45.37639063902479,22.604772217161656,137.12970962524415,136.01186866760253,22.049999237060547,28.716658299405452
160,2021-02-19,PG,129.35000610351562,129.44000244140625,127.0199966430664,119.46271514892578,8277900.0,4.0,-1.495583074526479,124.06250127913667,118.64359231827545,39.84826811296354,-77.66108643705908,26.250769812317536,123.177907816569,125.97860908508301,22.049999237060547,28.716658299405452
160,2021-02-19,TRV,148.13999938964844,148.1699981689453,145.74000549316406,137.3094940185547,1124700.0,4.0,1.8441480751589268,142.40757106553656,128.4509677528228,57.049356420456604,72.64327346316855,24.040813987650765,134.88063405354816,131.41936429341635,22.049999237060547,28.716658299405452
160,2021-02-19,UNH,328.75,328.8500061035156,324.1099853515625,312.4070129394531,2313800.0,4.0,-4.89339402506846,334.6004203480784,306.49709857282005,44.06641342311095,-91.10345339424256,19.998271621613476,327.9615915934245,328.57042897542317,22.049999237060547,28.716658299405452
160,2021-02-19,V,209.33999633789062,209.52999877929688,203.75999450683594,201.09962463378906,15011500.0,4.0,0.5373658697746464,210.44226428622278,190.06458385830848,49.22115960280535,9.722654318739089,9.93201007876225,201.3900919596354,204.08582051595053,22.049999237060547,28.716658299405452
160,2021-02-19,VZ,57.33000183105469,57.400001525878906,56.349998474121094,48.20708084106445,18689400.0,4.0,-0.3102904886986053,49.46696173071954,45.33489831566718,48.07747279963907,32.49335583899143,12.333056392841906,47.943206278483075,49.33663794199626,22.049999237060547,28.716658299405452
160,2021-02-19,WBA,49.02000045776367,49.5,48.79999923706055,43.36560821533203,3569800.0,4.0,0.920041749585458,45.384158668677046,41.76521991713838,58.81848871434727,17.063833775760596,24.233197684116785,43.01741205851237,39.30612303415934,22.049999237060547,28.716658299405452
160,2021-02-19,WMT,137.8000030517578,139.4199981689453,137.6699981689453,132.54331970214844,12202000.0,4.0,-0.8844292389997008,143.00271385019397,131.83642189199355,42.760287076122765,-200.3406677852691,21.173442818312473,138.3155497233073,139.66684010823568,22.049999237060547,28.716658299405452
161,2021-02-22,AAPL,128.00999450683594,129.72000122070312,125.5999984741211,124.16171264648438,103916400.0,0.0,-0.6565855394224798,141.5966315177138,124.56108866661239,46.66256583280703,-123.00284531830478,32.473894263229504,131.76891581217447,127.95746905008951,23.450000762939453,35.49056500791717
161,2021-02-22,AMGN,230.3300018310547,233.8000030517578,230.1199951171875,213.58883666992188,2334800.0,0.0,-1.2660805889580615,233.77264951960623,206.67652955754218,47.4508627736959,-94.70129129978152,5.518369818781635,221.4257319132487,214.63850962320964,23.450000762939453,35.49056500791717
161,2021-02-22,AXP,131.50999450683594,136.47000122070312,131.3699951171875,131.1876678466797,3923100.0,0.0,2.9932065160419086,131.98265862444683,108.50621237775044,63.05388097591257,163.5904795970516,39.057232777126195,120.11432495117188,117.71614303588868,23.450000762939453,35.49056500791717
161,2021-02-22,BA,211.88999938964844,220.38999938964844,210.8000030517578,212.8800048828125,21413700.0,0.0,1.6746002286947999,222.54615964744485,192.03083772804345,52.82803154249644,96.78964574734586,16.76872937183832,207.59066619873047,214.50716654459634,23.450000762939453,35.49056500791717
161,2021-02-22,CAT,209.6300048828125,218.8699951171875,209.33999633789062,206.6560821533203,4578300.0,0.0,5.563568908753297,202.33276330467964,166.9908237314532,71.00440865209056,271.2848072528606,58.70804943106862,184.32595876057943,176.7696268717448,23.450000762939453,35.49056500791717
161,2021-02-22,CRM,244.25999450683594,244.52000427246094,240.3800048828125,240.9499969482422,5055000.0,0.0,5.274660248536861,252.2989206495824,220.51107690901134,54.68819430133477,81.04108109707443,16.6393240909769,230.63233235677083,229.12866592407227,23.450000762939453,35.49056500791717
161,2021-02-22,CSCO,45.290000915527344,45.68000030517578,44.81999969482422,41.856624603271484,21435800.0,0.0,0.29698224357019143,45.0118325542172,40.48882471812167,52.3329873903077,-51.194189413753186,11.951897208552344,42.39899024963379,41.43938624064128,23.450000762939453,35.49056500791717
161,2021-02-22,CVX,96.98999786376953,99.63999938964844,96.45999908447266,88.97808837890625,13178700.0,0.0,1.9139303192064858,88.51017361204711,74.49019488770875,62.40957092871077,192.0625177300671,42.79324447418999,81.99153035481771,80.54097162882486,23.450000762939453,35.49056500791717
161,2021-02-22,DIS,181.74000549316406,194.02000427246094,181.52999877929688,191.75999450683594,18799600.0,0.0,4.280789600679213,197.8719009800799,162.91809993544746,63.47772501110463,114.41058098393995,48.55874221814157,178.42066650390626,172.2426663716634,23.450000762939453,35.49056500791717
161,2021-02-22,GS,313.0,320.55999755859375,312.2099914550781,296.4931335449219,3162300.0,0.0,9.565757058020836,304.38626348104964,247.90110376748547,69.12066821862292,138.28874006968138,53.84635077292068,276.4602615356445,254.69781468709309,23.450000762939453,35.49056500791717
161,2021-02-22,HD,278.2099914550781,278.489990234375,273.6300048828125,258.16009521484375,3995500.0,0.0,1.3965924376341832,267.14101950396906,252.2292228056013,50.84766788278678,-12.25683699935313,0.9653084562653761,258.7609415690104,254.97099533081055,23.450000762939453,35.49056500791717
161,2021-02-22,HON,203.0399932861328,204.3000030517578,202.4199981689453,193.03359985351562,2205300.0,0.0,-0.4086869786286229,195.6758175498168,186.24668916405037,52.199271291522535,1.029218635739186,12.090165288524709,192.75773213704426,196.02157033284504,23.450000762939453,35.49056500791717
161,2021-02-22,IBM,113.2887191772461,115.80306243896484,113.23136138916016,102.33454132080078,6149643.0,0.0,-0.5203428742045304,104.17470932438941,98.8182884173098,49.57277041018561,-51.43532277040642,12.63017034157103,103.31353759765625,103.88880310058593,23.450000762939453,35.49056500791717
161,2021-02-22,INTC,61.880001068115234,62.70000076293945,60.65999984741211,56.140010833740234,32288200.0,0.0,2.021607512805538,59.45448027821782,48.86550263193843,59.071798085625545,100.34879858223607,35.30903282068483,53.44756024678548,49.37136408487956,23.450000762939453,35.49056500791717
161,2021-02-22,JNJ,161.8699951171875,162.5399932861328,160.2899932861328,151.4519500732422,6447100.0,0.0,1.1745531563789768,158.25645076387008,148.63759525663772,55.04567960352226,-45.73442306397471,8.049272623522386,152.1009323120117,146.61456756591798,23.450000762939453,35.49056500791717
161,2021-02-22,JPM,146.8699951171875,150.19000244140625,146.7899932861328,138.18869018554688,11488400.0,0.0,4.094107714983238,139.75258868336982,115.29759747385673,70.09580379454353,175.41486886071604,54.08839715321502,127.4719128926595,120.24049797058106,23.450000762939453,35.49056500791717
161,2021-02-22,KO,49.849998474121094,50.880001068115234,49.66999816894531,46.58218002319336,14370900.0,0.0,0.036941171329452516,47.05011333666166,44.11680484571139,50.764399434785815,83.99290557253968,3.609375536431908,45.542517471313474,47.12430210113526,23.450000762939453,35.49056500791717
161,2021-02-22,MCD,211.5,213.0,209.69000244140625,199.4709930419922,2910800.0,0.0,0.47877581083528753,204.97565476922733,193.73400709600702,49.489917805229545,-13.388912170352036,0.3685680243738849,199.43211873372397,199.6806968688965,23.450000762939453,35.49056500791717
161,2021-02-22,MMM,176.4600067138672,177.08999633789062,175.00999450683594,158.1451416015625,2271500.0,0.0,1.3951697925931228,165.14431909902135,152.58712926523646,53.32995129658303,27.13771405466736,2.5796081845878396,155.6540949503581,155.24845148722332,23.450000762939453,35.49056500791717
161,2021-02-22,MRK,71.08778381347656,71.62213897705078,70.3530502319336,65.49530792236328,8612464.0,0.0,-1.3258645538013099,70.04473643490779,63.41867222598087,40.89401218826718,-86.67379899007528,48.16459555282285,68.5782107035319,69.62138404846192,23.450000762939453,35.49056500791717
161,2021-02-22,MSFT,237.4199981689453,237.92999267578125,232.39999389648438,229.36727905273438,36446900.0,0.0,4.3794881199243605,243.78067935185132,224.60935665889085,54.7396552750933,16.371258159545903,0.5400319267636128,227.22684478759766,219.62601369222006,23.450000762939453,35.49056500791717
161,2021-02-22,NKE,141.5399932861328,142.4600067138672,136.25999450683594,132.94149780273438,8985900.0,0.0,0.5339938287795576,143.9303435296341,127.89111566836395,48.522974401885506,-49.71204529376979,3.7308449096542518,136.861238861084,136.0574131011963,23.450000762939453,35.49056500791717
161,2021-02-22,PG,126.79000091552734,127.23999786376953,126.37999725341797,118.95523071289062,6975500.0,0.0,-1.5428955898721455,124.07376982806473,118.31092484356613,39.09588440332789,-101.03537454255002,30.39925611565223,122.81962178548177,125.80086758931478,23.450000762939453,35.49056500791717
161,2021-02-22,TRV,145.8300018310547,148.0,144.88999938964844,139.1539764404297,1243900.0,0.0,1.8697598731911853,142.6582279066618,128.39134637312333,58.74913492481419,73.95998728204464,18.164811220296876,135.15667724609375,131.64029350280762,23.450000762939453,35.49056500791717
161,2021-02-22,UNH,321.5,329.04998779296875,320.3500061035156,315.3522644042969,2688300.0,0.0,-4.691111222763936,332.168385313312,307.0128036515317,45.65436995891448,-88.45162997711218,25.624931937512667,326.7620005289713,328.4706695556641,23.450000762939453,35.49056500791717
161,2021-02-22,V,203.5500030517578,210.64999389648438,203.11000061035156,204.62596130371094,8337700.0,0.0,0.6329024282333933,210.89539723298813,190.26103739835955,51.663440542643734,37.415081570911575,6.070435597085544,201.2211888631185,204.09372227986654,23.450000762939453,35.49056500791717
161,2021-02-22,VZ,56.529998779296875,56.84000015258789,56.150001525878906,48.20708084106445,17854900.0,0.0,-0.2338522961497702,49.30804249378481,45.406711229359715,48.07747279963907,22.269500268716033,9.099950547198674,47.8839968363444,49.291917101542154,23.450000762939453,35.49056500791717
161,2021-02-22,WBA,48.75,49.16999816894531,48.400001525878906,43.36560821533203,4379700.0,0.0,0.8348355180082194,45.247056070433665,42.06723607434173,58.81848871434727,-4.962299136984363,19.09113168439712,43.136562474568684,39.47237040201823,23.450000762939453,35.49056500791717
161,2021-02-22,WMT,137.74000549316406,138.33999633789062,136.25,131.92054748535156,10702200.0,0.0,-1.209768386103292,142.93782732158144,131.07350843281307,42.08729151955139,-201.75885413456498,26.81847852796735,138.0293970743815,139.4641975402832,23.450000762939453,35.49056500791717
162,2021-02-23,AAPL,123.76000213623047,126.70999908447266,118.38999938964844,124.02376556396484,158273000.0,1.0,-1.0977227583801437,140.90479616902334,123.59282651164071,46.544535618104014,-168.96245645608303,47.782782930808104,131.57206497192382,128.13585866292317,23.110000610351562,21.4858669291391
162,2021-02-23,AMGN,232.64999389648438,238.0,230.97000122070312,214.50234985351562,2919200.0,1.0,-1.349298561098749,230.86982615089113,207.48079793358153,48.21214839354462,-71.78358317372944,17.397016544420115,221.29440104166667,214.84808349609375,23.110000610351562,21.4858669291391
162,2021-02-23,AXP,136.47000122070312,138.30999755859375,134.27999877929688,132.14303588867188,4814400.0,1.0,3.390876045482898,133.76565020497972,108.24691235605545,63.687664291563614,175.1404582087122,42.91667869724031,120.60195795694987,117.989080174764,23.110000610351562,21.4858669291391
162,2021-02-23,BA,214.14999389648438,214.75,206.60000610351562,212.1199951171875,15996700.0,1.0,1.5821821301456964,223.01223597414352,192.44076085202838,52.475199380543266,47.42364244824315,6.837386096421476,207.66466623942057,214.40099970499674,23.110000610351562,21.4858669291391
162,2021-02-23,CAT,219.52999877929688,220.74000549316406,213.27999877929688,208.6652069091797,4125100.0,1.0,6.529753485389705,206.53281685684925,165.90302451277967,71.815252882377,255.55545595865226,60.604264839974206,185.17725168863933,177.46802444458007,23.110000610351562,21.4858669291391
162,2021-02-23,CRM,235.25999450683594,238.9600067138672,229.00999450683594,235.63999938964844,8641600.0,1.0,4.446638151646397,252.0105619018939,221.77143577877015,51.34634558904264,25.542410812641617,10.603447713543924,231.08566589355468,228.7086659749349,23.110000610351562,21.4858669291391
162,2021-02-23,CSCO,45.2599983215332,45.779998779296875,45.099998474121094,41.93033218383789,19714900.0,1.0,0.2089859358401469,44.99020434073577,40.55467786141267,52.628506805649124,-41.40451299340688,10.504733856840915,42.41281026204427,41.48918151855469,23.110000610351562,21.4858669291391
162,2021-02-23,CVX,99.97000122070312,100.16000366210938,96.80000305175781,90.09947204589844,14874000.0,1.0,2.2394123085260276,89.94011753448778,73.96432124725051,63.50832588275578,184.81606630669577,44.39282128046191,82.28753611246745,80.62150014241537,23.110000610351562,21.4858669291391
162,2021-02-23,DIS,193.58999633789062,198.94000244140625,188.66000366210938,197.08999633789062,23191400.0,1.0,4.926131987200961,200.15385146909057,163.15614914126098,65.843276021491,155.625632355853,54.50414839486592,179.03399963378905,173.0026662190755,23.110000610351562,21.4858669291391
162,2021-02-23,GS,317.9800109863281,320.0,310.5799865722656,298.6826477050781,2942500.0,1.0,9.846272840675624,307.2574513449183,248.41431531767932,69.77006807342303,126.82375764800716,48.66906762085399,277.368820699056,255.99215189615884,23.110000610351562,21.4858669291391
162,2021-02-23,HD,269.3800048828125,269.6700134277344,257.5799865722656,250.10227966308594,12111000.0,1.0,0.48633711820161807,266.68213636231314,251.0185151879798,45.96283889879982,-232.09089800998478,33.426901274039764,258.70322977701824,254.89943415323893,23.110000610351562,21.4858669291391
162,2021-02-23,HON,205.00999450683594,205.83999633789062,202.97000122070312,194.37977600097656,2459300.0,1.0,-0.2082188373823044,196.06695073677042,186.1560763018038,53.46376604641675,36.646945535735085,17.375402899453476,192.60004628499348,195.97653986612957,23.110000610351562,21.4858669291391
162,2021-02-23,IBM,115.602294921875,116.01338195800781,114.53154754638672,102.2075424194336,4739740.0,1.0,-0.46602496346994826,104.09151595972915,99.21423126317123,49.38627738908702,-39.25471247192978,11.120998501966081,103.1406623840332,103.85960083007812,23.110000610351562,21.4858669291391
162,2021-02-23,INTC,60.47999954223633,61.5,59.16999816894531,56.51914596557617,27374600.0,1.0,1.920976985414967,59.607066863640284,49.26908937110093,59.59451486534144,73.43054824862756,21.418025456901955,53.74906997680664,49.59319960276286,23.110000610351562,21.4858669291391
162,2021-02-23,JNJ,161.47999572753906,163.19000244140625,160.39999389648438,150.114013671875,7042800.0,1.0,0.8599085593063478,158.24753294824316,148.2244091904287,53.087726019155895,-52.90289865919359,4.669109412384258,152.14434000651042,146.8868637084961,23.110000610351562,21.4858669291391
162,2021-02-23,JPM,151.50999450683594,152.30999755859375,149.58999633789062,139.2985382080078,16234400.0,1.0,4.363628435770153,141.40471395495854,115.35560327526605,70.84034578243677,186.73359893787443,58.02615034027583,127.92172012329101,120.67476348876953,23.110000610351562,21.4858669291391
162,2021-02-23,KO,51.0,51.5099983215332,50.41999816894531,46.49936294555664,16222300.0,1.0,0.06728833564688586,47.14628832140695,44.182558037845986,50.445389346415006,125.01579859255703,15.443740322896609,45.525956344604495,47.089555422465004,23.110000610351562,21.4858669291391
162,2021-02-23,MCD,214.5,215.6999969482422,210.42999267578125,198.7749481201172,3243000.0,1.0,0.3157085928444303,204.85085239850798,193.66880549944125,48.750786986563185,19.004053359216996,10.166646403775722,199.28945566813152,199.56951624552408,23.110000610351562,21.4858669291391
162,2021-02-23,MMM,177.5399932861328,177.5399932861328,174.7100067138672,158.1900177001953,2352300.0,1.0,1.2372171018693336,164.51869411166496,153.8568094283741,53.37359192181832,25.198713973584347,4.28044355725992,155.98069915771484,155.2564921061198,23.110000610351562,21.4858669291391
162,2021-02-23,MRK,71.84160614013672,72.48091888427734,71.04962158203125,65.15442657470703,10900458.0,1.0,-1.295072965510684,69.1693721215521,63.716265543242834,40.12149991388805,-73.95826302563194,32.853648178606605,68.33084462483724,69.54895006815592,23.110000610351562,21.4858669291391
162,2021-02-23,MSFT,230.3300018310547,234.8300018310547,228.72999572753906,228.1544952392578,30228700.0,1.0,3.51407155757542,243.20247358151303,225.60494829348696,53.799460482994306,-5.07416704174936,10.899483125977707,227.68831990559895,219.95043029785157,23.110000610351562,21.4858669291391
162,2021-02-23,NKE,136.02999877929688,136.8300018310547,131.5800018310547,132.41622924804688,10364100.0,1.0,0.0916920960156915,143.9610759977614,127.72225606400619,48.037465833003345,-118.68548040052958,20.11357381793558,136.52986577351888,136.0849811553955,23.110000610351562,21.4858669291391
162,2021-02-23,PG,127.77999877929688,129.92999267578125,127.19000244140625,119.83860778808594,10145300.0,1.0,-1.4919121176644836,123.51646480251291,118.4246599228289,41.09852384742527,-63.56027459582731,4.09153831980014,122.49265034993489,125.64485511779785,23.110000610351562,21.4858669291391
162,2021-02-23,TRV,149.3699951171875,149.9600067138672,147.1999969482422,140.52792358398438,949200.0,1.0,1.9781209130362924,143.0838991967759,128.24517032226706,59.96988908260876,109.04957873435424,26.72127822638729,135.4603261311849,131.8566909790039,23.110000610351562,21.4858669291391
162,2021-02-23,UNH,329.989990234375,333.94000244140625,326.6400146484375,317.15216064453125,3225700.0,1.0,-4.3355861223327565,329.08803411385605,308.33179010489397,46.61256375526054,-57.83670673072121,14.435676766053811,325.6750233968099,328.3857233683268,23.110000610351562,21.4858669291391
162,2021-02-23,V,207.39999389648438,213.91000366210938,206.5500030517578,208.3487548828125,10571700.0,1.0,0.9975154313048051,211.87766939525378,190.40262998218762,54.07569898895148,104.08504468002194,4.3804568637073205,201.12276509602864,204.13882497151693,23.110000610351562,21.4858669291391
162,2021-02-23,VZ,56.810001373291016,57.529998779296875,56.290000915527344,48.702392578125,21062000.0,1.0,-0.13178779252235984,48.977723691228846,45.618327334161776,50.39228771524565,53.21891462782527,17.822688573166808,47.862077967325845,49.249677912394205,23.110000610351562,21.4858669291391
162,2021-02-23,WBA,48.599998474121094,48.650001525878906,47.810001373291016,42.966209411621094,4805900.0,1.0,0.7267038306587068,45.14210448347486,42.26463227189624,57.507136909368285,-49.051690245449,11.795189042187555,43.24386482238769,39.62404874165853,23.110000610351562,21.4858669291391
162,2021-02-23,WMT,137.11000061035156,137.38999938964844,135.05999755859375,129.79360961914062,10433400.0,1.0,-1.6205474520946836,143.05262017888157,129.93068060236845,39.87027153252006,-207.04341425077828,31.230272301503092,137.67298533121746,139.2192642211914,23.110000610351562,21.4858669291391
163,2021-02-24,AAPL,124.94000244140625,125.55999755859375,122.2300033569336,123.52119445800781,111039900.0,2.0,-1.4709245679147216,139.87787820120755,122.88577383736664,46.10501324611864,-147.1285078033344,47.78278293080812,131.45915145874022,128.29176902770996,21.34000015258789,34.16034567203494
163,2021-02-24,AMGN,229.8699951171875,230.7899932861328,227.7100067138672,212.22315979003906,2690500.0,2.0,-1.5809369368014359,226.5857889690079,209.30096640208583,46.47440805141614,-110.66488841086522,6.3074428914914185,221.1151850382487,215.0219607035319,21.34000015258789,34.16034567203494
163,2021-02-24,AXP,137.1999969482422,140.9499969482422,136.80999755859375,134.9896697998047,4099500.0,2.0,3.8908799370101264,135.63031414288008,108.67308780414139,65.51127958128278,195.38357412827943,47.970321005358684,121.20763778686523,118.30641593933106,21.34000015258789,34.16034567203494
163,2021-02-24,BA,212.10000610351562,229.61000061035156,211.60000610351562,229.33999633789062,30709300.0,2.0,2.8654195334451344,226.9063964248865,191.27460027921506,58.907976791603936,196.99750953231967,29.511615831909133,208.4163330078125,214.59649963378905,21.34000015258789,34.16034567203494
163,2021-02-24,CAT,220.41000366210938,226.6699981689453,219.8800048828125,210.83543395996094,4925000.0,2.0,7.385446083837962,210.52115465823132,165.25628522213978,72.66929219785052,261.9304595255359,65.91081979790839,186.11345469156902,178.2382573445638,21.34000015258789,34.16034567203494
163,2021-02-24,CRM,235.52999877929688,241.5,231.50999450683594,240.47000122070312,6128300.0,2.0,4.132528242865959,251.93255069971153,223.27044765233924,53.991825302918144,45.925181963280764,4.760407427249754,231.82633260091146,228.6028325398763,21.34000015258789,34.16034567203494
163,2021-02-24,CSCO,45.2400016784668,45.79999923706055,45.040000915527344,42.14224624633789,17823600.0,2.0,0.15456617909050152,44.97581251491947,40.613294617038534,53.486178319689046,-37.137328519428586,11.240609302151976,42.42448069254557,41.54418417612712,21.34000015258789,34.16034567203494
163,2021-02-24,CVX,100.33000183105469,104.04000091552734,99.80999755859375,93.42744445800781,16116000.0,2.0,2.7343784776651603,92.04459695421173,73.23403692640352,66.51332493459105,234.466903223441,54.53293648613955,82.67901814778646,80.80921541849771,21.34000015258789,34.16034567203494
163,2021-02-24,DIS,197.5800018310547,200.60000610351562,195.3300018310547,197.50999450683594,16205900.0,2.0,5.409107990264033,201.9233477979108,164.181652507265,66.02266966213796,162.1223791087121,56.324742878173296,179.64799957275392,173.80966618855794,21.34000015258789,34.16034567203494
163,2021-02-24,GS,320.1700134277344,330.9700012207031,320.1000061035156,309.37762451171875,3934400.0,2.0,10.807002468747669,311.91324506139773,248.33219103479365,72.67393515565178,173.67747138502486,58.67410012841775,278.516916402181,257.47962799072263,21.34000015258789,34.16034567203494
163,2021-02-24,HD,263.2300109863281,266.989990234375,254.02999877929688,243.29849243164062,14512700.0,2.0,-0.7751204424742468,267.8346890832441,247.74808832154108,42.404502855809014,-282.9129428105974,38.21517855755634,258.3519643147786,254.70439376831055,21.34000015258789,34.16034567203494
163,2021-02-24,HON,204.88999938964844,212.13999938964844,203.5,200.05836486816406,3341500.0,2.0,0.4042088049924075,197.941310539049,185.22688098927134,58.279811421482165,146.9279317759955,34.576196057319535,192.68441925048828,196.02947057088215,21.34000015258789,34.16034567203494
163,2021-02-24,IBM,115.4875717163086,118.05927276611328,115.21988677978516,104.3243408203125,6087720.0,2.0,-0.24929595910951718,104.45485607065719,99.0486206444307,52.4694312393299,0.8709384544491339,2.468280081591274,103.03695424397786,103.86874224344889,21.34000015258789,34.16034567203494
163,2021-02-24,INTC,60.529998779296875,63.279998779296875,60.380001068115234,58.43333053588867,24669900.0,2.0,1.9729424127502497,59.97870753378244,49.66618153482108,62.121210372290484,120.74420386181696,30.52607584823762,54.1177562713623,49.84632549285889,21.34000015258789,34.16034567203494
163,2021-02-24,JNJ,162.39999389648438,164.38999938964844,160.9199981689453,152.12562561035156,10286100.0,2.0,0.7640630773837245,157.28301643236378,148.54955345289014,55.54702847203011,-22.764351424466717,1.4170324892037778,152.27556762695312,147.1956314086914,21.34000015258789,34.16034567203494
163,2021-02-24,JPM,150.11000061035156,153.75999450683594,150.11000061035156,141.74952697753906,15061400.0,2.0,4.720583905913173,143.29803771479288,115.4674514819845,72.40967801692679,186.9555894517514,60.50292714215401,128.39064203898113,121.16962203979492,21.34000015258789,34.16034567203494
163,2021-02-24,KO,50.38999938964844,50.900001525878906,50.130001068115234,46.65578079223633,14442000.0,2.0,0.10277556229000595,47.26726288274341,44.19223037287182,51.04645097756971,99.09464237432014,8.866794137092864,45.54159736633301,47.06182804107666,21.34000015258789,34.16034567203494
163,2021-02-24,MCD,210.83999633789062,214.10000610351562,210.4199981689453,200.6091766357422,2887100.0,2.0,0.33067178121660845,204.56995228965621,193.75123301307815,50.7557196971597,24.16364376328752,10.12090839761157,199.2593561808268,199.49467290242512,21.34000015258789,34.16034567203494
163,2021-02-24,MMM,176.0,177.97999572753906,173.75999450683594,159.50103759765625,2742600.0,2.0,1.2039484374031701,164.52922633569727,154.1262607248496,54.65503473436509,25.894450658045216,0.32754292792689427,156.39315897623698,155.2857894897461,21.34000015258789,34.16034567203494
163,2021-02-24,MRK,71.3740463256836,71.82251739501953,70.98282623291016,65.1806411743164,9838834.0,2.0,-1.2540986423453688,68.34488070547097,64.04427563608176,40.21135189304116,-77.06054344149781,33.42564372199746,68.02695388793946,69.47810961405436,21.34000015258789,34.16034567203494
163,2021-02-24,MSFT,230.00999450683594,235.1999969482422,229.0,229.40640258789062,26339700.0,2.0,2.8958594917220353,242.91377529430997,226.16299167346347,54.63157206600744,-4.486716801888401,9.55610271577266,228.26080881754558,220.29554926554363,21.34000015258789,34.16034567203494
163,2021-02-24,NKE,135.05999755859375,135.9600067138672,133.9499969482422,131.94931030273438,6360900.0,2.0,-0.29313262011785923,143.92972931059717,127.80710006562357,47.5995050019541,-102.46626441076792,20.113573817935585,136.16023178100585,136.09117647806804,21.34000015258789,34.16034567203494
163,2021-02-24,PG,127.3499984741211,128.24000549316406,126.91000366210938,119.97018432617188,7263000.0,2.0,-1.4244698202451929,122.41097217778285,119.01986278315464,41.39544632465911,-79.18151295100293,6.197217358657774,122.19933471679687,125.48527565002442,21.34000015258789,34.16034567203494
163,2021-02-24,TRV,148.69000244140625,151.24000549316406,148.69000244140625,142.0618438720703,1484300.0,2.0,2.1628404867447557,143.9514084683516,128.05992576016405,61.29283631900417,134.69222467563378,31.70612527652826,135.8847427368164,132.10442059834799,21.34000015258789,34.16034567203494
163,2021-02-24,UNH,328.489990234375,333.6000061035156,326.0400085449219,319.7508850097656,3360500.0,2.0,-3.8003267794994144,327.06100177575166,309.3097074527639,47.98241963744746,-50.85470205057554,15.423736131609648,324.7593688964844,328.3891642252604,21.34000015258789,34.16034567203494
163,2021-02-24,V,212.36000061035156,220.52999877929688,211.2899932861328,215.53890991210938,12039000.0,2.0,1.845386812899477,214.41381707968833,189.60834478554602,58.23964280495625,208.24092360867118,21.2278972801211,201.3477030436198,204.28398564656575,21.34000015258789,34.16034567203494
163,2021-02-24,VZ,57.08000183105469,57.41999816894531,56.66999816894531,48.77925109863281,17136900.0,2.0,-0.04418970636324815,49.0723812401871,45.57063824528653,50.744779802424006,62.76300852638914,17.822688573166797,47.852399571736655,49.211958440144855,21.34000015258789,34.16034567203494
163,2021-02-24,WBA,48.279998779296875,49.2400016784668,47.97999954223633,43.6407470703125,4268400.0,2.0,0.6875130189766736,45.14617313505607,42.30001598237558,59.10025742142947,-19.923859719644074,17.216560340275418,43.30068092346191,39.77891025543213,21.34000015258789,34.16034567203494
163,2021-02-24,WMT,135.8699951171875,136.16000366210938,133.0500030517578,127.62826538085938,15521900.0,2.0,-2.096649138736069,143.0648968538522,128.54832030923376,37.77464255001327,-214.24345926785557,37.98098110462366,137.22331797281902,138.9307642618815,21.34000015258789,34.16034567203494
164,2021-02-25,AAPL,124.68000030517578,126.45999908447266,120.54000091552734,119.22480773925781,148199500.0,3.0,-2.0892881789555844,139.51968611489747,121.18859330404786,42.55151264421118,-163.26256323832018,50.772040315402315,131.20892842610678,128.36688944498698,28.889999389648438,13.222830244365163
164,2021-02-25,AMGN,229.99000549316406,230.5,226.89999389648438,209.94395446777344,2769200.0,3.0,-1.9262205681247053,224.26193722261343,209.62365085111702,44.80381912432076,-116.08286591630203,3.705496857236592,220.8899159749349,215.0891555786133,28.889999389648438,13.222830244365163
164,2021-02-25,AXP,140.6199951171875,140.63999938964844,136.3699951171875,132.27809143066406,3607500.0,3.0,4.021972119591382,136.20193968002945,110.31992845351547,62.422180935370946,164.63615337928914,45.67264792487823,121.7049186706543,118.57839864095052,28.889999389648438,13.222830244365163
164,2021-02-25,BA,227.8000030517578,228.5,214.7100067138672,216.4499969482422,19283000.0,3.0,2.809888550149992,226.8177134634027,193.6052830575934,53.319339118430975,137.6040007329139,29.51161583190914,208.68433278401693,214.5956662495931,28.889999389648438,13.222830244365163
164,2021-02-25,CAT,223.6199951171875,224.39999389648438,219.72000122070312,210.2194366455078,4313000.0,3.0,7.9225564981776415,213.1303912779281,166.5506359437516,72.02843011977272,214.45331321601364,65.26873318231011,186.91348826090496,178.99115320841472,28.889999389648438,13.222830244365163
164,2021-02-25,CRM,238.52999877929688,240.35000610351562,229.77000427246094,231.0800018310547,8828900.0,3.0,3.090276616665875,251.30703001817656,224.52596863904998,48.66965505011776,11.669265871225614,8.307574268388306,232.34499918619792,228.32699915568034,28.889999389648438,13.222830244365163
164,2021-02-25,CSCO,45.59000015258789,46.2400016784668,45.2400016784668,41.939544677734375,21916700.0,3.0,0.09399825389559169,44.97977804803323,40.59274430609275,52.5448211834858,-25.964348924031178,4.5042768009910965,42.416188685099286,41.592762056986494,28.889999389648438,13.222830244365163
164,2021-02-25,CVX,104.9000015258789,104.95999908447266,101.58999633789062,92.55926513671875,13219200.0,3.0,3.021755006458619,93.52253194140096,73.14692072583537,65.06733083800427,213.85243125234894,56.5415903213037,82.98984018961589,80.99479675292969,28.889999389648438,13.222830244365163
164,2021-02-25,DIS,197.72999572753906,197.9600067138672,190.3800048828125,190.97999572753906,12712000.0,3.0,5.204954152830908,201.0847875181645,167.8152124818355,60.879936574800915,109.86699316412785,38.640332083189875,180.14766591389974,174.54049936930338,28.889999389648438,13.222830244365163
164,2021-02-25,GS,333.3299865722656,335.80999755859375,326.2900085449219,306.682861328125,4244000.0,3.0,11.221587279870732,314.39964003079416,250.93877854830743,70.89875598078234,171.82731080534708,62.153226951225825,279.3138147989909,258.93987325032555,28.889999389648438,13.222830244365163
164,2021-02-25,HD,259.75,260.8999938964844,254.7100067138672,238.88113403320312,6545400.0,3.0,-2.106990478292488,270.04668231548266,243.77665905414625,40.30859151586113,-276.7241738734689,38.21517855755634,257.69435729980466,254.40423965454102,28.889999389648438,13.222830244365163
164,2021-02-25,HON,209.9499969482422,210.4600067138672,204.25999450683594,195.00210571289062,2735000.0,3.0,0.47607635509331203,198.29487363629792,185.4721216029599,53.20772993827323,96.43777768303086,34.576196057319514,192.5838185628255,195.97079620361328,28.889999389648438,13.222830244365163
164,2021-02-25,IBM,117.94454956054688,118.88145446777344,116.95984649658203,103.6977767944336,5953623.0,3.0,-0.12663536848003787,104.6510034872057,98.98921639194468,51.50866784373198,22.261745327715715,7.336370385608506,102.89481404622396,103.86535199483235,28.889999389648438,13.222830244365163
164,2021-02-25,INTC,62.40999984741211,63.540000915527344,60.130001068115234,55.85335159301758,36394000.0,3.0,1.785362106385037,59.605561499687916,50.69896349420856,57.13922408133578,85.29968652173099,31.76104403139819,54.34835828145345,50.050324058532716,28.889999389648438,13.222830244365163
164,2021-02-25,JNJ,163.1300048828125,163.6999969482422,161.99000549316406,152.28469848632812,9719700.0,3.0,0.6929527659565906,156.83185246734826,148.6190111801127,55.73684891014452,-23.5074451050394,1.4170324892037895,152.45053100585938,147.50209045410156,28.889999389648438,13.222830244365163
164,2021-02-25,JPM,154.27000427246094,154.89999389648438,150.58999633789062,139.8257293701172,18127700.0,3.0,4.7929887083572,144.08611576271835,116.83622844504532,69.3779161070623,167.55402787010087,62.36910831837093,128.72853673299153,121.64481391906739,28.889999389648438,13.222830244365163
164,2021-02-25,KO,50.470001220703125,50.75,49.97999954223633,46.15895080566406,14211100.0,3.0,0.08977455218652608,47.26579318464419,44.34458889543394,49.0899837402749,72.08259964044787,5.542147131061696,45.5434373219808,47.02931963602702,28.889999389648438,13.222830244365163
164,2021-02-25,MCD,212.6999969482422,212.9199981689453,209.74000549316406,198.42691040039062,3131400.0,3.0,0.16454282135231324,204.35253818415444,194.3401986322518,48.424130773000286,-20.39407061796967,6.893276128776122,199.23897654215494,199.39919865926106,28.889999389648438,13.222830244365163
164,2021-02-25,MMM,177.52000427246094,180.75,177.42999267578125,160.51571655273438,2634300.0,3.0,1.2451060848800353,163.16234094595018,154.92165563608108,55.631341268847976,63.21771618427759,10.859369041728371,156.80055185953776,155.33541208902994,28.889999389648438,13.222830244365163
164,2021-02-25,MRK,70.81106567382812,71.56488800048828,70.68701934814453,65.224365234375,10906955.0,3.0,-1.2042165707741788,68.205257653401,63.96974997599354,40.365753913080795,-78.23818069049771,36.006317307086924,67.78017094930013,69.410888671875,28.889999389648438,13.222830244365163
164,2021-02-25,MSFT,232.0800018310547,234.58999633789062,227.8800048828125,223.96835327148438,39542200.0,3.0,1.9446995574315622,243.45239371385418,225.29429055128253,50.541100097183154,-28.891627120631114,12.967518751671914,228.73530019124348,220.52791570027668,28.889999389648438,13.222830244365163
164,2021-02-25,NKE,137.60000610351562,139.17999267578125,134.52999877929688,131.84231567382812,5674300.0,3.0,-0.5998281074843135,143.38608938510296,128.79040597622517,47.49685386503198,-70.163919543348,5.9395428882444,135.85187911987305,136.1164597829183,28.889999389648438,13.222830244365163
164,2021-02-25,PG,127.48999786376953,128.99000549316406,126.29000091552734,118.95523071289062,7790800.0,3.0,-1.4363620997340547,122.50061313846273,118.76106288692789,39.794662393101234,-88.16363603260805,0.08393587047660671,121.89709676106771,125.3098695119222,28.889999389648438,13.222830244365163
164,2021-02-25,TRV,151.30999755859375,151.47999572753906,147.8699951171875,139.2763214111328,1259900.0,3.0,2.0607091246837683,144.15200642421405,128.65922709629376,57.70994588924402,104.52651363444508,25.843700222603943,136.12251688639324,132.33034998575846,28.889999389648438,13.222830244365163
164,2021-02-25,UNH,331.0,333.6000061035156,327.3599853515625,316.5361328125,2780100.0,3.0,-3.5941029479503754,326.82194161635516,309.15222220200417,46.456972175085966,-52.16805155612135,15.423736131609642,323.8449971516927,328.26310068766276,28.889999389648438,13.222830244365163
164,2021-02-25,V,219.2899932861328,220.4499969482422,212.5800018310547,209.95965576171875,11404300.0,3.0,2.043574751577495,214.73370749733348,191.16283638694384,54.28842732655067,171.14846742867428,21.22789728012109,201.5184127807617,204.3343610127767,28.889999389648438,13.222830244365163
164,2021-02-25,VZ,56.119998931884766,56.86000061035156,55.7400016784668,48.249778747558594,24165300.0,3.0,-0.01729225140845614,49.17451339099449,45.58549980785804,48.299024225358274,20.659915611046994,2.651655876300841,47.83076540629069,49.16302051544189,28.889999389648438,13.222830244365163
164,2021-02-25,WBA,49.06999969482422,49.88999938964844,48.119998931884766,42.84194564819336,5307700.0,3.0,0.5852510101225477,44.956591848238524,42.27421450246948,56.505028805002844,-23.356070881207444,22.804266696183237,43.32325083414714,39.92148412068685,28.889999389648438,13.222830244365163
164,2021-02-25,WMT,133.10000610351562,134.00999450683594,131.47999572753906,126.42107391357422,11108200.0,3.0,-2.5420700172415707,143.544499435943,126.92953849740661,36.66324715139996,-216.0682692432123,42.67921569509735,136.67975591023762,138.62580375671388,28.889999389648438,13.222830244365163
165,2021-02-26,AAPL,122.58999633789062,124.8499984741211,121.19999694824219,119.49087524414062,164560400.0,4.0,-2.5287267834675475,139.6851411551766,119.48338911826092,42.83377921871089,-152.35609005004773,50.772040315402315,130.8990269978841,128.40610275268554,27.950000762939453,29.700724898412183
165,2021-02-26,AMGN,230.30999755859375,230.30999755859375,223.6199951171875,207.54481506347656,3453500.0,4.0,-2.3661750400954418,222.84681017821117,209.10087048585132,43.116136197078724,-127.51254123770877,6.2290573089779695,220.54956512451173,215.15865071614584,27.950000762939453,29.700724898412183
165,2021-02-26,AXP,137.10000610351562,138.25,133.7899932861328,130.52183532714844,3654800.0,4.0,3.938745027947604,136.73175631483582,111.36204556504698,60.51041478665461,124.04281951323446,32.752026455344314,122.1185686747233,118.85316365559896,27.950000762939453,29.700724898412183
165,2021-02-26,BA,218.50999450683594,220.66000366210938,211.2899932861328,212.00999450683594,12838400.0,4.0,2.380171618622569,226.39945035962882,195.50154603929695,51.57580119111714,68.86008120226094,21.72064635248136,208.84433237711588,214.61733271280926,27.950000762939453,29.700724898412183
165,2021-02-26,CAT,220.75,222.39999389648438,215.82000732421875,204.590087890625,4461300.0,4.0,7.804019098787279,214.36872803790237,168.30135405438278,66.48545555460775,156.90253433920026,50.13017231272763,187.57772471110027,179.67363739013672,27.950000762939453,29.700724898412183
165,2021-02-26,CRM,229.38999938964844,230.5,216.33999633789062,216.5,20372900.0,4.0,1.0754038105655184,253.14468368045289,221.68831497677365,42.01691985827046,-90.85779151110175,29.861019126954286,232.28899943033855,227.8386657714844,27.950000762939453,29.700724898412183
165,2021-02-26,CSCO,45.58000183105469,45.779998779296875,44.7599983215332,41.34067153930664,22144900.0,4.0,-0.0022998096946054147,45.008186948225784,40.52103172548027,49.86263419913531,-65.18829469955851,10.803145835833691,42.401139958699545,41.6264845530192,27.950000762939453,29.700724898412183
165,2021-02-26,CVX,100.30000305175781,101.05999755859375,97.61000061035156,90.43406677246094,14454100.0,4.0,3.04294010957301,94.36717966136347,73.40744955006231,61.672169770514984,129.31714662612282,29.98558617045703,83.23249740600586,81.20633913675944,27.950000762939453,29.700724898412183
165,2021-02-26,DIS,190.07000732421875,191.61000061035156,185.4499969482422,189.0399932861328,15844000.0,4.0,4.830930818743155,200.95369323465366,169.6623056056784,59.45658144262713,67.87925919931095,23.737445368114336,180.57833251953124,175.22433268229167,27.950000762939453,29.700724898412183
165,2021-02-26,GS,325.7699890136719,328.67999267578125,319.0400085449219,298.93524169921875,3732200.0,4.0,10.800479371978952,314.90183726483093,254.59666127032534,66.09683381829667,120.85794102635415,42.89088311479717,279.8296930948893,260.3457511901855,27.950000762939453,29.700724898412183
165,2021-02-26,HD,257.7699890136719,260.239990234375,256.1099853515625,241.77301025390625,7871200.0,4.0,-2.895776130022341,270.6485736266171,241.3301663025821,42.241955967920674,-216.61952693808863,38.21517855755634,257.2042744954427,254.13025334676107,27.950000762939453,29.700724898412183
165,2021-02-26,HON,205.6300048828125,205.8000030517578,202.07000732421875,192.67877197265625,3665700.0,4.0,0.34162030418391964,198.3215954561217,185.48386413860487,51.094027948627314,18.26315873188092,24.297681579704857,192.46454925537108,195.96014277140299,27.950000762939453,29.700724898412183
165,2021-02-26,IBM,116.8738021850586,116.8738021850586,113.65200805664062,100.70037841796875,9467346.0,4.0,-0.2681993304287431,104.63330388407314,99.04361719746981,47.22890018580386,-47.95846125133454,11.632644602558857,102.7165417989095,103.82356363932291,27.950000762939453,29.700724898412183
165,2021-02-26,INTC,60.88999938964844,61.689998626708984,59.68000030517578,56.20474624633789,38216800.0,4.0,1.646082954296709,59.51886755375928,51.252484832715325,57.61812430205174,58.01209988116779,27.56569714856123,54.47700576782226,50.24639205932617,27.950000762939453,29.700724898412183
165,2021-02-26,JNJ,162.0,162.41000366210938,157.97000122070312,148.26141357421875,14417500.0,4.0,0.308396856425702,156.25000417509193,148.29780466279868,50.13546738759989,-123.01580738023333,17.047099150348068,152.4988240559896,147.73095728556316,27.950000762939453,29.700724898412183
165,2021-02-26,JPM,150.3000030517578,150.8699951171875,146.50999450683594,136.11691284179688,19829200.0,4.0,4.4992351557808945,144.218491810926,118.28172333799981,64.03117479680402,106.56704070379398,37.512081326302834,128.93879674275715,122.10930989583333,27.950000762939453,29.700724898412183
165,2021-02-26,KO,50.20000076293945,50.209999084472656,48.970001220703125,45.07328796386719,23638400.0,4.0,-0.008040079031466973,47.27225739647524,44.32340300391539,45.17594845655783,-9.662408481326162,13.47625717212374,45.507555135091145,46.9892972946167,27.950000762939453,29.700724898412183
165,2021-02-26,MCD,210.75,211.63999938964844,206.13999938964844,195.09548950195312,5334000.0,4.0,-0.2332447011671661,204.27337812715967,194.47469926541845,45.148778420285694,-103.19636119948555,8.314857680352466,199.0921859741211,199.241929880778,27.950000762939453,29.700724898412183
165,2021-02-26,MMM,179.44000244140625,179.4499969482422,174.61000061035156,157.19334411621094,3363300.0,4.0,0.9981303028115462,162.39222460759413,155.07570904719103,51.849976242256396,16.352565659605194,0.5736554002515498,157.1040262858073,155.39141006469725,27.950000762939453,29.700724898412183
165,2021-02-26,MRK,71.03053283691406,71.28816986083984,69.21755981445312,63.476173400878906,17644862.0,4.0,-1.290868808303287,68.05460096283315,63.657142201229355,36.4702402627711,-104.86540070933258,46.930399686845014,67.49696756998698,69.30687039693197,27.950000762939453,29.700724898412183
165,2021-02-26,MSFT,231.52999877929688,235.3699951171875,229.5399932861328,227.2840118408203,37819200.0,4.0,1.4418239442743186,243.6889318964702,224.47081846974072,52.77150517658656,-19.095886873427418,9.882032662051357,229.27445017496746,220.83440856933595,27.950000762939453,29.700724898412183
165,2021-02-26,NKE,135.89999389648438,136.85000610351562,133.36000061035156,131.36959838867188,6650200.0,4.0,-0.8709905877698247,143.35636567060817,128.85261870439183,47.033268993251305,-91.01017254369,10.061848123475457,135.59294204711915,136.12658398946127,27.950000762939453,29.700724898412183
165,2021-02-26,PG,126.54000091552734,126.93000030517578,121.81999969482422,116.08895111083984,17718800.0,4.0,-1.657959698930398,122.8913392580643,117.72847580541224,35.75527182860078,-199.8074442419796,27.308009934958793,121.49277826944987,125.08264414469402,27.950000762939453,29.700724898412183
165,2021-02-26,TRV,148.08999633789062,148.17999267578125,145.17999267578125,136.92367553710938,1529100.0,4.0,1.7695323567687922,144.09500271104082,129.23381351210372,54.90571042968907,37.34844712540439,8.853030646441256,136.2244654337565,132.59172452290852,27.950000762939453,29.700724898412183
165,2021-02-26,UNH,330.54998779296875,337.9100036621094,329.8500061035156,319.7605285644531,5430000.0,4.0,-3.1343563766612306,325.86208415396925,309.54132465950727,48.16678035920061,-23.35019514310735,5.430517154773365,323.11285807291665,328.216352335612,27.950000762939453,29.700724898412183
165,2021-02-26,V,214.0500030517578,215.2100067138672,210.74000549316406,208.623779296875,11730000.0,4.0,2.068995957031973,214.98083323556787,192.33776112478367,53.39121501130636,119.09898677549904,14.80354643689004,201.62857462565105,204.37309595743815,27.950000762939453,29.700724898412183
165,2021-02-26,VZ,56.470001220703125,56.61000061035156,55.290000915527344,47.22500991821289,23935200.0,4.0,-0.07776962492264516,49.17239124532374,45.58164432291356,44.048355525944025,-15.504106340976454,3.7581629766922684,47.78066520690918,49.09939702351888,27.950000762939453,29.700724898412183
165,2021-02-26,WBA,48.56999969482422,48.59000015258789,47.54999923706055,42.54018783569336,9430100.0,4.0,0.4743898271442788,44.8611028186244,42.168103648050405,55.55173487979758,-78.47245670724611,15.496488144927007,43.30704256693522,40.073534901936846,27.950000762939453,29.700724898412183
165,2021-02-26,WMT,131.47999572753906,131.80999755859375,129.86000061035156,124.47612762451172,14156900.0,4.0,-3.017229440642666,144.0739361512291,125.0750491392982,34.94943543383215,-219.91018601902,47.09945400131607,136.11990712483723,138.26949462890624,27.950000762939453,29.700724898412183
166,2021-03-01,AAPL,123.75,127.93000030517578,122.79000091552734,125.92561340332031,116307900.0,0.0,-2.330886443438729,139.61937106195106,119.15764614996303,49.09172165645433,-93.84247143304378,34.711990885281466,130.86855697631836,128.49237734476725,23.350000381469727,13.272164599124576
166,2021-03-01,AMGN,225.8800048828125,227.92999267578125,225.22999572753906,209.50103759765625,2178100.0,0.0,-2.527851816945997,222.39393321949112,208.39033649486433,44.867864187237885,-114.6595140435759,6.229057308977968,220.1547393798828,215.214341990153,23.350000381469727,13.272164599124576
166,2021-03-01,AXP,138.17999267578125,139.77000427246094,138.1199951171875,133.8509979248047,2972100.0,0.0,4.094226858205573,137.23756909680995,113.02259173082679,62.74769021115624,150.89932924137355,36.309708374390596,122.59880218505859,119.16193885803223,23.350000381469727,13.272164599124576
166,2021-03-01,BA,219.60000610351562,226.97999572753906,219.02000427246094,224.38999938964844,18735400.0,0.0,3.003953083221461,226.88114893316498,198.039847160585,55.7495402394888,161.73041082387343,30.034786872880638,209.32699890136718,214.80699946085613,23.350000381469727,13.272164599124576
166,2021-03-01,CAT,219.30999755859375,222.5800018310547,218.89999389648438,208.26715087890625,2871200.0,0.0,7.915540188372404,215.65389366918,170.51510352320278,68.14207441290978,151.9886146832396,50.354542334095434,188.31708119710285,180.42259012858074,23.350000381469727,13.272164599124576
166,2021-03-01,CRM,219.89999389648438,220.1999969482422,215.02999877929688,217.5399932861328,14027700.0,0.0,-0.43249312649467697,254.3440141246114,219.68698410536908,42.59592300104612,-119.84370562284332,31.538990104115477,232.35366566975912,227.44183222452799,23.350000381469727,13.272164599124576
166,2021-03-01,CSCO,45.220001220703125,46.220001220703125,45.220001220703125,42.308082580566406,17394100.0,0.0,-0.0005484110998779101,44.93806631320732,40.71461160427315,53.803299527998625,-17.92420751968549,4.076394076379357,42.42478764851888,41.668409729003905,23.350000381469727,13.272164599124576
166,2021-03-01,CVX,102.45999908447266,103.80000305175781,101.4000015258789,92.2879867553711,10439900.0,0.0,3.1727517974352395,95.12917295693218,74.27666810752093,63.395796123720146,163.98973204071834,37.756299922727294,83.47036921183268,81.44476750691732,23.350000381469727,13.272164599124576
166,2021-03-01,DIS,193.22999572753906,196.89999389648438,191.38999938964844,194.97999572753906,10709900.0,0.0,4.956685599969006,200.61567411077488,172.68132448541655,62.251962764124926,106.51184579899973,32.10828099079282,181.29666595458986,175.98333257039388,23.350000381469727,13.272164599124576
166,2021-03-01,GS,325.0,331.0400085449219,323.30999755859375,309.9165344238281,2957800.0,0.0,11.223469697138285,315.9618991506493,259.1550564157569,69.1595428718793,140.2034227798756,45.15781713557888,280.55784759521487,261.89176483154296,23.350000381469727,13.272164599124576
166,2021-03-01,HD,258.80999755859375,262.4800109863281,258.4700012207031,244.84268188476562,4528900.0,0.0,-3.235896198516798,271.015739419114,240.10199739729225,44.22563769682308,-165.88987760700337,30.955450250075796,256.99464111328126,253.91999486287435,23.350000381469727,13.272164599124576
166,2021-03-01,HON,204.3300018310547,208.14999389648438,203.69000244140625,196.36378479003906,2536000.0,0.0,0.5263452719044608,198.34753783029274,186.57304780203148,54.08669396233711,96.41362379160373,30.39567075986438,192.4178700764974,195.97488123575846,23.350000381469727,13.272164599124576
166,2021-03-01,IBM,115.05735778808594,116.94072723388672,114.58891296386719,102.23292541503906,5977367.0,0.0,-0.25380040249771696,104.55035086936513,99.39757469826182,49.45041914455493,-19.86250389007671,11.20759420884221,102.53225784301758,103.81233100891113,23.350000381469727,13.272164599124576
166,2021-03-01,INTC,61.720001220703125,63.08000183105469,61.650001525878906,58.146671295166016,28495400.0,0.0,1.6731137312930215,59.5028433578673,51.98100178068251,60.16281070336752,107.60136861389095,34.45659905532133,54.59991645812988,50.456289227803545,23.350000381469727,13.272164599124576
166,2021-03-01,JNJ,161.4499969482422,161.52999877929688,159.08999633789062,149.06610107421875,10551400.0,0.0,0.06778371526701221,156.36557408727836,147.92034357629583,51.151193054039,-111.15797861025793,17.047099150348068,152.48839416503907,147.9303077697754,23.350000381469727,13.272164599124576
166,2021-03-01,JPM,149.52000427246094,151.3800048828125,148.47999572753906,139.19680786132812,14845500.0,0.0,4.463502657106432,144.32705117380954,120.19221152150295,66.26462987253706,118.61661235589384,38.76472989362436,129.22643864949544,122.59667078653972,23.350000381469727,13.272164599124576
166,2021-03-01,KO,49.439998626708984,50.439998626708984,49.400001525878906,45.91054153442383,13901200.0,0.0,-0.01779439040820563,47.17343799444485,44.58323124078464,48.45468369583433,37.324452072188734,8.707789625361114,45.528103001912434,46.95648225148519,23.350000381469727,13.272164599124576
166,2021-03-01,MCD,207.35000610351562,210.3800048828125,207.35000610351562,197.09243774414062,2827500.0,0.0,-0.3829428182809522,204.13500445049385,194.7721641286077,47.35677911637125,-80.79603674222317,8.314857680352453,199.12452341715496,199.13832422892253,23.350000381469727,13.272164599124576
166,2021-03-01,MMM,175.6999969482422,177.5,175.6999969482422,158.4055633544922,1840000.0,0.0,0.8899573039277584,162.33352374314924,155.3306745600734,53.05440207283697,13.608254218078542,0.5736554002515598,157.4440495808919,155.50041580200195,23.350000381469727,13.272164599124576
166,2021-03-01,MRK,69.85687255859375,70.02862548828125,68.8740463256836,63.266387939453125,12594864.0,0.0,-1.360783004905045,68.0150407961328,63.28675592627933,36.03849472059809,-115.93376219583168,49.10160940136809,67.21172409057617,69.18258895874024,23.350000381469727,13.272164599124576
166,2021-03-01,MSFT,235.89999389648438,237.47000122070312,233.14999389648438,231.74398803710938,25324000.0,0.0,1.3871836140770597,243.32743151812758,225.37152935833728,55.56017820904544,5.453910005068511,1.8740366573350622,230.07025553385418,221.1804298400879,23.350000381469727,13.272164599124576
166,2021-03-01,NKE,135.63999938964844,139.14999389648438,135.5,134.16696166992188,5717800.0,0.0,-0.8503625189733555,143.03914255107048,129.5919869044959,50.01957949404546,-36.75644375857955,0.7804500592857042,135.48366775512696,136.1713581085205,23.350000381469727,13.272164599124576
166,2021-03-01,PG,124.16000366210938,125.48999786376953,124.0,116.80319213867188,7740200.0,0.0,-1.7557054317052518,123.14286310129681,117.1085658842989,37.39344690095816,-183.96726547453102,27.30800993495879,121.15772832234701,124.85953852335612,23.350000381469727,13.272164599124576
166,2021-03-01,TRV,147.0,151.00999450683594,147.0,141.52542114257812,1183900.0,0.0,1.8883276170235774,143.92195802184116,130.73280424622524,58.94258041624373,105.75781781288627,20.868149584164826,136.47760823567708,132.87119229634604,23.350000381469727,13.272164599124576
166,2021-03-01,UNH,334.3599853515625,338.9100036621094,333.67999267578125,322.099365234375,4198900.0,0.0,-2.5518630451256286,326.0154281135753,309.49097447431535,49.37973262628755,0.9305631721299399,3.214177564244263,322.60337626139324,328.1310607910156,23.350000381469727,13.272164599124576
166,2021-03-01,V,214.97000122070312,217.8000030517578,214.7899932861328,212.78860473632812,6982000.0,0.0,2.3975713415805444,214.72143948970833,194.92312075199087,55.749828022286586,160.7998374117148,21.095350108808233,202.12242380777994,204.46735076904298,23.350000381469727,13.272164599124576
166,2021-03-01,VZ,55.4900016784668,55.95000076293945,55.279998779296875,47.2762451171875,20550400.0,0.0,-0.12017878060760268,49.175428941700396,45.63069898798711,44.30188309347518,-27.01773947161471,3.9007378719155175,47.73284225463867,49.034233538309735,23.350000381469727,13.272164599124576
166,2021-03-01,WBA,48.41999816894531,48.529998779296875,47.560001373291016,42.46917724609375,5485200.0,0.0,0.37646196065882975,44.81469192370919,42.04361763134452,55.324515590278146,-76.38275593287716,15.496488144927016,43.27733116149902,40.21780859629313,23.350000381469727,13.272164599124576
166,2021-03-01,WMT,131.5800018310547,132.57000732421875,131.1300048828125,125.86537170410156,11544800.0,0.0,-3.244298071537912,144.4042319991253,123.87096789101142,37.121286439291666,-174.11565033405495,41.62254995097956,135.62169596354167,137.93872578938803,23.350000381469727,13.272164599124576
167,2021-03-02,AAPL,128.41000366210938,128.72000122070312,125.01000213623047,123.29456329345703,102260900.0,1.0,-2.359204858807658,139.45506823625416,118.45283352766187,46.919199698896804,-89.85764651077714,30.889288492102708,130.80843760172527,128.52889760335287,24.100000381469727,6.795490405529069
167,2021-03-02,AMGN,227.0,227.88999938964844,225.27999877929688,208.25535583496094,2407500.0,1.0,-2.725084853189827,222.09709083587308,207.49079368561132,43.97578523999109,-111.36575930714584,6.229057308977976,219.60145568847656,215.22667872111003,24.100000381469727,6.795490405529069
167,2021-03-02,AXP,138.24000549316406,140.19000244140625,138.0800018310547,134.3720703125,2929100.0,1.0,4.210952279127483,137.53358027690385,114.87074177509811,63.08630869906199,142.7391830983511,37.28963493241561,123.14883473714193,119.4409346262614,24.100000381469727,6.795490405529069
167,2021-03-02,BA,224.7899932861328,227.19000244140625,222.14999389648438,223.13999938964844,11114400.0,1.0,3.358722571631148,226.70823434612055,200.94276205280522,55.25211909583451,156.20756893554778,30.297751455736545,209.95433197021484,214.795166015625,24.100000381469727,6.795490405529069
167,2021-03-02,CAT,218.69000244140625,219.33999633789062,215.00999450683594,204.53323364257812,2854300.0,1.0,7.614846331578178,215.99247451348023,173.12387833075806,64.77845580603636,113.42751295555313,36.1991196377148,189.0193293253581,181.09972686767577,24.100000381469727,6.795490405529069
167,2021-03-02,CRM,218.39999389648438,218.60000610351562,213.33999633789062,213.47000122070312,10211500.0,1.0,-1.9336368957756065,256.24639350327783,216.28560417738626,40.94082940076021,-140.11783955244053,33.72550267054165,232.36466573079426,227.31999893188475,24.100000381469727,6.795490405529069
167,2021-03-02,CSCO,45.93000030517578,46.08000183105469,45.41999816894531,41.939544677734375,14833000.0,1.0,-0.028569017998300694,44.93315428201727,40.730579772548154,52.186845117644175,-27.33608918632311,4.076394076379338,42.427551651000975,41.698861312866214,24.100000381469727,6.795490405529069
167,2021-03-02,CVX,101.88999938964844,103.30999755859375,101.70999908447266,92.64065551757812,10643500.0,1.0,3.266432516279039,95.83113536405351,75.1332834286711,63.71689046797863,146.08052600932646,37.75629992272728,83.82105967203776,81.65310707092286,24.100000381469727,6.795490405529069
167,2021-03-02,DIS,196.10000610351562,197.9600067138672,193.49000549316406,193.94000244140625,8371400.0,1.0,4.91576255274822,200.00233931644686,175.59165940181487,61.48415749296739,104.61740099855733,33.66783819041094,182.04666595458986,176.65549926757814,24.100000381469727,6.795490405529069
167,2021-03-02,GS,330.0,336.19000244140625,329.510009765625,310.8747253417969,2850300.0,1.0,11.503406467318825,316.6108078574658,263.8873183632374,69.40899149843622,143.99282780584588,49.80558393177037,281.53190053304036,263.3668848673503,24.100000381469727,6.795490405529069
167,2021-03-02,HD,261.67999267578125,263.1099853515625,259.7699890136719,243.5979461669922,3740300.0,1.0,-3.564790882675112,271.42579736639317,238.77665472100915,43.59753602555364,-144.42432245178637,28.919727919296307,256.51734568277993,253.75138168334962,24.100000381469727,6.795490405529069
167,2021-03-02,HON,206.77000427246094,207.99000549316406,205.17999267578125,196.7065887451172,2500200.0,1.0,0.6924207584506803,198.1827532681701,187.8692227450135,54.35548515206407,111.42163544782166,30.395670759864384,192.466042582194,195.96689325968424,24.100000381469727,6.795490405529069
167,2021-03-02,IBM,115.43020629882812,116.53919982910156,114.97132110595703,101.88579559326172,4732418.0,1.0,-0.26731814671066445,104.54091415968688,99.52381820115298,48.96740224696471,-19.180223000349116,11.207594208842202,102.35255661010743,103.77498105367025,24.100000381469727,6.795490405529069
167,2021-03-02,INTC,62.79999923706055,63.13999938964844,61.11000061035156,56.63011932373047,23320000.0,1.0,1.554246362485678,59.33152738376787,52.60469583705733,57.379516769617936,79.7302154398744,29.346505244487588,54.72344118754069,50.63570206960042,24.100000381469727,6.795490405529069
167,2021-03-02,JNJ,159.77999877929688,160.77999877929688,158.60000610351562,148.785400390625,7610900.0,1.0,-0.14389539533223683,156.4880702657128,147.54693949991218,50.77794353695553,-125.52394714054462,19.098556818562876,152.47945556640624,148.11428629557292,24.100000381469727,6.795490405529069
167,2021-03-02,JPM,150.0800018310547,151.77999877929688,149.83999633789062,138.74362182617188,14221700.0,1.0,4.348489390017306,144.08795023027074,122.31717595991482,65.64417383217668,111.59200556198843,39.776857265873375,129.57697423299155,123.04127769470215,24.100000381469727,6.795490405529069
167,2021-03-02,KO,49.84000015258789,50.560001373291016,49.70000076293945,46.094539642333984,11755100.0,1.0,-0.010555960338372472,47.10259789690725,44.803119571354465,49.146099175812815,53.04239487526012,6.218351727821772,45.571038309733076,46.92566032409668,24.100000381469727,6.795490405529069
167,2021-03-02,MCD,208.0,209.89999389648438,206.19000244140625,197.48992919921875,3016600.0,1.0,-0.46415492708712236,203.96923783156504,195.12830550339592,47.789546589512575,-92.18562857901715,12.878727643697257,199.1258997599284,199.1241190592448,24.100000381469727,6.795490405529069
167,2021-03-02,MMM,177.0,177.7899932861328,174.7899932861328,159.03411865234375,2272400.0,1.0,0.8452055786601989,162.15525739388391,155.8535591344364,53.67595145522703,6.468133347219307,4.216188362304198,157.83055572509767,155.60015563964845,24.100000381469727,6.795490405529069
167,2021-03-02,MRK,69.50381469726562,70.1240463256836,69.08396911621094,63.677207946777344,16047290.0,1.0,-1.3672796198360544,67.78401566948183,63.123567948682236,37.536505606777695,-105.44611428702981,47.312004257845494,66.9049196879069,69.06110750834146,24.100000381469727,6.795490405529069
167,2021-03-02,MSFT,237.00999450683594,237.3000030517578,233.4499969482422,228.74130249023438,22812500.0,1.0,1.0890354073162314,243.41567699597962,224.77181842638365,53.36557866473519,-12.705675807090769,1.874036657335066,230.77800801595052,221.49006881713868,24.100000381469727,6.795490405529069
167,2021-03-02,NKE,137.55999755859375,138.25999450683594,135.61000061035156,133.55291748046875,5292700.0,1.0,-0.8734937677191397,142.94120348570058,129.84444867494395,49.387282762742196,-43.68518158164969,0.7804500592856991,135.37273127237955,136.2036329905192,24.100000381469727,6.795490405529069
167,2021-03-02,PG,123.87000274658203,124.86000061035156,123.43000030517578,116.43668365478516,10206500.0,1.0,-1.8415159511784651,123.27654574306233,116.49842526523845,36.894054763282526,-200.10968796917197,30.095775832733217,120.84222183227538,124.64604886372884,24.100000381469727,6.795490405529069
167,2021-03-02,TRV,149.83999633789062,150.9199981689453,149.02000427246094,140.33030700683594,1221400.0,1.0,1.8645446834087238,143.5999587305588,132.08149573721465,57.55824667882043,105.47035842583257,20.868149584164826,136.66205546061198,133.12092310587565,24.100000381469727,6.795490405529069
167,2021-03-02,UNH,335.0,337.6700134277344,333.8900146484375,322.0897216796875,2568900.0,1.0,-2.067181851901921,326.1089751372636,309.4590241303145,49.37480427766244,2.322599679294758,3.2141775642442623,322.0688710530599,327.94379069010415,24.100000381469727,6.795490405529069
167,2021-03-02,V,216.9600067138672,217.92999267578125,214.82000732421875,211.94384765625,6155200.0,1.0,2.560291418909202,214.81532075856126,196.56956846263017,55.16408967478237,144.50278546391414,21.40674547974824,202.59694061279296,204.56419881184897,24.100000381469727,6.795490405529069
167,2021-03-02,VZ,55.310001373291016,55.52000045776367,54.91999816894531,46.95173645019531,17184600.0,1.0,-0.1779224996010953,49.15012743036961,45.715778712818874,43.02453389893072,-49.80575339028587,9.082763440356326,47.664523951212566,48.952677472432455,24.100000381469727,6.795490405529069
167,2021-03-02,WBA,47.65999984741211,47.939998626708984,47.15999984741211,42.105289459228516,4142800.0,1.0,0.26641959838428875,44.88092310062419,41.894942835655115,54.15038411482901,-103.7442745479525,10.236187991649057,43.247212473551436,40.33579648335775,24.100000381469727,6.795490405529069
167,2021-03-02,WMT,131.50999450683594,132.75,130.00999450683594,124.65816497802734,9743600.0,1.0,-3.481530178489777,144.80764689645233,122.58993382254184,36.03963896999425,-164.1724709954389,44.85686340077522,135.15765711466472,137.62156613667807,24.100000381469727,6.795490405529069
168,2021-03-03,AAPL,124.80999755859375,125.70999908447266,121.83999633789062,120.2791976928711,112966300.0,2.0,-2.595048111251046,139.34088055165313,117.31273272959685,44.58019042387436,-125.8795124313582,38.388601161550646,130.62517547607422,128.5174575805664,26.670000076293945,16.862791108327748
168,2021-03-03,AMGN,223.52000427246094,225.69000244140625,221.30999755859375,206.64053344726562,2610600.0,2.0,-2.9773748030751506,221.79679750697858,206.42772489292378,42.83371055875943,-128.20819407761476,17.86221555046406,218.909467569987,215.20675913492838,26.670000076293945,16.862791108327748
168,2021-03-03,AXP,140.0,144.25,140.0,137.59507751464844,4393700.0,2.0,4.511521747210594,138.70812752763328,115.80851370771828,65.1152944391095,161.3630742778883,45.89210210163311,123.65833892822266,119.76098607381185,26.670000076293945,16.862791108327748
168,2021-03-03,BA,226.36000061035156,235.39999389648438,225.0399932861328,228.55999755859375,30426000.0,2.0,4.030764360111533,228.19442347652603,202.21857243411853,56.974088439291144,193.36684937696063,39.75960329844771,210.54933166503906,214.65116602579752,26.670000076293945,16.862791108327748
168,2021-03-03,CAT,212.13999938964844,217.5500030517578,212.00999450683594,203.67079162597656,2664000.0,2.0,7.223682307619299,216.62509060440874,174.61506289900922,64.02333203064097,92.1277268266578,26.389488798096327,189.6779815673828,181.75054906209309,26.670000076293945,16.862791108327748
168,2021-03-03,CRM,212.8300018310547,213.32000732421875,205.39999389648438,206.0,11459000.0,2.0,-3.6836084716982214,258.9971503294563,210.71484765638354,38.12796667222471,-187.34947298677864,42.886530810841336,232.00599924723306,227.07049891153972,26.670000076293945,16.862791108327748
168,2021-03-03,CSCO,45.43000030517578,45.529998779296875,45.0,41.58022689819336,16851100.0,2.0,-0.07886043865990189,44.95909894336794,40.640141550406476,50.65197806174567,-63.19955687149514,10.033738209053853,42.4257090250651,41.71997337341308,26.670000076293945,16.862791108327748
168,2021-03-03,CVX,103.41000366210938,105.75,103.4000015258789,93.68064880371094,14958200.0,2.0,3.3855672160757564,96.55947643380921,76.0095566167279,64.6625264430448,153.64600326654744,44.072620239997406,84.1344830830892,81.87982012430827,26.670000076293945,16.862791108327748
168,2021-03-03,DIS,194.6300048828125,196.80999755859375,192.2100067138672,192.25999450683594,8750300.0,2.0,4.6936625232192455,199.78586871906137,177.33812877849724,60.242490848152,88.31027608694436,29.818524483063406,182.7133326212565,177.305832417806,26.670000076293945,16.862791108327748
168,2021-03-03,GS,333.67999267578125,340.1000061035156,333.25,314.1531066894531,3606300.0,2.0,11.85316049485374,318.8724407840838,266.18940308798653,70.26037737316724,144.22525772424925,53.035793722422575,282.82763824462893,264.9306411743164,26.670000076293945,16.862791108327748
168,2021-03-03,HD,259.2799987792969,260.5,256.010009765625,240.85585021972656,4257500.0,2.0,-4.00059020215167,271.93470856856925,236.88265135574716,42.230710790954355,-155.2561533380629,35.333326170727794,256.02351735432944,253.58323644002277,26.670000076293945,16.862791108327748
168,2021-03-03,HON,206.1199951171875,209.4499969482422,206.1199951171875,197.11599731445312,2706400.0,2.0,0.8473054185868705,198.614277506038,188.17774214728232,54.68325539986604,137.25262418727633,34.16074802367113,192.50289764404297,195.96225255330404,26.670000076293945,16.862791108327748
168,2021-03-03,IBM,115.20076751708984,117.23709106445312,114.7036361694336,103.60462188720703,7744898.0,2.0,-0.13774826306749333,104.59126965577155,99.85406573241204,51.39904873221165,16.160028101887097,6.3810113788316,102.21260375976563,103.78034350077311,26.670000076293945,16.862791108327748
168,2021-03-03,INTC,60.63999938964844,61.52000045776367,59.70000076293945,55.390987396240234,28740400.0,2.0,1.3445563173526622,59.210628248896604,52.933651231083864,55.22021876048064,32.73581143725151,16.941326347013163,54.79309972127279,50.77776495615641,26.670000076293945,16.862791108327748
168,2021-03-03,JNJ,158.25,158.89999389648438,156.05999755859375,146.1656036376953,8499600.0,2.0,-0.5170876543507461,156.9411127238376,146.71676844071317,47.43600125672571,-180.26918358449902,28.8489819010245,152.3063227335612,148.24127400716145,26.670000076293945,16.862791108327748
168,2021-03-03,JPM,151.22999572753906,154.97999572753906,150.82000732421875,141.42584228515625,14324100.0,2.0,4.422790150250876,144.57657171709164,123.61360543744938,67.50695103538786,122.7524994212368,47.23513059959012,130.03541514078776,123.54283218383789,26.670000076293945,16.862791108327748
168,2021-03-03,KO,49.720001220703125,50.560001373291016,49.709999084472656,45.98413848876953,15410700.0,2.0,-0.01357145945303273,47.06729305061172,44.93226940361192,48.74029032726215,46.30635769828133,6.21835172782178,45.61612065633138,46.882724571228025,26.670000076293945,16.862791108327748
168,2021-03-03,MCD,207.52000427246094,208.99000549316406,205.61000061035156,194.79263305664062,3488600.0,2.0,-0.7376620558778768,204.23745582142942,194.6085967298401,45.18217242225497,-129.3306170549795,15.136544495109131,199.06307678222657,199.05476913452148,26.670000076293945,16.862791108327748
168,2021-03-03,MMM,177.42999267578125,180.02000427246094,176.8000030517578,159.8871307373047,2267800.0,2.0,0.868558261326001,162.0083005065163,156.40193508918682,54.52127696663941,44.54862038939495,4.9095205787983005,158.13951416015624,155.71440887451172,26.670000076293945,16.862791108327748
168,2021-03-03,MRK,69.48473358154297,70.3530502319336,69.1030502319336,64.07054901123047,13939972.0,2.0,-1.3254103914086954,67.33953678404185,63.17733180726673,38.95263894874698,-97.35601722776157,42.911470678405685,66.61676305135092,68.95167427062988,26.670000076293945,16.862791108327748
168,2021-03-03,MSFT,232.16000366210938,233.5800018310547,227.25999450683594,222.5697021484375,34029500.0,2.0,0.35071145273272464,244.19079060074202,222.88173747542984,49.23090997286932,-84.74522141645807,21.21357893429065,231.1567606608073,221.71522521972656,26.670000076293945,16.862791108327748
168,2021-03-03,NKE,137.08999633789062,137.41000366210938,134.14999389648438,130.8627471923828,4888400.0,2.0,-1.096262674843416,143.1458864557012,129.14785591490426,46.71116627582382,-73.8176071830099,6.499789847602903,135.21913681030273,136.1687442779541,26.670000076293945,16.862791108327748
168,2021-03-03,PG,123.7699966430664,124.19999694824219,122.79000091552734,115.74125671386719,7537000.0,2.0,-1.9432361317942082,123.4353480916681,115.81053661292175,35.95161132162376,-210.44570033241445,33.17185684829716,120.54027582804362,124.43684933980306,26.670000076293945,16.862791108327748
168,2021-03-03,TRV,149.11000061035156,152.14999389648438,148.7100067138672,141.82659912109375,1226200.0,2.0,1.9440252923018875,143.5659863405202,133.13934050274153,58.811161269830144,117.46404671816421,25.730440795380368,136.88790995279948,133.37922681172688,26.670000076293945,16.862791108327748
168,2021-03-03,UNH,333.32000732421875,338.1600036621094,332.7799987792969,320.3860778808594,3039700.0,2.0,-1.799791455386469,324.99433336114276,310.0106043829979,48.490354948773415,0.9627722837924749,5.7278571940574174,321.4490214029948,327.71022440592446,26.670000076293945,16.862791108327748
168,2021-03-03,V,215.14999389648438,217.19000244140625,212.86000061035156,211.04014587402344,6484600.0,2.0,2.5865113781325135,215.1055420533723,197.51249230942068,54.5300555673378,117.91854883817744,14.145974748611023,203.03904571533204,204.68080164591473,26.670000076293945,16.862791108327748
168,2021-03-03,VZ,54.560001373291016,55.970001220703125,54.400001525878906,47.2933235168457,22838700.0,2.0,-0.19388658751731924,49.13776118712328,45.80329487366773,44.75892853070501,-40.30048224485556,16.070776417011746,47.61698557535807,48.871463203430174,26.670000076293945,16.862791108327748
168,2021-03-03,WBA,47.15999984741211,47.95000076293945,47.04999923706055,42.27392578125,4568800.0,2.0,0.19062042173918314,44.906611511395134,41.837962081744514,54.61217502572845,-97.89464296093972,8.779766722278845,43.245280202229814,40.412929725646975,26.670000076293945,16.862791108327748
168,2021-03-03,WMT,129.5,129.92999267578125,127.55000305175781,122.24376678466797,13945800.0,2.0,-3.820321797042112,145.27655659721594,120.85825175239344,33.99050281062718,-178.20702150507563,51.204240704230045,134.65305836995444,137.2835772196452,26.670000076293945,16.862791108327748
169,2021-03-04,AAPL,121.75,123.5999984741211,118.62000274658203,118.37735748291016,178155000.0,3.0,-2.9019661393303693,139.39221368109338,115.9202428313578,43.17582759739818,-142.20744512960633,44.88275062278777,130.24076665242512,128.48563563028972,28.56999969482422,18.54700051318102
169,2021-03-04,AMGN,227.82000732421875,227.8699951171875,220.25,204.76736450195312,3577000.0,3.0,-3.2905342545706446,222.08836768148223,204.89781090738495,41.539174342585014,-126.20976836893205,9.861944086361977,218.03016764322916,215.12050857543946,28.56999969482422,18.54700051318102
169,2021-03-04,AXP,142.14999389648438,144.11000061035156,139.9499969482422,137.68191528320312,4461700.0,3.0,4.702524522861722,139.44338997981458,117.21934347965805,65.16865647383248,143.12850192663936,45.629095722748524,124.10029474894206,120.05171381632486,28.56999969482422,18.54700051318102
169,2021-03-04,BA,232.72999572753906,237.10000610351562,218.6999969482422,224.7100067138672,26645100.0,3.0,4.204236413499899,229.17516490908528,202.96983173398112,55.407323209428114,149.51481226113012,25.67664388850605,210.9913319905599,214.5178326924642,28.56999969482422,18.54700051318102
169,2021-03-04,CAT,214.47999572753906,216.6699981689453,208.47000122070312,201.64273071289062,3568400.0,3.0,6.673110964640472,216.68536170729277,176.57529503098846,62.25787879425771,72.54930829726324,15.863344840483137,190.3233678181966,182.24847768147785,28.56999969482422,18.54700051318102
169,2021-03-04,CRM,206.83999633789062,209.08999633789062,201.50999450683594,205.3300018310547,12800500.0,3.0,-5.06613752646291,260.89829678056407,205.86470065595935,37.886447292809684,-191.03150759552787,46.74198331441402,231.40233256022137,226.72833226521809,28.56999969482422,18.54700051318102
169,2021-03-04,CSCO,45.13999938964844,45.470001220703125,44.150001525878906,41.0550651550293,24653500.0,3.0,-0.15925709887613948,45.02587602036319,40.46188261611142,48.49548217496084,-98.72648586505775,20.689669180916308,42.401754252115886,41.72821985880534,28.56999969482422,18.54700051318102
169,2021-03-04,CVX,104.5199966430664,107.58000183105469,103.12999725341797,94.50360870361328,22994200.0,3.0,3.505973628546016,97.39637081129594,76.69014270799117,65.40069951709324,147.25334638072593,48.28036291691682,84.44947814941406,82.06852874755859,28.56999969482422,18.54700051318102
169,2021-03-04,DIS,189.89999389648438,192.47999572753906,184.1199951171875,188.02999877929688,12542600.0,3.0,4.128727940357578,198.8183611020079,179.46563700590227,57.232031264215,41.588962914959474,8.6745136822706,183.19299926757813,177.87066574096679,28.56999969482422,18.54700051318102
169,2021-03-04,GS,333.1300048828125,339.760009765625,323.9200134277344,309.3247375488281,3647600.0,3.0,11.606936505267356,319.5980783241085,269.3968069297977,67.40231494485715,113.08431511255499,31.457024464647493,284.07876739501955,266.3498301188151,28.56999969482422,18.54700051318102
169,2021-03-04,HD,256.0,256.8599853515625,247.10000610351562,234.8381805419922,7154900.0,3.0,-4.776479669456506,272.8612799391142,233.7811089769015,39.42470568122311,-185.54233021740853,47.36403893714101,255.29447428385416,253.37952779134113,28.56999969482422,18.54700051318102
169,2021-03-04,HON,207.35000610351562,208.0399932861328,200.50999450683594,193.24057006835938,2798800.0,3.0,0.6498470054030463,198.36775773155068,188.8696675003829,51.090659582070714,37.27189189987024,9.771264774799468,192.36885884602864,195.82255223592122,28.56999969482422,18.54700051318102
169,2021-03-04,IBM,116.63479614257812,117.8011474609375,113.53728485107422,101.69950866699219,8439651.0,3.0,-0.18663845996741202,104.35429697991421,100.30786503790804,48.73637448126013,-9.947294092770349,13.117635069341095,101.97962315877278,103.70396029154459,28.56999969482422,18.54700051318102
169,2021-03-04,INTC,59.83000183105469,60.2400016784668,57.90999984741211,53.93917465209961,40210400.0,3.0,1.0491325438001553,59.09032173916469,53.14624556735386,52.811423512134034,-14.978334132842777,3.4741078453251695,54.79353065490723,50.88031190236409,28.56999969482422,18.54700051318102
169,2021-03-04,JNJ,155.99000549316406,156.10000610351562,151.47000122070312,143.21835327148438,11033200.0,3.0,-1.0386903063923114,157.8484810866325,145.20728215799642,44.061166488261065,-242.28882087748065,42.28565896506561,152.04734700520834,148.2994593302409,28.56999969482422,18.54700051318102
169,2021-03-04,JPM,152.61000061035156,154.3800048828125,148.6199951171875,139.25230407714844,20093900.0,3.0,4.257213166316461,144.59941123702865,125.01695534011978,64.57200025498555,96.94118220259959,34.95240548170508,130.48522211710613,123.9913257598877,28.56999969482422,18.54700051318102
169,2021-03-04,KO,50.310001373291016,51.09000015258789,49.619998931884766,45.94733810424805,22036400.0,3.0,-0.018715012687565036,46.98078592669267,45.126421943790724,48.60190572796087,56.08652119076746,4.785728666337751,45.654762776692706,46.822767893473305,28.56999969482422,18.54700051318102
169,2021-03-04,MCD,206.16000366210938,207.49000549316406,202.72999572753906,193.8651123046875,3926200.0,3.0,-1.0175321221132947,204.55302729242533,194.0475494898012,44.321956198457194,-161.5538734440831,25.3986970977104,198.82698822021484,198.98203125,28.56999969482422,18.54700051318102
169,2021-03-04,MMM,179.2899932861328,180.17999267578125,174.07000732421875,159.50103759765625,3535700.0,3.0,0.8461569700941709,161.80921991710488,156.92285710926228,54.05937622905564,11.526668580698509,5.876208378281459,158.40294647216797,155.81287638346353,28.56999969482422,18.54700051318102
169,2021-03-04,MRK,69.8282470703125,69.96183013916016,68.43511199951172,63.082820892333984,15975188.0,3.0,-1.356295599231899,67.02714948848956,63.03956308170087,36.786163582900734,-118.9418606676836,47.77552475205273,66.31695137023925,68.81869653065999,28.56999969482422,18.54700051318102
169,2021-03-04,MSFT,226.74000549316406,232.49000549316406,224.25999450683594,221.75791931152344,44727800.0,3.0,-0.2965018029794919,244.49514688810447,221.04067617097755,48.717306339485084,-110.5453988435634,28.512924411224716,231.2514877319336,221.9249003092448,28.56999969482422,18.54700051318102
169,2021-03-04,NKE,134.0,135.1300048828125,130.17999267578125,128.6989288330078,7181500.0,3.0,-1.4309159877274453,143.57965672720994,128.09917475472363,44.69594698927488,-121.78030816368052,19.917694385460926,134.87895838419595,136.08960456848143,28.56999969482422,18.54700051318102
169,2021-03-04,PG,123.0999984741211,124.7699966430664,121.54000091552734,114.7920913696289,10228100.0,3.0,-2.076503182451816,123.60523867569195,115.00160718002094,34.70007643967722,-204.55308828983723,38.794955662214875,120.25869191487631,124.20980606079101,28.56999969482422,18.54700051318102
169,2021-03-04,TRV,150.6199951171875,152.02000427246094,147.55999755859375,140.23619079589844,1107000.0,3.0,1.8572721104526977,142.56836067403185,135.11189750467906,56.96218927704056,89.23745146405885,18.455866095096564,137.013383992513,133.5943467458089,28.56999969482422,18.54700051318102
169,2021-03-04,UNH,334.1700134277344,340.8399963378906,332.6700134277344,321.2908630371094,4991600.0,3.0,-1.4976105173855672,324.1219159839159,310.4903215649122,48.99234241840543,20.409134250173317,0.9138431942377077,320.90264485677085,327.4522755940755,28.56999969482422,18.54700051318102
169,2021-03-04,V,215.97000122070312,217.02000427246094,208.6699981689453,207.74957275390625,10658900.0,3.0,2.315082306652755,214.5880277670098,199.05668658845894,52.26720884262705,75.47894512653056,0.4217421293864837,203.22925720214843,204.66688079833983,28.56999969482422,18.54700051318102
169,2021-03-04,VZ,55.54999923706055,55.619998931884766,54.529998779296875,46.79801940917969,23692000.0,3.0,-0.24369596883224887,49.13745780138243,45.80445275159608,42.8043991344102,-55.09401657530292,16.070776417011754,47.546959431966144,48.78466955820719,28.56999969482422,18.54700051318102
169,2021-03-04,WBA,47.599998474121094,48.09000015258789,46.310001373291016,41.590511322021484,5252600.0,3.0,0.07454389717291576,45.02599429389786,41.57850323417831,52.399619830844095,-125.21160953845742,0.6585071464137816,43.22232602437337,40.47002760569254,28.56999969482422,18.54700051318102
169,2021-03-04,WMT,127.86000061035156,129.5800018310547,126.27999877929688,122.18628692626953,15116000.0,3.0,-4.046805682936338,145.4949706997121,119.33011703832499,33.94297253782415,-163.6791158462571,54.118800007350906,134.07883783976237,136.9508352915446,28.56999969482422,18.54700051318102
170,2021-03-05,AAPL,120.9800033569336,121.94000244140625,117.56999969482422,119.6485366821289,153766600.0,4.0,-3.0079535341633203,138.5740965405361,115.18486036864361,44.38717407059143,-133.38364851081553,46.83608856553262,129.7399887084961,128.4504014333089,24.65999984741211,22.408700432896246
170,2021-03-05,AMGN,222.4499969482422,228.14999389648438,221.4499969482422,210.1377410888672,3021300.0,4.0,-3.069982025822469,221.66214027605454,204.6099102000197,46.34826868202863,-102.40166045388328,8.847534097235641,217.33995513916017,215.16589813232423,24.65999984741211,22.408700432896246
170,2021-03-05,AXP,144.66000366210938,147.9600067138672,142.0800018310547,142.16903686523438,5048300.0,4.0,5.1565275698972926,141.4977614196871,117.32939998778362,67.80144591788032,159.23530957357676,52.654084317500114,124.74039204915364,120.43485616048177,24.65999984741211,22.408700432896246
170,2021-03-05,BA,229.00999450683594,229.9199981689453,213.8000030517578,223.22000122070312,20026600.0,4.0,4.173375203298178,229.9134652481535,203.4895315780184,54.80394476762296,97.6171423727062,16.018170058943852,211.5183319091797,214.26866607666017,24.65999984741211,22.408700432896246
170,2021-03-05,CAT,214.33999633789062,220.77999877929688,211.5,208.64625549316406,3602300.0,4.0,6.724390539198595,217.41136388893062,178.55119562034673,65.64241742907006,93.19491704481733,23.745203757326767,191.20694224039713,182.91812133789062,24.65999984741211,22.408700432896246
170,2021-03-05,CRM,210.00999450683594,212.35000610351562,203.22000122070312,210.75999450683594,11406000.0,4.0,-5.658419990943145,261.2207769141116,202.82022040034153,41.018801160560976,-153.74313367813335,38.37393513612173,231.0219991048177,226.44599889119465,24.65999984741211,22.408700432896246
170,2021-03-05,CSCO,45.45000076293945,46.7400016784668,45.27000045776367,42.612125396728516,33197600.0,4.0,-0.09622110570342812,44.94969452592612,40.44592963484048,54.444298425136694,3.2147068374954633,1.490347321398799,42.43676503499349,41.762874348958334,24.65999984741211,22.408700432896246
170,2021-03-05,CVX,106.95999908447266,109.12999725341797,106.1500015258789,98.5731430053711,23638200.0,4.0,3.8849902364216717,98.90674630571576,77.10063437055376,68.74101072571,163.46352744941348,51.57876182354399,85.00029627482097,82.36251576741536,24.65999984741211,22.408700432896246
170,2021-03-05,DIS,189.14999389648438,190.57000732421875,183.33999633789062,189.99000549316406,10266400.0,4.0,3.7954181567105536,198.35123000712844,180.90876907734423,58.232512885556524,36.91000113405235,6.880370379648146,183.81666615804036,178.4758326212565,24.65999984741211,22.408700432896246
170,2021-03-05,GS,335.5799865722656,335.5799865722656,316.4599914550781,307.52117919921875,3740200.0,4.0,11.137879590890236,320.07494036075786,272.1860734331874,66.3592397368938,87.93517819046475,17.317952368724423,285.30408681233723,267.75658187866213,24.65999984741211,22.408700432896246
170,2021-03-05,HD,252.25999450683594,254.1999969482422,246.58999633789062,237.2620849609375,6351800.0,4.0,-5.136577564329855,272.5820725230354,231.6925582142693,41.056649806848775,-162.7674554813387,47.95647548225355,254.4980489095052,253.23727493286134,24.65999984741211,22.408700432896246
170,2021-03-05,HON,204.52999877929688,207.4600067138672,201.77999877929688,196.7065887451172,2857800.0,4.0,0.7642289749246061,198.59281069150285,189.29916165957138,53.8932101160496,80.9627221351036,9.771264774799446,192.44041544596354,195.76558303833008,24.65999984741211,22.408700432896246
170,2021-03-05,IBM,115.33460998535156,118.3078384399414,114.96176147460938,104.0025863647461,7268968.0,4.0,-0.039094513444638324,104.54521191139004,100.40533053856113,51.8554179939533,105.25465992420533,9.459911184803584,101.77968521118164,103.70077641805013,24.65999984741211,22.408700432896246
170,2021-03-05,INTC,59.2599983215332,61.18000030517578,58.5099983215332,56.167755126953125,39511700.0,4.0,0.983497744352178,59.06358049587589,53.35330793185849,55.86840205001816,26.48424916618961,9.335297748191902,54.75212910970052,51.04742298126221,24.65999984741211,22.408700432896246
170,2021-03-05,JNJ,153.97999572753906,156.69000244140625,153.1300048828125,146.05332946777344,8331600.0,4.0,-1.2093644790127485,158.0718889790824,144.52670873820276,47.75951064199699,-179.90660584325082,38.686947536007395,151.90301767985025,148.42504069010417,24.65999984741211,22.408700432896246
170,2021-03-05,JPM,153.22000122070312,153.49000549316406,147.97000122070312,139.57601928710938,18465100.0,4.0,4.104795794896717,144.83117471196502,125.95611090204866,64.80773232219246,85.99982675093094,31.488088811810712,130.9809659322103,124.45225461324056,24.65999984741211,22.408700432896246
170,2021-03-05,KO,50.04999923706055,50.95000076293945,49.900001525878906,46.72938537597656,21310800.0,4.0,0.039853951755880246,46.99151649057613,45.27946052968754,51.62154816805393,83.13059667752776,4.785728666337754,45.7111925760905,46.78903268178304,24.65999984741211,22.408700432896246
170,2021-03-05,MCD,205.75,208.22999572753906,202.9600067138672,196.2595977783203,3608100.0,4.0,-1.0341946476533792,204.60578958809322,193.77053182303962,47.01595536412544,-119.13045832502709,21.36765639831415,198.673849995931,198.97820460001628,24.65999984741211,22.408700432896246
170,2021-03-05,MMM,178.4499969482422,181.55999755859375,176.9499969482422,162.34747314453125,2262800.0,4.0,1.0460293699328247,162.25212674848962,156.9421573091276,56.847554725433376,78.5942056709217,0.303904517786165,158.7479019165039,155.99307250976562,24.65999984741211,22.408700432896246
170,2021-03-05,MRK,69.18893432617188,70.0477066040039,68.71183013916016,63.92196273803711,12241164.0,4.0,-1.2980969612682571,66.84079331465581,62.97243529252193,39.73210502904783,-103.0178126423694,46.06512499953605,66.08240534464518,68.69146575927735,24.65999984741211,22.408700432896246
170,2021-03-05,MSFT,229.52000427246094,233.27000427246094,226.4600067138672,226.52110290527344,41872800.0,4.0,-0.4202297160391595,244.21685232399935,220.35518899680145,51.77135530010938,-83.74867367073334,25.286849851579383,231.484494527181,222.2151003519694,24.65999984741211,22.408700432896246
170,2021-03-05,NKE,133.5399932861328,133.67999267578125,129.19000244140625,129.9757843017578,5957100.0,4.0,-1.574944603018622,143.65136911247612,127.34569204475044,46.11504796000946,-119.78742584351528,22.86828570797798,134.61992619832355,136.00645535786947,24.65999984741211,22.408700432896246
170,2021-03-05,PG,122.76000213623047,126.33000183105469,122.55000305175781,118.39138793945312,10490900.0,4.0,-1.8701274623548159,123.377959271135,114.94226015025173,42.54599701791501,-112.62526960829699,24.78727165505699,120.1011250813802,124.03948160807292,24.65999984741211,22.408700432896246
170,2021-03-05,TRV,150.4499969482422,153.22000122070312,149.22000122070312,143.3793182373047,1458700.0,4.0,2.0188714121878775,143.12908413128324,135.3444845943027,59.56141015723065,131.3228528571013,23.39944666114104,137.1275655110677,133.8970760345459,24.65999984741211,22.408700432896246
170,2021-03-05,UNH,335.0299987792969,348.2900085449219,335.0199890136719,334.0824279785156,4563100.0,4.0,-0.22338254479535635,328.2909407857773,308.0326157327774,55.35551377481332,125.7937703512033,16.50073666263856,320.64918721516926,327.4400843302409,24.65999984741211,22.408700432896246
170,2021-03-05,V,213.72999572753906,216.10000610351562,209.6300048828125,211.59022521972656,7582000.0,4.0,2.3824183327479886,215.14859955898353,199.13305174716882,54.54471871679157,87.43798005864609,0.42174212938647077,203.5759312947591,204.71746164957682,24.65999984741211,22.408700432896246
170,2021-03-05,VZ,54.95000076293945,56.20000076293945,54.91999816894531,47.82279586791992,23598100.0,4.0,-0.19819470142926576,49.17104647419687,45.84430577494864,47.693187611334366,0.4522916208636649,5.714616867844455,47.510807800292966,48.71777210235596,24.65999984741211,22.408700432896246
170,2021-03-05,WBA,47.099998474121094,47.47999954223633,46.47999954223633,41.89228057861328,6182200.0,4.0,0.006824009253129759,45.06636334158222,41.39570636056622,53.26451892902496,-128.1557910263586,0.6585071464137876,43.23932228088379,40.546514701843265,24.65999984741211,22.408700432896246
170,2021-03-05,WMT,126.83000183105469,129.75,126.75,123.70965576171875,11357900.0,4.0,-4.0566105789380345,145.25124300890621,118.28903485364259,36.38193873858465,-137.84534547533463,52.81276980198453,133.57647425333658,136.6562109629313,24.65999984741211,22.408700432896246
171,2021-03-08,AAPL,120.93000030517578,121.0,116.20999908447266,114.66234588623047,154376600.0,0.0,-3.4544722285438496,138.15618807283587,113.59253247770124,40.853324672941106,-146.4458423877444,49.32274164358526,129.00084864298503,128.32173283894858,25.469999313354492,30.927288805083347
171,2021-03-08,AMGN,228.0800018310547,232.1999969482422,226.6999969482422,210.21157836914062,3101000.0,0.0,-2.8563089920426705,221.29536132938398,204.35237579219807,46.410968815470575,-69.54021224381717,4.750930840590668,216.6073226928711,215.17450688680012,25.469999313354492,30.927288805083347
171,2021-03-08,AXP,147.27999877929688,151.4600067138672,146.72000122070312,145.00607299804688,4283400.0,0.0,5.679780388626455,143.9705921807261,117.17153504705709,69.31830599943214,171.2426363939042,57.935659582794905,125.51655044555665,120.8720137278239,25.469999313354492,30.927288805083347
171,2021-03-08,BA,226.6699981689453,229.88999938964844,223.7100067138672,224.02999877929688,13836800.0,0.0,4.1662515509391085,230.42688991515206,204.5861075213714,55.079044836484435,119.55015095698279,16.018170058943856,212.12466532389323,214.0596659342448,25.469999313354492,30.927288805083347
171,2021-03-08,CAT,220.97000122070312,224.3000030517578,218.2100067138672,209.9919891357422,3048700.0,0.0,6.795287584323603,218.1061339481359,180.5649582759852,66.24412875945514,106.00995111388286,29.768578365954347,192.14327290852864,183.6081517537435,25.469999313354492,30.927288805083347
171,2021-03-08,CRM,213.6199951171875,214.89999389648438,207.57000732421875,207.72000122070312,9576400.0,0.0,-6.300482127068506,261.39439663389504,199.52960086366357,39.854778366651324,-133.1387620620193,32.07629886077045,230.4203323364258,226.1103322347005,25.469999313354492,30.927288805083347
171,2021-03-08,CSCO,46.2400016784668,48.400001525878906,46.20000076293945,43.77301788330078,34824500.0,0.0,0.04686941329752159,44.856102500677764,40.48700472283298,58.170589801555124,95.72065012596696,16.965786667443066,42.52091433207194,41.81657238006592,25.469999313354492,30.927288805083347
171,2021-03-08,CVX,109.86000061035156,110.43000030517578,108.05999755859375,99.25139617919922,18033600.0,0.0,4.191772843508005,100.2364745039323,77.73641215378254,69.25280508079689,159.8982998362665,54.19762813872621,85.58204574584961,82.65621426900228,25.469999313354492,30.927288805083347
171,2021-03-08,DIS,197.30999755859375,203.02000427246094,193.7899932861328,201.91000366210938,25093200.0,0.0,4.441908429077216,200.05745929640264,181.27753978807002,63.5909885765334,127.69623344924011,27.34610516039875,184.78766632080078,179.27899932861328,25.469999313354492,30.927288805083347
171,2021-03-08,GS,331.3599853515625,337.5899963378906,329.1000061035156,313.9276428222656,2998000.0,0.0,11.154514381853346,321.03903403777485,275.15214638214707,68.16932125402843,107.47969749143356,19.80234669270636,286.7423324584961,269.2640261332194,25.469999313354492,30.927288805083347
171,2021-03-08,HD,254.22999572753906,263.2300109863281,252.52000427246094,242.4187469482422,5037400.0,0.0,-4.9488113967751985,271.64946696880054,230.76933338520334,44.3558286814835,-98.39362963820014,21.973030679164598,253.7190943400065,253.19531682332357,25.469999313354492,30.927288805083347
171,2021-03-08,HON,207.5399932861328,212.4499969482422,207.1999969482422,197.77305603027344,3215900.0,0.0,0.930209629349406,199.0994019006941,189.33287654168873,54.719089626820136,175.4662913812758,23.843095168229684,192.64168904622395,195.71106236775717,25.469999313354492,30.927288805083347
171,2021-03-08,IBM,117.58126068115234,121.2715072631836,117.4760971069336,105.67909240722656,7572203.0,0.0,0.21068649093427894,105.15648275508521,100.18575281010034,53.964645368162856,241.29300540812437,8.948556234045208,101.9988182067871,103.71146901448567,25.469999313354492,30.927288805083347
171,2021-03-08,INTC,60.470001220703125,61.70000076293945,59.720001220703125,55.34474563598633,33112400.0,0.0,0.8552133381622298,58.94329497544455,53.62802231581521,54.519115795535235,33.606385660942315,12.477973230349978,54.86099522908528,51.193311055501304,25.469999313354492,30.927288805083347
171,2021-03-08,JNJ,157.0,159.3300018310547,155.97999572753906,147.26963806152344,6546700.0,0.0,-1.232274162572736,157.9744277420455,144.0598938521928,49.248729245917794,-115.0282696438417,23.719668734971748,151.7428212483724,148.53091074625652,25.469999313354492,30.927288805083347
171,2021-03-08,JPM,152.47000122070312,155.4600067138672,150.75,141.42584228515625,17133300.0,0.0,4.08616640351579,145.1388498732386,127.02930961162468,66.13958041485874,99.34808863472362,36.748600671906004,131.5704335530599,124.94217745463054,25.469999313354492,30.927288805083347
171,2021-03-08,KO,51.470001220703125,52.4900016784668,51.15999984741211,47.51142120361328,25084900.0,0.0,0.14767176539905336,47.25294110482564,45.20112574392924,54.39329826164267,194.68934570717082,29.15476450256928,45.80779762268067,46.76541805267334,25.469999313354492,30.927288805083347
171,2021-03-08,MCD,207.6999969482422,210.58999633789062,207.13999938964844,197.9063720703125,3157100.0,0.0,-0.9040970287278185,204.51932367901045,193.65162206073566,48.779170183524585,-42.58986706078027,9.380556857301404,198.58030751546224,199.00966262817383,25.469999313354492,30.927288805083347
171,2021-03-08,MMM,180.99000549316406,185.6999969482422,180.92999267578125,165.01437377929688,2574900.0,0.0,1.4034482025520276,163.4671257073063,156.2859519904476,59.24491980508772,187.10607162729562,14.180645398961095,159.23014322916666,156.1834289550781,25.469999313354492,30.927288805083347
171,2021-03-08,MRK,70.96373748779297,72.09923553466797,70.03816986083984,64.83100128173828,15391347.0,0.0,-1.1651907148047087,66.66230807566147,63.008443877463534,42.723400833602675,-45.19447129817803,12.74186313614413,65.88398742675781,68.56970138549805,25.469999313354492,30.927288805083347
171,2021-03-08,MSFT,231.3699951171875,233.3699951171875,227.1300048828125,222.40345764160156,35267400.0,0.0,-0.8408517234752253,244.13460370357535,219.04335192386606,49.15356386313254,-100.72714436071755,24.857341426169036,231.54836985270182,222.408699798584,25.469999313354492,30.927288805083347
171,2021-03-08,NKE,133.63999938964844,135.6300048828125,132.3699951171875,131.15516662597656,4983000.0,0.0,-1.5757576677333418,142.9146331107795,127.08282172320484,47.40460393297044,-73.57230758305113,14.02256138004487,134.47348505655924,135.93696352640788,25.469999313354492,30.927288805083347
171,2021-03-08,PG,125.76000213623047,128.89999389648438,125.31999969482422,119.6412582397461,9224700.0,0.0,-1.5874203361887425,123.09901694476753,115.0088146287188,44.92322225097933,-25.070037445544333,5.955705620853551,120.01685969034831,123.88422762552896,25.469999313354492,30.927288805083347
171,2021-03-08,TRV,153.0,157.25,152.47000122070312,146.56948852539062,1374800.0,0.0,2.3769599888113078,144.60271197199083,134.89755047918104,61.97277425843145,189.6784224811067,37.090933199251225,137.438427734375,134.2317782084147,25.469999313354492,30.927288805083347
171,2021-03-08,UNH,347.010009765625,354.0,345.6000061035156,337.03729248046875,3419900.0,0.0,1.0132055711480916,332.2048708004556,306.5884519534507,56.64788036631771,209.62456261009766,26.033597428982336,320.7332448323568,327.47714080810545,25.469999313354492,30.927288805083347
171,2021-03-08,V,216.97999572753906,226.1300048828125,215.80999755859375,216.36402893066406,14750400.0,0.0,2.7888406625241657,216.63276701054122,198.8102765075252,57.17227055501772,166.68611827227286,25.066198006532424,204.18372904459636,204.84564412434895,25.469999313354492,30.927288805083347
171,2021-03-08,VZ,55.95000076293945,57.29999923706055,55.81999969482422,48.497440338134766,23648800.0,0.0,-0.10646913872968611,49.28555337380282,45.85533407736906,50.57054322265591,78.7013006913733,10.47847339586441,47.491451009114584,48.66071039835612,25.469999313354492,30.927288805083347
171,2021-03-08,WBA,47.06999969482422,48.63999938964844,46.959999084472656,43.02833557128906,5113400.0,0.0,0.04431482002227227,45.01081459421393,41.37495696645501,56.35308033773957,-68.10235049252599,12.881251902936503,43.283051045735675,40.64838333129883,25.469999313354492,30.927288805083347
171,2021-03-08,WMT,129.3300018310547,129.83999633789062,127.80999755859375,122.52161407470703,13662800.0,0.0,-4.112835853356955,144.6962097516265,117.26512142513131,35.32955343855893,-125.33080847245596,52.083440234795496,132.98724314371745,136.3204658508301,25.469999313354492,30.927288805083347
172,2021-03-09,AAPL,119.02999877929688,122.05999755859375,118.79000091552734,119.3233413696289,129525800.0,1.0,-3.393124304057551,136.9322272248916,113.25757074874122,45.08140296995107,-107.22467859613867,43.72193242798765,128.29080200195312,128.31338450113932,24.030000686645508,20.586903476059515
172,2021-03-09,AMGN,230.0,233.1199951171875,228.77999877929688,211.3004150390625,3057300.0,1.0,-2.569492048978816,220.6964242393174,204.32139039691307,47.349603661235754,-50.99565408167784,7.555384198352447,215.8010732014974,215.18737055460613,24.030000686645508,20.586903476059515
172,2021-03-09,AXP,148.5800018310547,149.0800018310547,144.11000061035156,140.0171356201172,5806100.0,1.0,5.627031548210482,144.99644287831404,117.7967463611879,63.84670889791187,128.21625373936982,45.03832438959778,126.28691762288412,121.25535113016764,24.030000686645508,20.586903476059515
172,2021-03-09,BA,226.80999755859375,234.05999755859375,222.5800018310547,230.61000061035156,21001200.0,1.0,4.638092122640074,232.32903058469685,204.54996721803752,57.264991324752,137.00641692157697,21.85807471975754,213.03299865722656,214.03549931844074,24.030000686645508,20.586903476059515
172,2021-03-09,CAT,221.3800048828125,222.3300018310547,216.13999938964844,205.4619903564453,2902400.0,1.0,6.4120271035594385,218.28858897975033,182.21631214329653,62.43640270411546,82.68014905831065,23.629715038778617,193.07391713460285,184.2033566792806,24.030000686645508,20.586903476059515
172,2021-03-09,CRM,212.17999267578125,215.7899932861328,211.1699981689453,211.52999877929688,9732200.0,1.0,-6.42779046691345,260.86102933355824,197.32296877435195,41.98911700810498,-107.26348136567913,29.871083298125217,229.94066569010417,225.95966542561848,24.030000686645508,20.586903476059515
172,2021-03-09,CSCO,47.81999969482422,48.369998931884766,47.720001220703125,44.12312698364258,26512700.0,1.0,0.18637217649308013,44.61669840147981,40.62966771790495,59.21148410474356,128.68277956547854,16.965786667443066,42.60874913533529,41.87123146057129,24.030000686645508,20.586903476059515
172,2021-03-09,CVX,109.06999969482422,110.69000244140625,107.87999725341797,99.02530670166016,19010700.0,1.0,4.366324468019741,101.39206549117665,78.32575448563,68.86400654654628,143.71786374192507,54.72119081139909,86.18093032836914,82.96249313354492,24.030000686645508,20.586903476059515
172,2021-03-09,DIS,200.19000244140625,201.6999969482422,194.3699951171875,194.50999450683594,23331000.0,1.0,4.307483742002773,200.43091357417137,181.35508496098487,58.75045252703685,100.8120331318731,27.34610516039875,185.54166615804036,179.94699935913087,24.030000686645508,20.586903476059515
172,2021-03-09,GS,328.6199951171875,336.3900146484375,325.57000732421875,310.5458984375,3324800.0,1.0,10.770661581893194,321.65141890171367,277.5095185982864,66.22355576013808,90.92062884567721,13.405255106660649,288.26590728759766,270.6530398050944,24.030000686645508,20.586903476059515
172,2021-03-09,HD,262.7300109863281,267.57000732421875,261.7900085449219,247.96847534179688,6625300.0,1.0,-4.302591064341726,270.33026178609583,230.6781747983768,47.619928661883705,-44.234740982127555,11.878758247498073,253.09143727620443,253.1856460571289,24.030000686645508,20.586903476059515
172,2021-03-09,HON,208.99000549316406,209.94000244140625,206.49000549316406,197.68734741210938,2643300.0,1.0,1.0428136183546144,199.53497028322585,189.33993053464525,54.637723318371684,131.5200190187252,20.97354867979228,192.85211486816405,195.65242716471354,24.030000686645508,20.586903476059515
172,2021-03-09,IBM,119.8852767944336,120.86997985839844,118.6998062133789,105.1456527709961,5867014.0,1.0,0.36142928417078224,105.47550089099539,100.05301244518625,53.19751227543763,215.17942801395768,8.948556234045217,102.20100504557291,103.69823112487794,24.030000686645508,20.586903476059515
172,2021-03-09,INTC,61.18000030517578,63.16999816894531,60.84000015258789,57.95246887207031,36387500.0,1.0,0.9529830975795051,59.09599595858082,53.79989904569164,57.855376176319595,85.70764902043626,20.776341946158375,55.094163767496745,51.3921589533488,24.030000686645508,20.586903476059515
172,2021-03-09,JNJ,156.88999938964844,160.75,156.88999938964844,147.5503387451172,7461300.0,1.0,-1.2137882571256853,157.75819212624066,143.69622376731405,49.59179345714432,-88.15628533784528,16.491172967658528,151.51666412353515,148.61743799845377,24.030000686645508,20.586903476059515
172,2021-03-09,JPM,151.5,154.25,149.82000732421875,140.4269561767578,16238800.0,1.0,3.945321505285108,145.33779841544757,127.91156681892741,64.7702999731402,84.11975060855417,31.647642789895304,132.1780911763509,125.4299914042155,24.030000686645508,20.586903476059515
172,2021-03-09,KO,51.720001220703125,51.880001068115234,50.81999969482422,46.793785095214844,23082700.0,1.0,0.17321421740793852,47.31599480955242,45.22455694826007,51.58755493767833,131.6458565732285,21.797817403494125,45.8715877532959,46.72754249572754,24.030000686645508,20.586903476059515
172,2021-03-09,MCD,210.6300048828125,211.1999969482422,208.27999877929688,197.37637329101562,3646700.0,1.0,-0.8341446996705031,204.49078787055126,193.51584359917533,48.244638778589284,-29.35135086069373,6.474926625081913,198.47035369873046,199.0275843302409,24.030000686645508,20.586903476059515
172,2021-03-09,MMM,183.5,184.14999389648438,181.02000427246094,162.688720703125,2842100.0,1.0,1.4819613080427985,163.73902815906084,156.18442307384933,56.417415318426826,134.59260904243044,14.180645398961087,159.59478505452475,156.293017578125,24.030000686645508,20.586903476059515
172,2021-03-09,MRK,71.14503479003906,72.00381469726562,70.73473358154297,64.80477905273438,14189920.0,1.0,-1.0498751643073092,66.58797185851246,63.00411188172193,42.66021685597259,-32.95276508764261,12.741863136144138,65.67974217732747,68.44330863952636,24.030000686645508,20.586903476059515
172,2021-03-09,MSFT,232.8800048828125,235.3800048828125,231.6699981689453,228.65328979492188,33080500.0,1.0,-0.662254415378527,243.57019786792085,218.8123094562979,52.89353862357764,-48.65092041623279,16.290659221464875,231.7041249593099,222.7749331156413,24.030000686645508,20.586903476059515
172,2021-03-09,NKE,135.50999450683594,138.0,135.4499969482422,132.50997924804688,5977800.0,1.0,-1.4503611113448756,142.34288204873727,126.95580874716117,48.85902311134585,-29.478982039456135,4.269833659307964,134.43056767781576,135.8954023996989,24.030000686645508,20.586903476059515
172,2021-03-09,PG,127.6500015258789,128.9199981689453,126.05999755859375,118.57933044433594,8859700.0,1.0,-1.4325480775877821,122.80944652927757,115.01739596950172,43.34684265462113,-24.235785545706882,5.822828506525309,119.82702713012695,123.73680763244629,24.030000686645508,20.586903476059515
172,2021-03-09,TRV,154.4199981689453,155.9600067138672,152.77999877929688,145.54757690429688,1420100.0,1.0,2.548905838456818,145.53042574245094,134.76635312717795,60.77191410971418,160.301971770297,37.09093319925121,137.69891459147135,134.54160652160644,24.030000686645508,20.586903476059515
172,2021-03-09,UNH,352.9200134277344,361.25,351.3399963378906,338.7793884277344,4277600.0,1.0,2.109466528764358,335.7173799492097,305.73628216016533,57.39999714629626,257.1799680950649,35.95735428896039,320.867030843099,327.5985753377279,24.030000686645508,20.586903476059515
172,2021-03-09,V,222.05999755859375,225.0,220.19000244140625,216.45245361328125,9228600.0,1.0,3.0825348766313994,217.81401152552084,198.98364625035808,57.21965583228649,165.86045177348572,25.066198006532414,204.82847391764324,205.0274434407552,24.030000686645508,20.586903476059515
172,2021-03-09,VZ,56.900001525878906,57.099998474121094,56.16999816894531,47.99359130859375,20956400.0,1.0,-0.07358414308821182,49.32347703996153,45.91561788496523,48.508936797214,78.42607393788481,10.478473395864416,47.42825673421224,48.59511038462321,24.030000686645508,20.586903476059515
172,2021-03-09,WBA,48.61000061035156,48.88999938964844,47.86000061035156,43.01058578491211,5635200.0,1.0,0.07176701279398401,44.937226408838825,41.35992248642485,56.29295180889712,-45.103726474382974,15.499819911304108,43.31534512837728,40.753179740905765,24.030000686645508,20.586903476059515
172,2021-03-09,WMT,128.8000030517578,129.8800048828125,128.32000732421875,123.4892807006836,10662900.0,1.0,-4.032824290748508,143.7733660282801,116.64159292557731,36.86825387215305,-109.47646389330654,51.73928544171452,132.43442052205404,136.01962292989094,24.030000686645508,20.586903476059515
173,2021-03-10,AAPL,121.69000244140625,122.16999816894531,119.44999694824219,118.22954559326172,111943300.0,2.0,-3.393645971545638,135.7343236237561,112.87586238088258,44.31241608964975,-101.49903533673645,43.1264094457176,127.53642349243164,128.26286392211915,22.559999465942383,19.48612942135624
173,2021-03-10,AMGN,231.4600067138672,233.49000549316406,229.02000427246094,212.19546508789062,2309800.0,2.0,-2.244095955230449,220.22047682200838,204.3411885222299,48.12230081499958,-40.169924175049374,8.710955581194378,214.9788604736328,215.24095102945964,22.559999465942383,19.48612942135624
173,2021-03-10,AXP,145.6999969482422,148.2899932861328,145.44000244140625,141.60935974121094,3049800.0,2.0,5.64859342309191,145.97830950171277,118.75157483666612,64.764957699538,123.39543707892804,45.03832438959777,127.27118708292643,121.66282170613607,22.559999465942383,19.48612942135624
173,2021-03-10,BA,233.80999755859375,246.8000030517578,232.8800048828125,245.33999633789062,27753400.0,2.0,6.129954427763437,238.20784593394023,201.69315199086446,61.59311347907814,217.96509718918384,36.31985920973906,214.4756652832031,214.21733271280925,22.559999465942383,19.48612942135624
173,2021-03-10,CAT,217.72999572753906,222.0500030517578,217.19000244140625,209.49917602539062,2435800.0,2.0,6.360734961411538,218.72212091995146,184.036416372529,64.3268462125229,85.02442668979405,23.629715038778613,194.14324137369792,184.88501561482747,22.559999465942383,19.48612942135624
173,2021-03-10,CRM,214.72000122070312,216.14999389648438,211.77000427246094,211.9600067138672,7186400.0,2.0,-6.419979667545192,260.2962298941612,195.41376919031146,42.22847671549697,-97.312475362689,28.94020748259223,229.46399943033853,225.7769989013672,22.559999465942383,19.48612942135624
173,2021-03-10,CSCO,48.470001220703125,48.790000915527344,48.189998626708984,44.49166488647461,19841500.0,2.0,0.3229443487212933,44.56635374615359,40.66066346576047,60.287585515605464,141.9283371191094,21.113324308162422,42.70180473327637,41.93766860961914,22.559999465942383,19.48612942135624
173,2021-03-10,CVX,110.19999694824219,112.01000213623047,109.69999694824219,100.7164306640625,17389900.0,2.0,4.588227231028043,102.57283921928416,79.1053956439971,70.16029063027449,144.24650677576204,57.36601751185461,86.88196156819662,83.25370839436849,22.559999465942383,19.48612942135624
173,2021-03-10,DIS,197.30999755859375,198.8000030517578,194.67999267578125,195.05999755859375,13662100.0,2.0,4.196952008486335,200.85932233332022,181.6116752863087,58.99046775518625,91.77237016559985,27.34610516039875,186.39166615804035,180.61983261108398,22.559999465942383,19.48612942135624
173,2021-03-10,GS,332.07000732421875,342.3999938964844,331.5299987792969,321.2828674316406,3153100.0,2.0,11.203689973686153,323.8972776410007,279.2781038287258,69.11864559980523,113.72325438993484,21.075209704514712,290.1873051961263,272.19636357625325,22.559999465942383,19.48612942135624
173,2021-03-10,HD,265.9200134277344,268.75,264.0799865722656,250.727783203125,3798400.0,2.0,-3.5271449794591945,269.5082869570746,230.6708130795465,49.15402296368892,-24.34386533441908,9.250971259356792,252.63312225341798,253.2339744567871,22.559999465942383,19.48612942135624
173,2021-03-10,HON,207.67999267578125,213.27000427246094,207.64999389648438,202.73403930664062,4332500.0,2.0,1.5217373093799438,201.11023636325046,188.8863899184878,58.40519818507934,191.17172653585263,29.198595632613156,193.25635884602863,195.68217010498046,22.559999465942383,19.48612942135624
173,2021-03-10,IBM,119.55066680908203,122.60037994384766,119.13002014160156,108.27005004882812,7581199.0,2.0,0.7246534288507007,106.66919914825239,99.34787238495075,56.9090327341865,261.87557153817687,18.134194320512798,102.3984385172526,103.76255060831706,22.559999465942383,19.48612942135624
173,2021-03-10,INTC,63.220001220703125,64.12000274658203,62.130001068115234,57.5640869140625,27160300.0,2.0,0.9877410936627484,59.10720893933898,54.109565047477425,57.208807382408324,102.62459784424996,25.646568913142232,55.32143325805664,51.58162320454915,22.559999465942383,19.48612942135624
173,2021-03-10,JNJ,158.82000732421875,159.89999389648438,157.36000061035156,148.90701293945312,6635600.0,2.0,-1.0772479310064682,157.27059183623393,143.61405477021137,51.23976472928478,-75.43968719934918,16.491172967658514,151.19625295003254,148.7397491455078,22.559999465942383,19.48612942135624
173,2021-03-10,JPM,151.91000366210938,156.16000366210938,151.50999450683594,143.47909545898438,14342200.0,2.0,4.033487507757371,145.8115156606036,128.87606368509952,66.934127251301,99.416833240787,36.82152297126294,132.90413411458334,125.98061205546061,22.559999465942383,19.48612942135624
173,2021-03-10,KO,51.18000030517578,51.630001068115234,50.720001220703125,47.32741165161133,21331600.0,2.0,0.2338206590373204,47.46368278487282,45.23695770279807,53.43519242685971,129.16442599190577,19.654947433193566,45.9375244140625,46.70285434722901,22.559999465942383,19.48612942135624
173,2021-03-10,MCD,208.72000122070312,213.6300048828125,208.24000549316406,201.88136291503906,3447200.0,2.0,-0.41046042969298924,204.25026469917378,193.62867512016214,52.79331003399754,35.63894397046482,4.345552715476399,198.44660237630208,199.13077977498372,22.559999465942383,19.48612942135624
173,2021-03-10,MMM,182.3699951171875,185.3800048828125,181.41000366210938,165.67884826660156,2370700.0,2.0,1.7651146714477477,164.7313013565635,155.6455068099404,59.018801814951175,166.3475477501743,18.19136602926194,159.8940399169922,156.47916005452473,22.559999465942383,19.48612942135624
173,2021-03-10,MRK,71.33587646484375,71.78434753417969,70.70610809326172,65.34671020507812,12827310.0,2.0,-0.9043328585818529,66.55609755636357,63.01151108621457,44.41763825778957,-22.30924561905199,13.058114694525603,65.51978403727213,68.33288561503092,22.559999465942383,19.48612942135624
173,2021-03-10,MSFT,237.0,237.0,232.0399932861328,227.3231201171875,29746800.0,2.0,-0.620891092268721,242.73866420591554,218.58851932679931,52.0506002182685,-47.024585863768415,9.800122213205308,231.7244639078776,223.13981450398762,22.559999465942383,19.48612942135624
173,2021-03-10,NKE,136.5,138.1999969482422,136.10000610351562,134.1084747314453,4519600.0,2.0,-1.2080723051130633,141.99820679214045,126.91915008041812,50.528767636191276,-15.025153455852294,3.4714795234476665,134.5203722635905,135.90009930928548,22.559999465942383,19.48612942135624
173,2021-03-10,PG,126.1500015258789,128.4199981689453,125.47000122070312,119.66944885253906,9070900.0,2.0,-1.2079230666040104,122.65037292627763,115.05147949071456,45.38213394946407,-17.969440354810658,9.404793285096341,119.64690602620443,123.62156867980957,22.559999465942383,19.48612942135624
173,2021-03-10,TRV,153.55999755859375,156.42999267578125,153.0500030517578,147.023681640625,1491600.0,2.0,2.772325832519158,146.70460314940047,134.44596447755268,61.875788004847394,159.08519868095848,38.55451182790065,138.09173075358072,134.8478043874105,22.559999465942383,19.48612942135624
173,2021-03-10,UNH,353.9100036621094,354.4800109863281,348.5,336.4886779785156,3012300.0,2.0,2.7615862001355254,338.13813357747335,305.23763241373763,56.076636303992075,198.77958809238194,28.72549987508206,321.07525227864585,327.75818990071616,22.559999465942383,19.48612942135624
173,2021-03-10,V,220.72000122070312,224.19000244140625,219.39999389648438,219.21261596679688,7822900.0,2.0,3.4976924699972187,219.3871503393723,199.0774294335769,58.69536750801231,155.1135401525374,22.341079957327413,205.53155161539715,205.28744608561198,22.559999465942383,19.48612942135624
173,2021-03-10,VZ,56.689998626708984,57.290000915527344,55.849998474121094,48.74509048461914,18848600.0,2.0,0.01296767258833853,49.454133575662176,45.962588531271415,51.55611890080414,97.86589388718066,5.125587267014133,47.44277420043945,48.55541343688965,22.559999465942383,19.48612942135624
173,2021-03-10,WBA,48.97999954223633,50.7599983215332,48.63999938964844,44.838932037353516,6068400.0,2.0,0.23830826643900593,45.104305346790596,41.280902020152766,60.755014457176294,62.918934710607665,31.87310650211197,43.36843541463216,40.8902068456014,22.559999465942383,19.48612942135624
173,2021-03-10,WMT,128.86000061035156,133.0500030517578,128.47000122070312,126.64141082763672,14976400.0,2.0,-3.6727270815319315,142.4323247860936,116.67482853421888,41.554258578424815,-77.68268329905436,27.333889867492083,131.94483083089193,135.78233388264974,22.559999465942383,19.48612942135624
174,2021-03-11,AAPL,122.54000091552734,123.20999908447266,121.26000213623047,120.18065643310547,103026500.0,3.0,-3.1997364876636283,134.36227424726056,112.92450706377458,46.01179169100741,-78.14830668464698,37.3735861201964,126.88316090901692,128.25847320556642,21.90999984741211,20.47883953723623
174,2021-03-11,AMGN,230.66000366210938,233.9600067138672,228.77999877929688,213.31199645996094,2244000.0,3.0,-1.8745142229806504,219.44637702866984,204.60500846937705,49.08654516374743,-28.193243089675963,10.234563021008386,214.4240727742513,215.324742380778,21.90999984741211,20.47883953723623
174,2021-03-11,AXP,146.0,147.82000732421875,145.1300048828125,142.5743408203125,3147700.0,3.0,5.678093742507514,147.01312692153,119.60038168442703,65.31724364703035,115.06752631718301,43.44845763464692,128.35388412475587,122.11217803955078,21.90999984741211,20.47883953723623
174,2021-03-11,BA,248.77000427246094,256.6499938964844,246.5500030517578,252.0,30139200.0,3.0,7.760217729008275,244.73806727415914,199.17093083375104,63.330192010671006,255.8168546288427,44.76795465590926,216.40799865722656,214.57849934895833,21.90999984741211,20.47883953723623
174,2021-03-11,CAT,223.0,223.60000610351562,219.14999389648438,208.26715087890625,2960000.0,3.0,6.149780593782253,218.69969239313522,186.14758086125929,63.320824862095684,83.60427052672581,26.600686490915347,195.37936096191407,185.53922805786132,21.90999984741211,20.47883953723623
174,2021-03-11,CRM,215.0,218.1699981689453,214.35000610351562,215.9499969482422,6431000.0,3.0,-6.022408114670668,259.3923378246729,194.2406608325537,44.42940180577884,-76.48056248990224,23.625256814770243,229.16966603597004,225.6691655476888,21.90999984741211,20.47883953723623
174,2021-03-11,CSCO,48.5099983215332,49.08000183105469,48.22999954223633,44.9615478515625,21976600.0,3.0,0.46374860225500925,44.87122062494623,40.499525987602595,61.62300307287132,142.46763156407758,23.91827564503923,42.79700991312663,42.01193714141846,21.90999984741211,20.47883953723623
174,2021-03-11,CVX,111.6500015258789,112.55000305175781,110.88999938964844,100.55364990234375,10989500.0,3.0,4.696809822409932,103.55222462212765,79.93103724921025,69.87063429140908,136.14277825413112,58.42792882461436,87.61204732259115,83.55558675130209,21.90999984741211,20.47883953723623
174,2021-03-11,DIS,197.3800048828125,199.0500030517578,195.39999389648438,196.75,11933900.0,3.0,4.197339568624244,201.4881518794115,181.69484525193613,59.73518398249689,99.49063374513541,27.73566302423903,187.51566619873046,180.97033259073893,21.90999984741211,20.47883953723623
174,2021-03-11,GS,338.6600036621094,345.0,336.4599914550781,321.3580627441406,2756600.0,3.0,11.421278340063168,325.9126192968649,280.927291591807,69.13781052713308,118.19570865975678,24.18080950583541,292.3741394042969,273.8097142537435,21.90999984741211,20.47883953723623
174,2021-03-11,HD,268.6000061035156,270.7799987792969,267.20001220703125,253.18569946289062,4371300.0,3.0,-2.6833332742342293,268.52975323921515,230.88611742728875,50.4902099481279,-2.1733137998851637,4.727384353631465,252.5234624226888,253.32732315063475,21.90999984741211,20.47883953723623
174,2021-03-11,HON,211.7899932861328,214.75999450683594,211.1999969482422,202.3436279296875,2959700.0,3.0,1.8484767602054433,202.25235695461777,188.81368003268693,58.01956983394497,202.58005313852337,32.55606053141284,193.70067749023437,195.66337712605795,21.90999984741211,20.47883953723623
174,2021-03-11,IBM,122.45697784423828,122.98279571533203,121.20458984375,107.65193939208984,5383657.0,3.0,0.9516646188304918,107.42394887322882,99.00801523809929,56.00017575172123,248.01124076707663,20.039869814677267,102.57582499186198,103.82617734273275,21.90999984741211,20.47883953723623
174,2021-03-11,INTC,62.939998626708984,64.08999633789062,62.38999938964844,58.5443000793457,30701800.0,3.0,1.081910475931025,59.23388544993511,54.39439099354633,58.42197175927903,116.04652833025557,25.64656891314222,55.63101018269857,51.79554341634115,21.90999984741211,20.47883953723623
174,2021-03-11,JNJ,159.5399932861328,160.6300048828125,158.9199981689453,148.8976593017578,6305600.0,3.0,-0.9587417214584661,156.6234927035098,143.6402386807675,51.22781982977412,-53.84659406846101,12.625587709145059,150.95611623128255,148.85105692545574,21.90999984741211,20.47883953723623
174,2021-03-11,JPM,154.11000061035156,156.14999389648438,153.36000061035156,142.7299041748047,11771500.0,3.0,3.9968332191300533,145.88382361264158,130.15965172915529,65.90622525582327,98.75548512129235,36.82152297126296,133.71989161173502,126.52961260477701,21.90999984741211,20.47883953723623
174,2021-03-11,KO,51.40999984741211,51.43000030517578,50.810001373291016,46.81218338012695,17417700.0,3.0,0.2375388847078952,47.48717258955796,45.331234850627595,51.47307336783569,103.19975948810439,19.654947433193563,46.00959510803223,46.66497885386149,21.90999984741211,20.47883953723623
174,2021-03-11,MCD,214.6999969482422,215.22999572753906,211.49000549316406,200.2345733642578,3618000.0,3.0,-0.2052042800043523,204.06027036169104,193.67491945764488,51.095158198555055,61.23305899950219,10.730752995736182,198.63070831298828,199.21091791788737,21.90999984741211,20.47883953723623
174,2021-03-11,MMM,183.1300048828125,185.07000732421875,182.10000610351562,165.73275756835938,2377300.0,3.0,1.9711436648944698,165.57424913930325,155.2488358826694,59.06437302836141,167.52197227505508,18.191366029261957,159.8774444580078,156.6583335876465,21.90999984741211,20.47883953723623
174,2021-03-11,MRK,71.45992279052734,71.90839385986328,71.17366027832031,65.23307800292969,13205324.0,3.0,-0.7890628761069962,66.52931557488611,63.01556510138342,44.12429359308794,-8.268747216663883,11.191337908105877,65.4486915588379,68.22100257873535,21.90999984741211,20.47883953723623
174,2021-03-11,MSFT,234.9600067138672,239.1699981689453,234.30999755859375,231.9298553466797,29907600.0,3.0,-0.21391939810899885,242.14129236778274,218.68394566932665,54.64043221190573,-6.153262481627795,1.6744900449321447,231.87981974283855,223.5369125366211,21.90999984741211,20.47883953723623
174,2021-03-11,NKE,139.17999267578125,142.1999969482422,138.55999755859375,137.61740112304688,5696500.0,3.0,-0.7245633310417361,141.85201999089736,126.96972073175891,53.943510030469845,45.151969821851836,11.083729759352977,134.85943044026692,135.96603457132974,21.90999984741211,20.47883953723623
174,2021-03-11,PG,127.12999725341797,127.8499984741211,126.72000122070312,119.26536560058594,6941500.0,3.0,-1.0504038665120845,122.5157583699499,115.06298613688602,44.76544551791025,-10.524176994923003,9.404793285096334,119.60085754394531,123.4840264638265,21.90999984741211,20.47883953723623
174,2021-03-11,TRV,153.8800048828125,155.3699951171875,152.1699981689453,146.74929809570312,2105200.0,3.0,2.8938883845968064,147.56090678885047,134.53176136300502,61.542773190681125,134.7866775815361,32.38968533507378,138.60746307373046,135.17703386942546,21.90999984741211,20.47883953723623
174,2021-03-11,UNH,350.760009765625,355.9700012207031,349.8699951171875,339.85736083984375,2520500.0,3.0,3.5097619407159755,340.9715713860591,304.3003097174565,57.56498256574199,192.73093310952603,30.790139609010687,321.72044474283854,328.0153350830078,21.90999984741211,20.47883953723623
174,2021-03-11,V,224.52999877929688,228.22999572753906,223.80999755859375,222.1397705078125,10053400.0,3.0,4.01660385302867,221.3730622172944,199.05899955028374,60.20148344609627,182.3202738155781,30.606700450359575,206.56234944661458,205.61862869262694,21.90999984741211,20.47883953723623
174,2021-03-11,VZ,57.0099983215332,57.189998626708984,55.470001220703125,47.40434646606445,30312900.0,3.0,-0.026322794359906254,49.446147742492116,46.01754358746393,46.47956269215839,40.05311106097506,0.9654553586698873,47.45359102884928,48.49562403361003,21.90999984741211,20.47883953723623
174,2021-03-11,WBA,50.619998931884766,51.779998779296875,50.27000045776367,45.72648239135742,7324300.0,3.0,0.4368752795408213,45.211082813748284,41.209392573824964,62.66888668778844,159.66879645710145,38.788744052242365,43.39279238382975,41.0437847773234,21.90999984741211,20.47883953723623
174,2021-03-11,WMT,133.36000061035156,133.49000549316406,131.52999877929688,126.59355926513672,11829900.0,3.0,-3.352562417398957,141.26576816714595,116.69166972958253,41.505877030796654,-59.60748770438294,24.36599017040897,131.57085393269855,135.54488563537598,21.90999984741211,20.47883953723623
175,2021-03-12,AAPL,120.4000015258789,121.16999816894531,119.16000366210938,119.26422882080078,88105100.0,4.0,-3.084454205972264,132.84003376810372,113.05731654317557,45.33951606708417,-91.31398810458876,42.37318149012578,126.36235631306967,128.24913965861003,20.690000534057617,18.117210120383326
175,2021-03-12,AMGN,230.24000549316406,230.75999450683594,228.69000244140625,212.56455993652344,1752600.0,4.0,-1.6232184662730447,218.87830547234694,204.74123035528976,48.462751291867534,-40.95345155507044,9.859261222700004,213.94542846679687,215.36462910970053,20.690000534057617,18.117210120383326
175,2021-03-12,AXP,149.10000610351562,150.63999938964844,148.02000427246094,143.33665466308594,2420100.0,4.0,5.697310268054281,147.92342713763696,120.64221769878884,65.75588882465269,123.56975041795896,48.89583610871032,129.30502268473307,122.62023607889812,20.690000534057617,18.117210120383326
175,2021-03-12,BA,253.86000061035156,269.7200012207031,253.5,269.19000244140625,35264300.0,4.0,10.32033626258567,255.30959107085883,194.45240691498103,67.28139917947097,285.5930270687979,53.51516873983454,218.8066655476888,215.25466613769532,20.690000534057617,18.117210120383326
175,2021-03-12,CAT,219.0,229.02000427246094,218.1199951171875,217.02392578125,4756500.0,4.0,6.612966131652456,219.906190113385,187.84579047743532,67.10360512974574,102.2136412245144,35.918930926948796,196.79017384847006,186.35886917114257,20.690000534057617,18.117210120383326
175,2021-03-12,CRM,213.4499969482422,213.85000610351562,209.3000030517578,212.2100067138672,6114600.0,4.0,-5.9406357986117655,257.8216263511016,192.90837242819526,42.846588883762315,-94.022840970231,31.203684347231665,228.6933329264323,225.5181655883789,20.690000534057617,18.117210120383326
175,2021-03-12,CSCO,48.810001373291016,48.9900016784668,48.470001220703125,44.979976654052734,15196500.0,4.0,0.570250544655238,45.10748966031119,40.37750293917611,61.6752908679317,131.53600810759215,23.918275645039216,42.90388552347819,42.08773136138916,20.690000534057617,18.117210120383326
175,2021-03-12,CVX,111.63999938964844,112.69999694824219,110.72000122070312,100.88825225830078,10930300.0,4.0,4.755048680834946,104.24286875382477,81.12346730574554,70.13283558223215,126.27009804619422,57.11102983715899,88.32891235351562,83.90777702331543,20.690000534057617,18.117210120383326
175,2021-03-12,DIS,196.52999877929688,198.41000366210938,195.17999267578125,197.16000366210938,13249100.0,4.0,4.182517127890577,202.10021547055356,181.70778166079407,59.91785959285882,96.16372475393703,27.094617296341983,188.35833282470702,181.4346659342448,20.690000534057617,18.117210120383326
175,2021-03-12,GS,345.2200012207031,350.0,343.6400146484375,327.6612243652344,2436700.0,4.0,11.964412849419375,328.45587182032784,282.86228308689874,70.71383953388857,135.12965267516176,29.854808949032634,294.71836547851564,275.56242650349935,20.690000534057617,18.117210120383326
175,2021-03-12,HD,267.45001220703125,273.80999755859375,266.760009765625,257.1880798339844,4190500.0,4.0,-1.672369734563489,268.22135739678095,230.98407015448856,52.58897821674446,18.216883473456395,1.7626170213623154,252.42243092854818,253.4713124593099,20.690000534057617,18.117210120383326
175,2021-03-12,HON,213.2899932861328,215.38999938964844,213.1999969482422,204.13380432128906,1839200.0,4.0,2.2262100391257604,203.63579737578698,188.67677281464273,59.2944452561529,203.15267514141365,33.97128919503321,194.0953333536784,195.71834513346354,20.690000534057617,18.117210120383326
175,2021-03-12,IBM,121.5965576171875,122.06501007080078,121.04206848144531,108.04989624023438,4194565.0,4.0,1.150423053352327,108.20487420165216,98.79439032471504,56.46326342856254,202.219253497892,18.783719291714405,102.83304265340169,103.90674171447753,20.690000534057617,18.117210120383326
175,2021-03-12,INTC,62.650001525878906,63.29999923706055,62.2400016784668,58.165164947509766,20173000.0,4.0,1.1131160443887111,59.384493777877736,54.45092110859687,57.76667296502511,95.73496215548204,24.268277927662922,55.851966603597006,51.99180850982666,20.690000534057617,18.117210120383326
175,2021-03-12,JNJ,159.27999877929688,160.30999755859375,159.19000244140625,149.32806396484375,5474800.0,4.0,-0.8206348693845769,156.0546307751039,143.7009615710875,51.763091819295134,-46.540159595007665,12.625587709145062,150.6906529744466,149.02966740926107,20.690000534057617,18.117210120383326
175,2021-03-12,JPM,156.86000061035156,157.6300048828125,155.07000732421875,144.4224853515625,12849500.0,4.0,4.057588235369877,145.87400838272384,131.73069132430743,67.08748452064873,109.22967918706632,40.78993313559632,134.52270100911457,127.12610689798991,20.690000534057617,18.117210120383326
175,2021-03-12,KO,50.59000015258789,50.68000030517578,50.20000076293945,46.71942138671875,17598600.0,4.0,0.23034521150317744,47.51597629196366,45.34651798599044,51.12344094494121,48.05975871144367,6.583851261959385,46.05955899556478,46.626784006754555,20.690000534057617,18.117210120383326
175,2021-03-12,MCD,212.0399932861328,214.24000549316406,211.4199981689453,200.9633331298828,2818200.0,4.0,0.01608213515774537,203.9734743799827,193.70306675771263,51.80485115370335,54.640714989725495,10.386106830170073,198.8447499593099,199.23798472086588,20.690000534057617,18.117210120383326
175,2021-03-12,MMM,185.61000061035156,186.2100067138672,184.27000427246094,166.04701232910156,2691600.0,4.0,2.1351679721282153,166.45734423099867,155.0580518871654,59.33704861340233,198.95513552358827,22.049515144223406,159.9672124226888,156.85669759114583,20.690000534057617,18.117210120383326
175,2021-03-12,MRK,70.63931274414062,71.45992279052734,70.60114288330078,65.77977752685547,11493940.0,4.0,-0.6461481087140157,66.59297692996078,62.996959135713055,45.90245356083565,-13.624119283514986,17.88098007744426,65.3710568745931,68.1472215016683,20.690000534057617,18.117210120383326
175,2021-03-12,MSFT,234.00999450683594,235.82000732421875,233.22999572753906,230.58009338378906,22653700.0,4.0,-0.00030242225309962123,241.09664402987497,218.92870692227345,53.76032118706661,-31.626908635436273,5.399080395141599,231.7940444946289,223.89622599283854,20.690000534057617,18.117210120383326
175,2021-03-12,NKE,140.0,140.91000366210938,138.60000610351562,136.8961181640625,4143200.0,4.0,-0.3950268685282765,141.4068685185869,127.14207557321002,53.16319324914491,28.747901874331713,11.083729759352975,135.05447743733723,136.03826738993328,20.690000534057617,18.117210120383326
175,2021-03-12,PG,127.6500015258789,128.82000732421875,127.6500015258789,120.4212646484375,6521900.0,4.0,-0.8228125023207156,122.48938047531485,115.0715074336207,46.90066386199082,39.47979703432753,2.1086716225672784,119.53131434122722,123.37602424621582,20.690000534057617,18.117210120383326
175,2021-03-12,TRV,157.0500030517578,159.0399932861328,155.97000122070312,148.81204223632812,1313300.0,4.0,3.1207003054528286,148.77769534609754,134.42476284482044,63.087756558126365,176.62186761440125,43.58076183812756,139.17626953125,135.55569928487142,20.690000534057617,18.117210120383326
175,2021-03-12,UNH,353.1700134277344,356.82000732421875,351.989990234375,343.8852844238281,2088700.0,4.0,4.377258069628624,344.4082224846302,303.194328784901,59.27202968705019,192.60850275114925,31.991506268549163,322.3343516031901,328.3546915690104,20.690000534057617,18.117210120383326
175,2021-03-12,V,225.27999877929688,226.5399932861328,223.4199981689453,220.3815155029297,8172400.0,4.0,4.237125433612221,222.8072452255164,198.97052424469842,58.86766740329362,152.36815032468155,29.18779783375437,207.42829081217448,205.90399805704752,20.690000534057617,18.117210120383326
175,2021-03-12,VZ,55.72999954223633,56.16999816894531,55.61000061035156,47.5068244934082,22002400.0,4.0,-0.048631063498660865,49.414259522517725,46.13739185992857,46.89303706194547,15.685459597977584,0.965455358669898,47.46099230448405,48.44275302886963,20.690000534057617,18.117210120383326
175,2021-03-12,WBA,51.4900016784668,53.439998626708984,51.349998474121094,47.226436614990234,7518700.0,4.0,0.7071235580210313,46.04052962409054,40.6962040032288,65.60163521832303,246.8720527639626,47.97605286797362,43.48180071512858,41.22309455871582,20.690000534057617,18.117210120383326
175,2021-03-12,WMT,132.52000427246094,134.52000427246094,132.0800018310547,128.5001678466797,9479200.0,4.0,-2.9114211849505836,140.03681140425687,116.97211117264744,44.184477202359446,-42.36649269410328,17.51215995480911,131.26330439249674,135.3607718149821,20.690000534057617,18.117210120383326
176,2021-03-15,AAPL,121.41000366210938,124.0,120.41999816894531,122.18103790283203,92403800.0,0.0,-2.72630292794976,130.97083558124788,113.80511809306853,47.84839107362368,-60.090709777137526,27.688621278214676,126.1070327758789,128.18838602701823,20.030000686645508,29.94080858024514
176,2021-03-15,AMGN,230.0,236.16000366210938,229.8000030517578,217.73199462890625,2911000.0,0.0,-0.9956190977647736,218.5927095277662,204.91148358746818,52.75657264904894,29.87675826771585,26.01539908828987,213.83199005126954,215.47430521647135,20.030000686645508,29.94080858024514
176,2021-03-15,AXP,148.0399932861328,148.9199981689453,146.02999877929688,141.84095764160156,2586300.0,0.0,5.528124475608649,148.4364154857284,121.80538444102943,64.11015475876619,103.19462110347528,38.809523066087394,130.29347432454426,123.07547950744629,20.030000686645508,29.94080858024514
176,2021-03-15,BA,274.1499938964844,278.57000732421875,264.3299865722656,265.6300048828125,34816700.0,0.0,11.924528057579465,262.30289928607544,192.92409961529174,65.7632944095573,269.6111605257852,58.29584555156602,221.18799896240233,215.8568328857422,20.030000686645508,29.94080858024514
176,2021-03-15,CAT,228.8699951171875,231.8000030517578,225.8300018310547,218.67294311523438,4215300.0,0.0,7.032044888744366,220.83551878556165,190.02018647566882,67.75150120422242,118.76832355957046,40.089130905010215,198.30333862304687,187.14801839192708,20.030000686645508,29.94080858024514
176,2021-03-15,CRM,211.85000610351562,212.94000244140625,209.5,212.8000030517578,5733700.0,0.0,-5.761804381028895,256.0998812346774,191.8731183380765,43.17694761156943,-87.8456466293917,31.203684347231654,228.26799977620442,225.3956657409668,20.030000686645508,29.94080858024514
176,2021-03-15,CSCO,48.900001525878906,49.439998626708984,48.900001525878906,45.5235710144043,15523600.0,0.0,0.6905573083910923,45.492902568634214,40.187414737884346,63.20503507719902,146.23561186554744,28.430466429663927,43.05222155253092,42.16527404785156,20.030000686645508,29.94080858024514
176,2021-03-15,CVX,111.52999877929688,111.91000366210938,108.88999938964844,99.70356750488281,10488000.0,0.0,4.651984060458403,104.45954466245146,82.62413453676729,67.9664464809696,106.9398520946633,43.39507832113153,89.1198356628418,84.24126281738282,20.030000686645508,29.94080858024514
176,2021-03-15,DIS,198.5399932861328,198.5399932861328,194.80999755859375,196.75999450683594,10311400.0,0.0,4.091330529426273,202.57042146156496,182.14657530357178,59.64475277419464,90.12730244528413,25.95819986397881,189.31133270263672,181.81499913533528,20.030000686645508,29.94080858024514
176,2021-03-15,GS,349.44000244140625,352.4200134277344,342.0,325.0685729980469,2276200.0,0.0,12.046777807806961,330.10131477907,285.0615361730785,69.2099533663812,125.87913181960887,32.469506942157636,297.09625244140625,277.1995669047038,20.030000686645508,29.94080858024514
176,2021-03-15,HD,274.5,279.6499938964844,274.3399963378906,262.31109619140625,4355200.0,0.0,-0.4525722691631415,268.681490276411,230.78367848579606,55.10877491020299,67.58201404117408,12.885305348198047,252.71771036783855,253.66325047810872,20.030000686645508,29.94080858024514
176,2021-03-15,HON,213.7100067138672,217.0,212.6999969482422,205.8667755126953,2561000.0,0.0,2.635027716920547,205.28160515803847,188.3190235040709,60.49583125533496,196.37812614294643,37.55105498420995,194.78380839029947,195.76553955078126,20.030000686645508,29.94080858024514
176,2021-03-15,IBM,122.15105438232422,123.08795166015625,121.93116760253906,108.8712158203125,3577948.0,0.0,1.3585536103958589,109.06787807839167,98.59013431174505,57.420053897667835,204.4492618334526,24.125845109735472,103.1446538289388,103.96757265726725,20.030000686645508,29.94080858024514
176,2021-03-15,INTC,63.61000061035156,63.880001068115234,62.47999954223633,58.9881706237793,21247400.0,0.0,1.1905326429182281,59.64367360655739,54.374837593393785,58.80431357451965,113.72467291214606,27.553148239163118,56.11751416524251,52.19872659047444,20.030000686645508,29.94080858024514
176,2021-03-15,JNJ,159.75,160.66000366210938,158.5,150.0952911376953,5524100.0,0.0,-0.6418762236931173,155.34981474447315,143.92601075601513,52.71995640472152,-40.28976057446796,15.648756197904223,150.63766225179037,149.19781926472982,20.030000686645508,29.94080858024514
176,2021-03-15,JPM,156.35000610351562,156.9199981689453,153.9600067138672,143.7010498046875,12101100.0,0.0,4.001397583552148,145.71985531454538,133.19079532022022,66.0780030831244,96.35817165170295,34.039936026240696,135.34585825602213,127.67966168721517,20.030000686645508,29.94080858024514
176,2021-03-15,KO,50.5,51.119998931884766,50.470001220703125,47.34098434448242,13411900.0,0.0,0.271667495947824,47.62259221248895,45.310262630650705,53.321245977567266,95.19818426905599,13.841011136391074,46.160910034179686,46.59020824432373,20.030000686645508,29.94080858024514
176,2021-03-15,MCD,213.64999389648438,220.5500030517578,213.5,208.6482696533203,5479700.0,0.0,0.8023147798449486,205.90916691570544,192.51202601642348,58.391700843080855,192.4229736246138,31.060132482654083,199.28297475179036,199.3470428466797,20.030000686645508,29.94080858024514
176,2021-03-15,MMM,186.02999877929688,189.6300048828125,185.7100067138672,170.1416015625,3300000.0,0.0,2.5659785451650237,168.31414712563952,154.16922689779796,62.68712883628986,239.26394216880308,32.28994086284653,160.42383524576823,157.09955571492512,20.030000686645508,29.94080858024514
176,2021-03-15,MRK,72.04198455810547,73.05343627929688,71.64122009277344,67.2170639038086,17999295.0,0.0,-0.4121590146325076,66.95568345319332,62.80030943621098,50.21162364348905,90.44998297836017,3.701357404742528,65.36609725952148,68.09506429036459,20.030000686645508,29.94080858024514
176,2021-03-15,MSFT,234.9600067138672,235.19000244140625,231.80999755859375,229.66070556640625,26034900.0,0.0,0.09372327336700437,239.77420606411303,219.31052904330883,53.15699994849991,-45.882191401430894,10.181054779627372,231.90433858235676,224.24135513305663,20.030000686645508,29.94080858024514
176,2021-03-15,NKE,140.6999969482422,145.0,140.6699981689453,141.27252197265625,5413900.0,0.0,0.21677353405274857,142.02655718004527,126.82535474622425,57.06180922866642,94.7205673245369,23.634870699821892,135.43204447428386,136.13302167256674,20.030000686645508,29.94080858024514
176,2021-03-15,PG,128.38999938964844,129.0399932861328,127.19000244140625,120.81597137451172,7172600.0,0.0,-0.6036368228563589,122.61154051054393,115.03768510591115,47.61599643578918,43.33148811710201,5.309818725892825,119.54227828979492,123.26214497884115,20.030000686645508,29.94080858024514
176,2021-03-15,TRV,155.97000122070312,157.5,155.60000610351562,148.87828063964844,873500.0,0.0,3.2681223917962825,149.75753492694724,134.59709458965432,63.136951996681546,154.60735571535406,41.06441659815656,139.86334686279298,135.88418108622233,20.030000686645508,29.94080858024514
176,2021-03-15,UNH,356.9200134277344,357.94000244140625,351.54998779296875,341.8182678222656,2343400.0,0.0,4.842146782815746,346.8416499481215,303.3497563018785,58.03271942568944,162.43180197825234,33.614579420986445,323.02597961425784,328.6028111775716,20.030000686645508,29.94080858024514
176,2021-03-15,V,224.22999572753906,227.08999633789062,221.74000549316406,219.31085205078125,9306100.0,0.0,4.276203371691594,223.81550275745673,199.26966569957455,58.05737730987254,133.87431501301037,23.03297151902234,208.4210210164388,206.15337905883788,20.030000686645508,29.94080858024514
176,2021-03-15,VZ,55.810001373291016,55.939998626708984,55.099998474121094,47.51536178588867,18970600.0,0.0,-0.06487381440951623,49.325708284566296,46.348915204813586,46.928371973702184,-8.650686973589906,9.047423592546117,47.48632698059082,48.38199729919434,20.030000686645508,29.94080858024514
176,2021-03-15,WBA,53.52000045776367,55.220001220703125,53.439998626708984,48.859519958496094,9191000.0,0.0,1.0410726063633007,47.21460370664186,39.9788384472888,68.39787122197097,314.8895821023119,55.61253965227196,43.63784650166829,41.43182029724121,20.030000686645508,29.94080858024514
176,2021-03-15,WMT,134.74000549316406,134.75,132.82000732421875,127.83904266357422,8357300.0,0.0,-2.5853584540783885,138.52200657721386,117.42917445305957,43.47041691931931,-38.254606192017015,15.986402354236375,131.03783162434897,135.16675669352213,20.030000686645508,29.94080858024514
177,2021-03-16,AAPL,125.69999694824219,127.22000122070312,124.72000122070312,123.73799133300781,115227900.0,1.0,-2.2904296823289485,129.55797851103878,114.46709167939089,49.13751307287594,-22.51599675423043,13.45575700012601,125.83210856119791,128.15472933451335,19.790000915527344,7.768559206112349
177,2021-03-16,AMGN,238.1199951171875,242.02000427246094,236.6199951171875,221.75518798828125,3386300.0,1.0,-0.17162560262710258,220.1801403945182,204.01427183692712,55.727396933055154,131.423574656303,38.75009836957163,213.88318939208983,215.68293991088868,19.790000915527344,7.768559206112349
177,2021-03-16,AXP,147.25,147.25999450683594,142.82000732421875,138.2801971435547,4031000.0,1.0,5.0485236642972495,148.40733248612153,123.0522584257437,60.387970791737054,75.16760205851936,24.29158577505386,131.1384656270345,123.47297960917155,19.790000915527344,7.768559206112349
177,2021-03-16,BA,263.2300109863281,264.1700134277344,254.02000427246094,255.2100067138672,28785800.0,1.0,12.21425649821336,265.92300604077195,193.10699426440382,61.55767346111389,182.30200413409992,40.32416691025663,223.16699930826823,216.3458330790202,19.790000915527344,7.768559206112349
177,2021-03-16,CAT,227.72000122070312,231.2100067138672,224.77000427246094,214.61680603027344,3539200.0,1.0,6.956679191497585,221.07990055190876,192.05787410629435,64.51817319114787,102.7385414849193,36.46931811353794,199.62190958658854,187.9047592163086,19.790000915527344,7.768559206112349
177,2021-03-16,CRM,214.83999633789062,216.69000244140625,213.47999572753906,214.47999572753906,5311000.0,1.0,-5.422016197891395,252.45730971473668,192.10468979698206,44.12824708326787,-66.58994102550548,21.01462227945868,227.8019994099935,225.243332417806,19.790000915527344,7.768559206112349
177,2021-03-16,CSCO,49.189998626708984,49.7400016784668,49.189998626708984,45.76311492919922,17282300.0,1.0,0.7960540616903842,45.94317291606941,40.028288570747,63.86258761676347,146.84713633360127,31.33272896181076,43.18335927327474,42.24680913289388,19.790000915527344,7.768559206112349
177,2021-03-16,CVX,108.52999877929688,108.87999725341797,107.08000183105469,97.34324645996094,11698400.0,1.0,4.329933644209987,104.3042192181445,84.09166014586917,63.89830597257139,78.92037719541034,31.27791153704721,89.79611460367839,84.54551633199056,19.790000915527344,7.768559206112349
177,2021-03-16,DIS,196.10000610351562,196.58999633789062,192.8800048828125,194.24000549316406,9680700.0,1.0,3.7722384237903555,202.59032262063684,182.91567408346472,57.92412200547719,59.40761061721067,19.97642569716736,190.08699951171874,182.16699930826823,19.790000915527344,7.768559206112349
177,2021-03-16,GS,345.2799987792969,346.8999938964844,337.75,320.9916687011719,2332600.0,1.0,11.648800406134171,331.04331099589405,287.02881424824653,66.89566138670206,100.51324033426307,23.805879820653345,299.227207438151,278.74786173502605,19.790000915527344,7.768559206112349
177,2021-03-16,HD,278.5400085449219,282.5199890136719,277.6499938964844,265.64483642578125,4458900.0,1.0,0.7742064163759892,270.08437031488967,230.17231761235644,56.65941230585405,87.31728459722876,17.775928935556955,253.14751180013022,253.88563791910806,19.790000915527344,7.768559206112349
177,2021-03-16,HON,216.36000061035156,216.47000122070312,211.41000366210938,201.68663024902344,2577700.0,1.0,2.591838780006185,205.77821565305536,188.70477995241342,56.34613500853242,144.3672616634156,31.44728014069943,195.32693990071616,195.80405349731444,19.790000915527344,7.768559206112349
177,2021-03-16,IBM,122.63862609863281,122.86807250976562,121.73995971679688,108.58332824707031,4867247.0,1.0,1.4831713787565661,109.71703868431689,98.6327415891206,56.96610030461648,172.1604863725313,22.515639973849474,103.40684051513672,104.02889747619629,19.790000915527344,7.768559206112349
177,2021-03-16,INTC,64.1500015258789,65.7300033569336,64.08000183105469,59.903648376464844,30186600.0,1.0,1.3106489138559425,60.03749320395207,54.19462959878231,59.93698391193343,166.73134114449064,36.88709207644357,56.377424494425455,52.41400903065999,19.790000915527344,7.768559206112349
177,2021-03-16,JNJ,160.4600067138672,161.67999267578125,160.24000549316406,150.984130859375,6369100.0,1.0,-0.42360373176447297,154.97337140332553,144.051978022944,53.81786888926414,-8.346682703054924,9.653481691266055,150.6273173014323,149.39473241170248,19.790000915527344,7.768559206112349
177,2021-03-16,JPM,154.08999633789062,154.60000610351562,152.19000244140625,141.9807586669922,12805600.0,1.0,3.774542394265694,145.6195305550186,134.11057961343843,63.71310057765372,72.65875878864459,23.91331078893821,136.0823839823405,128.19918823242188,19.790000915527344,7.768559206112349
177,2021-03-16,KO,51.20000076293945,51.52000045776367,51.040000915527344,47.517250061035156,14214200.0,1.0,0.3150076620502915,47.77172959737769,45.28775488443383,53.928992154794585,136.784617897497,19.88899902935924,46.258016459147136,46.5685307820638,19.790000915527344,7.768559206112349
177,2021-03-16,MCD,219.5800018310547,221.3000030517578,217.16000366210938,208.08041381835938,3583400.0,1.0,1.3638667877956152,207.18994395509665,191.8128194116026,57.78798435285162,206.1203865470833,33.023352084875626,199.69944915771484,199.4632548014323,19.790000915527344,7.768559206112349
177,2021-03-16,MMM,188.0,188.4600067138672,185.97999572753906,167.78005981445312,2264000.0,1.0,2.6858811789518313,169.22831953446556,154.17275315840553,59.75013042494136,183.18841419711623,32.289940862846514,160.83023935953776,157.29221903483074,19.790000915527344,7.768559206112349
177,2021-03-16,MRK,72.66221618652344,73.635498046875,72.65267181396484,67.7284927368164,15697887.0,1.0,-0.183339515330033,67.45722377087898,62.58152516100578,51.629891580367676,149.45310855529064,10.126232854090308,65.36973571777344,68.06090024312337,19.790000915527344,7.768559206112349
177,2021-03-16,MSFT,236.27999877929688,240.05999755859375,235.94000244140625,232.49710083007812,28092200.0,1.0,0.3925872066572538,238.8605606084394,219.693078612752,54.77672044045922,10.14315522773781,7.045108951333636,231.85904337565105,224.54999898274738,19.790000915527344,7.768559206112349
177,2021-03-16,NKE,145.8800048828125,146.14999389648438,143.83999633789062,140.98983764648438,5623000.0,1.0,0.6710836635135706,142.6004642918717,126.56602893322597,56.74618708536316,113.50627259533306,26.742919906089735,135.73144938151043,136.24008700052897,19.790000915527344,7.768559206112349
177,2021-03-16,PG,128.50999450683594,129.97999572753906,128.50999450683594,121.17308044433594,6485200.0,1.0,-0.3965516003515006,122.75655309448531,114.98852747192093,48.26826368932202,84.14610445065914,1.7112154154295365,119.54133885701498,123.14456481933594,19.790000915527344,7.768559206112349
177,2021-03-16,TRV,156.8699951171875,156.8699951171875,154.41000366210938,148.05506896972656,1049100.0,1.0,3.2807111593730838,150.47403468608653,134.81305180072988,62.07333710558358,130.88590464855486,33.04769359024038,140.46306966145832,136.19611956278484,19.790000915527344,7.768559206112349
177,2021-03-16,UNH,353.5299987792969,355.3599853515625,351.9100036621094,342.5137023925781,2904200.0,1.0,5.2066709337102,348.81510372547433,304.3831232032366,58.3359183303902,138.2870191529671,33.61457942098644,323.72731119791666,328.86781514485676,19.790000915527344,7.768559206112349
177,2021-03-16,V,223.7100067138672,225.5800018310547,222.3000030517578,220.71548461914062,8949300.0,1.0,4.370138788783123,224.78393989243077,199.95143761001063,58.82653281826272,126.19379618672585,23.03297151902234,209.29351857503255,206.42764155069986,19.790000915527344,7.768559206112349
177,2021-03-16,VZ,55.70000076293945,55.91999816894531,55.439998626708984,47.51536178588867,19044700.0,1.0,-0.07686031367688173,49.19898440062309,46.60288174927925,46.928371973702184,-1.9464204545318533,9.04742359254613,47.52504056294759,48.330254236857094,19.790000915527344,7.768559206112349
177,2021-03-16,WBA,55.0,56.119998931884766,54.52000045776367,48.55776596069336,7013100.0,1.0,1.2667779793837965,48.09957283421008,39.62941924647839,67.35134470559353,279.2725579973308,58.8752466665451,43.82544784545898,41.64855791727702,19.790000915527344,7.768559206112349
177,2021-03-16,WMT,132.82000732421875,134.27999877929688,132.82000732421875,127.80072784423828,6627000.0,1.0,-2.3034898789651095,136.4179011353105,118.35769166864459,43.42833992357133,-37.74949943204994,15.986402354236379,130.85004399617512,134.97449836730956,19.790000915527344,7.768559206112349
178,2021-03-17,AAPL,124.05000305175781,125.86000061035156,122.33999633789062,122.93980407714844,111932600.0,2.0,-1.9865048444059425,128.5437645408588,114.88217692642635,48.50169098279265,-37.64718009295789,20.46074116395311,125.50269927978516,128.09317487080892,19.229999542236328,14.876413776510724
178,2021-03-17,AMGN,240.30999755859375,245.89999389648438,239.22000122070312,225.39999389648438,3255500.0,2.0,0.7666629415411705,222.2935561027713,202.6999573859982,58.19132877949081,183.50020920461984,45.40165695006505,214.0540506998698,215.90957743326823,19.229999542236328,14.876413776510724
178,2021-03-17,AXP,144.75999450683594,144.82000732421875,141.89999389648438,139.61184692382812,3278500.0,2.0,4.721463482188511,148.02530239576706,124.98981677537556,61.25817582292801,65.06282826382528,20.43250938621342,131.90979766845703,123.8929941813151,19.229999542236328,14.876413776510724
178,2021-03-17,BA,254.6999969482422,263.6099853515625,253.67999267578125,263.5899963378906,23785500.0,2.0,12.970547109763572,270.7054698660636,193.1315296456552,63.49964452869297,171.07402069460926,39.76477476737765,225.25533243815104,217.05166625976562,19.229999542236328,14.876413776510724
178,2021-03-17,CAT,228.1300048828125,234.3000030517578,227.1300048828125,221.4118194580078,3518500.0,2.0,7.36040595066487,222.2398711355538,193.86705788055946,67.22853719780363,121.59706643553159,41.20355044372875,200.92121073404948,188.77993494669596,19.229999542236328,14.876413776510724
178,2021-03-17,CRM,213.52000427246094,214.80999755859375,210.86000061035156,213.1199951171875,5805100.0,2.0,-5.202501103690423,248.48464859534172,192.62335006188485,43.518123477516546,-71.01935468537877,25.344568452325074,227.09933268229167,225.02999903361004,19.229999542236328,14.876413776510724
178,2021-03-17,CSCO,49.61000061035156,49.61000061035156,48.88999938964844,45.53278350830078,18326900.0,2.0,0.8512623554949101,46.29294562692718,39.97058167104646,62.74719520755597,121.91747578594243,25.87627416617905,43.293613306681316,42.322982215881346,19.229999542236328,14.876413776510724
178,2021-03-17,CVX,107.20999908447266,108.55999755859375,106.5999984741211,97.69593048095703,9168600.0,2.0,4.056405306724898,104.32436881617708,85.16666893406706,64.22925969520924,72.50828875276504,28.20671510493386,90.46482874552409,84.85980936686198,19.229999542236328,14.876413776510724
178,2021-03-17,DIS,193.44000244140625,196.19000244140625,191.77999877929688,195.24000549316406,14418700.0,2.0,3.5590210940324027,202.6200680510015,183.76592895827582,58.416569985922386,52.30551525983478,16.602658209225392,190.696332804362,182.52849934895832,19.229999542236328,14.876413776510724
178,2021-03-17,GS,344.6199951171875,347.0299987792969,340.3999938964844,324.0352478027344,2710900.0,2.0,11.447037522257233,332.1615637739324,289.05121393602855,67.72903338001836,103.2726080424807,23.96847660584222,301.0778513590495,280.336590830485,19.229999542236328,14.876413776510724
178,2021-03-17,HD,281.1400146484375,283.8800048828125,279.25,263.71435546875,5908400.0,2.0,1.5725364621335416,270.23689716637267,230.10072642981874,55.51077450409727,85.11935246318438,20.049561003979047,253.44776458740233,254.00753275553384,19.229999542236328,14.876413776510724
178,2021-03-17,HON,213.5,214.42999267578125,211.94000244140625,202.8483123779297,2730200.0,2.0,2.621134469003067,206.23625740914144,189.39126944632733,57.1903474598814,129.62595542014736,31.447280140699434,195.76469828287762,195.83617502848307,19.229999542236328,14.876413776510724
178,2021-03-17,IBM,122.81070709228516,123.79541015625,121.88336181640625,109.25224304199219,4488804.0,2.0,1.6172648689046554,110.39854880900468,98.71835869221603,57.768617416427425,166.03872654735423,27.398353521558178,103.7219622294108,104.10137087504069,19.229999542236328,14.876413776510724
178,2021-03-17,INTC,64.22000122070312,66.29000091552734,63.709999084472656,60.8283576965332,32394700.0,2.0,1.4635869190250617,60.65868451896475,53.93685457405283,61.05584148227549,172.23864038250625,39.41291716173637,56.62802225748698,52.65190315246582,19.229999542236328,14.876413776510724
178,2021-03-17,JNJ,160.8300018310547,161.72999572753906,159.52999877929688,150.42276000976562,6001400.0,2.0,-0.2925468473816295,154.38622036067582,144.2776575079765,53.0135534047431,-17.749182647443813,13.00910024433401,150.64351298014324,149.52107518513998,19.229999542236328,14.876413776510724
178,2021-03-17,JPM,155.33999633789062,156.8800048828125,153.0500030517578,143.44212341308594,13952400.0,2.0,3.6703682240656406,145.63348628192034,135.02060002179059,64.81956503373169,87.88204924578302,31.08270924880447,136.74461034138997,128.75837567647298,19.229999542236328,14.876413776510724
178,2021-03-17,KO,51.25,51.619998931884766,51.150001525878906,47.53580093383789,17502700.0,2.0,0.3468536434418965,47.904114256518746,45.29673603950176,53.99420531871602,137.79249777316235,21.36411618177279,46.34102020263672,46.543942260742185,19.229999542236328,14.876413776510724
178,2021-03-17,MCD,224.55999755859375,224.89999389648438,220.00999450683594,212.10269165039062,5240600.0,2.0,2.1091520138130875,209.59916460115682,190.5360206405424,60.7607446976687,258.95295877690614,41.5621458834165,200.19262084960937,199.63944981892902,19.229999542236328,14.876413776510724
178,2021-03-17,MMM,187.3300018310547,189.99000549316406,187.0500030517578,169.08204650878906,2585100.0,2.0,2.853075842817759,170.28522431778478,154.16194822860191,60.79767222917608,187.14992894698466,36.55099093055478,161.27054290771486,157.48817647298176,19.229999542236328,14.876413776510724
178,2021-03-17,MRK,73.21565246582031,73.95037841796875,72.4904556274414,68.1605453491211,17533878.0,2.0,0.03249009582104634,67.91131796631986,62.34063515868015,52.80479688321746,173.76053079276068,13.464929124220431,65.3758305867513,68.03408279418946,19.229999542236328,14.876413776510724
178,2021-03-17,MSFT,236.14999389648438,238.5500030517578,233.22999572753906,231.84178161621094,29562100.0,2.0,0.5699897560587033,237.49662108612628,220.35671753692057,54.32774102595094,-11.36905503132613,2.063110554929008,231.79645690917968,224.84544423421224,19.229999542236328,14.876413776510724
178,2021-03-17,NKE,143.1999969482422,146.14999389648438,143.1999969482422,141.15553283691406,5134400.0,2.0,1.032594821005631,142.82560487734494,126.45026029599492,56.89077220574911,101.6442167629668,23.74669692800866,135.91057230631512,136.31489550272624,19.229999542236328,14.876413776510724
178,2021-03-17,PG,129.11000061035156,129.83999633789062,128.35000610351562,120.68438720703125,6192900.0,2.0,-0.268770312756871,122.75093535319625,114.99038315876665,47.432163109314565,73.25076958750375,0.4922593610251596,119.5297477722168,123.00358276367187,19.229999542236328,14.876413776510724
178,2021-03-17,TRV,157.14999389648438,158.17999267578125,155.5399932861328,149.42709350585938,1393800.0,2.0,3.3626363828997228,151.38726446082796,134.87255304405483,63.1438319807487,143.33852506156896,37.24448721530129,141.05771026611328,136.52167091369628,19.229999542236328,14.876413776510724
178,2021-03-17,UNH,355.1700134277344,358.07000732421875,351.8299865722656,340.1761779785156,2633100.0,2.0,5.246462313104416,350.1302456517275,305.62545198010844,56.906363652353065,126.0107241759383,37.723992287955774,324.1992940266927,329.0564829508464,19.229999542236328,14.876413776510724
178,2021-03-17,V,225.0500030517578,226.24000549316406,221.75999450683594,219.06529235839844,8675600.0,2.0,4.26229349318271,225.20500021113423,201.05387735234234,57.54404275207875,111.45098497282781,24.644636700555708,209.9720718383789,206.62683486938477,19.229999542236328,14.876413776510724
178,2021-03-17,VZ,55.77000045776367,56.119998931884766,55.290000915527344,47.60930633544922,17867000.0,2.0,-0.07788139246925851,49.09982130239044,46.596151903175965,47.34096641402887,-0.7007977014384364,5.200314367804496,47.56062329610189,48.27866872151693,19.229999542236328,14.876413776510724
178,2021-03-17,WBA,54.5,54.5,52.72999954223633,48.016361236572266,5762500.0,2.0,1.385987476214872,48.7061417945186,39.46733461539351,65.49146597186831,183.63908843956116,37.402484707560035,44.006431579589844,41.84982484181722,19.229999542236328,14.876413776510724
178,2021-03-17,WMT,132.5,133.13999938964844,131.97999572753906,126.73724365234375,8052100.0,2.0,-2.1412384251219123,133.02033072254235,120.32577752330728,42.25396728591667,-46.88820587926359,20.30484878973219,130.57890243530272,134.75381660461426,19.229999542236328,14.876413776510724
179,2021-03-18,AAPL,122.87999725341797,123.18000030517578,120.31999969482422,118.7715072631836,121229700.0,3.0,-2.0582625680086863,127.56735567266986,114.95397764031841,45.33276733680384,-70.72150485534361,25.902146722329423,125.068785349528,127.99560228983562,21.579999923706055,38.91951225903155
179,2021-03-18,AMGN,240.5,247.13999938964844,240.5,225.53843688964844,3063100.0,3.0,1.504096279685598,224.43020624987346,201.6604553712203,58.28255740694111,181.12337401799962,47.35479780100759,214.3336385091146,216.18050308227538,21.579999923706055,38.91951225903155
179,2021-03-18,AXP,145.49000549316406,145.5,142.07000732421875,137.58541870117188,3173600.0,3.0,4.249761504288159,147.0850872677084,127.28967316930334,59.21051601619131,57.42339947764013,22.337645305609875,132.6219451904297,124.30279426574707,21.579999923706055,38.91951225903155
179,2021-03-18,BA,261.32000732421875,267.3699951171875,254.72999572753906,256.05999755859375,24595500.0,3.0,12.814586323202121,272.86744616624446,195.72755352857973,60.651579576410946,146.8277074643668,42.47556069804991,226.8776657104492,217.65683288574218,21.579999923706055,38.91951225903155
179,2021-03-18,CAT,234.0,237.77999877929688,229.74000549316406,218.61605834960938,4336200.0,3.0,7.369813141357724,221.47145480018042,197.55060330528835,65.1115762084045,123.7034434216552,46.04404643095461,202.16048940022787,189.58039118448895,21.579999923706055,38.91951225903155
179,2021-03-18,CRM,210.6999969482422,211.3800048828125,208.39999389648438,209.47999572753906,5580100.0,3.0,-5.261598903092505,244.04994355819045,193.30505522110641,41.913615995745495,-80.52487593463523,29.238024304322828,226.25466562906902,224.730832417806,21.579999923706055,38.91951225903155
179,2021-03-18,CSCO,48.52000045776367,49.56999969482422,48.52000045776367,44.9615478515625,18416900.0,3.0,0.8392470648555701,46.501422690589834,39.988754845420914,60.05613193821536,96.30420253167216,19.33946658150309,43.38666877746582,42.38019065856933,21.579999923706055,38.91951225903155
179,2021-03-18,CVX,107.01000213623047,107.52999877929688,103.70999908447266,94.15995788574219,13246600.0,3.0,3.513803749171302,103.7999077685367,86.5158881299008,58.65260963445635,44.30490350796696,11.429049513784658,90.95920054117839,85.13330167134603,21.579999923706055,38.91951225903155
179,2021-03-18,DIS,194.9499969482422,195.0800018310547,191.74000549316406,192.27999877929688,9644500.0,3.0,3.115285942898936,201.7973621005202,185.51663478668686,56.39547203114763,28.608227946525478,16.475363897663588,191.22466634114582,182.85166600545247,21.579999923706055,38.91951225903155
179,2021-03-18,GS,350.75,356.8500061035156,346.989990234375,326.90032958984375,3713000.0,3.0,11.387064151556046,332.86166125549715,292.04401806579193,68.50122196811071,125.58224412623554,35.14375037322928,302.97471822102864,282.0089393615723,21.579999923706055,38.91951225903155
179,2021-03-18,HD,279.0299987792969,285.4700012207031,277.760009765625,266.6619567871094,4808100.0,3.0,2.415224364267033,270.611055058156,229.90292962201977,56.89117067363573,88.02109404859098,22.72012782816454,253.783566792806,254.23345921834309,21.579999923706055,38.91951225903155
179,2021-03-18,HON,213.5,219.0,213.17999267578125,204.7432098388672,4293900.0,3.0,2.765376365026924,207.03979866103202,189.76816947861641,58.54318802311981,159.57205104210917,41.88650826120179,196.2965881347656,195.9298983256022,21.579999923706055,38.91951225903155
179,2021-03-18,IBM,123.26959991455078,125.23900604248047,122.17017364501953,110.12437438964844,6104142.0,3.0,1.7734652337179995,111.18441423817193,98.7224850233027,58.80477271832204,167.5802687696152,34.28895324402041,104.07506663004557,104.18420193990072,21.579999923706055,38.91951225903155
179,2021-03-18,INTC,65.62999725341797,65.69999694824219,63.650001525878906,58.932682037353516,30094200.0,3.0,1.4155090993338248,60.83027882641908,53.9613009923065,57.64193388652539,129.93920279054288,38.77683502271583,56.82523511250814,52.907070604960126,21.579999923706055,38.91951225903155
179,2021-03-18,JNJ,160.2100067138672,161.49000549316406,159.9600067138672,150.14207458496094,4801800.0,3.0,-0.20892394510167378,153.68404665835067,144.58284939877825,52.60688932149877,-18.956701611925038,13.009100244334023,150.67359771728516,149.62894719441732,21.579999923706055,38.91951225903155
179,2021-03-18,JPM,157.60000610351562,161.69000244140625,157.11000061035156,145.809814453125,21898500.0,3.0,3.735798364862859,146.02339148348975,135.7461184042056,66.5300989733125,130.6876417893517,43.160745799602736,137.43859049479167,129.36605428059895,21.579999923706055,38.91951225903155
179,2021-03-18,KO,51.060001373291016,51.189998626708984,50.4900016784668,46.91423416137695,18007300.0,3.0,0.31826777643340165,47.9210564268665,45.300118576185255,51.46898175126823,59.26897856847596,7.410258919250515,46.409131876627605,46.50178731282552,21.579999923706055,38.91951225903155
179,2021-03-18,MCD,223.67999267578125,225.35000610351562,221.41000366210938,210.95751953125,3254600.0,3.0,2.577676258153872,211.14621292495335,189.82063125229277,59.526068806594395,233.62706439983467,42.54099956586189,200.6805425008138,199.78354670206707,21.579999923706055,38.91951225903155
179,2021-03-18,MMM,188.60000610351562,192.08999633789062,188.60000610351562,171.50645446777344,3050500.0,3.0,3.144955193368844,171.78454680429834,153.70692505849465,62.669201309072925,199.4366478868843,41.9141853620688,161.77800394694012,157.7279541015625,21.579999923706055,38.91951225903155
179,2021-03-18,MRK,73.72137451171875,74.60877990722656,73.67366027832031,68.13408660888672,14274179.0,3.0,0.19910644327603677,68.31594089369325,62.157934533552854,52.723665816573984,219.9635250282527,20.099352416949607,65.394154103597,68.01104927062988,21.579999923706055,38.91951225903155
179,2021-03-18,MSFT,232.55999755859375,234.19000244140625,230.3300018310547,225.66043090820312,34833000.0,3.0,0.2093855459075371,235.69704630910377,220.87795674265402,50.30437195096725,-71.9120883157632,10.75001828782726,231.4143056233724,225.0513656616211,21.579999923706055,38.91951225903155
179,2021-03-18,NKE,144.3699951171875,146.66000366210938,142.5500030517578,139.5472869873047,10188400.0,3.0,1.175769479801147,142.509032614718,126.60838224123901,55.043334791203144,84.18091220976733,20.65019145300301,136.0672139485677,136.41510276794435,21.579999923706055,38.91951225903155
179,2021-03-18,PG,128.2100067138672,129.0399932861328,127.04000091552734,120.9475326538086,6871300.0,3.0,-0.1446021992260711,122.60524413084275,115.05807297731155,47.93453964669563,44.71952836365928,9.048387384229718,119.52191619873047,122.85468737284343,21.579999923706055,38.91951225903155
179,2021-03-18,TRV,159.8000030517578,161.19000244140625,156.35000610351562,148.39573669433594,2301300.0,3.0,3.3062286912062007,151.9354316278942,135.2655022099964,61.78766836713048,146.25388331587467,45.61734294644031,141.65467224121093,136.81701571146647,21.579999923706055,38.91951225903155
179,2021-03-18,UNH,352.8699951171875,364.32000732421875,352.3399963378906,349.7096862792969,3311600.0,3.0,5.978356935619729,353.1039450850871,306.0133827957723,60.94438038866415,144.77502991811457,45.96949260163249,325.01568806966145,329.45682017008465,21.579999923706055,38.91951225903155
179,2021-03-18,V,221.42999267578125,222.52000427246094,219.5800018310547,216.74716186523438,9321800.0,3.0,3.944304079873774,225.32361026172364,202.04621548290524,55.7769390943642,74.83607465272847,16.063622692537706,210.61421813964844,206.78526763916017,21.579999923706055,38.91951225903155
179,2021-03-18,VZ,55.75,56.369998931884766,55.65999984741211,48.087528228759766,19970700.0,3.0,-0.03964509071807498,49.018133734085936,46.62062282719336,49.41201123410218,32.752340817284484,0.4644050662057373,47.60389175415039,48.22871653238932,21.579999923706055,38.91951225903155
179,2021-03-18,WBA,53.63999938964844,53.939998626708984,52.540000915527344,46.7737922668457,4781100.0,3.0,1.3644681900933477,49.01332476144474,39.495645499175374,61.4618321799922,135.9748512624133,35.32720006194023,44.13251558939616,42.0331662495931,21.579999923706055,38.91951225903155
179,2021-03-18,WMT,131.16000366210938,131.9499969482422,129.92999267578125,125.08244323730469,9938500.0,3.0,-2.121723633423116,132.21464379705446,120.45052420221309,40.491448138397615,-62.89184098043729,29.727943184166822,130.23886744181314,134.5079502105713,21.579999923706055,38.91951225903155
180,2021-03-19,AAPL,119.9000015258789,121.43000030517578,119.68000030517578,118.23938751220703,185549500.0,4.0,-2.133475322270968,126.3601573595689,115.18758968022603,44.944965425564504,-79.97230187943326,27.58010083494139,124.5039805094401,127.8634147644043,20.950000762939453,64.40660144707898
180,2021-03-19,AMGN,245.74000549316406,247.39999389648438,241.6300048828125,226.94100952148438,12589900.0,4.0,2.1766028795784678,226.67693910851014,200.7286395047711,59.21525354751275,178.28809805812557,47.77354212352634,214.65570475260418,216.49281845092773,20.950000762939453,64.40660144707898
180,2021-03-19,AXP,141.89999389648438,141.94000244140625,139.74000549316406,135.78094482421875,5098300.0,4.0,3.6878174629934506,146.3479496158858,128.89528311116499,57.44177507571452,29.377149031447868,12.473567325187798,133.1304847717285,124.70014902750651,20.950000762939453,64.40660144707898
180,2021-03-19,BA,257.75,258.8800048828125,251.30999755859375,255.82000732421875,17330800.0,4.0,12.527215131863954,275.0745612603812,197.3554390447946,60.5620222984393,114.7876495746326,36.50264549401182,228.3836659749349,218.2653330485026,20.950000762939453,64.40660144707898
180,2021-03-19,CAT,228.75,229.64999389648438,224.0500030517578,213.50794982910156,7485100.0,4.0,6.885712532528345,221.22247321173592,199.25714867547111,61.454005734744726,80.74853933692636,27.672949372937545,203.22318013509116,190.30828145345052,20.950000762939453,64.40660144707898
180,2021-03-19,CRM,209.80999755859375,212.75,209.07000732421875,212.1999969482422,7088400.0,4.0,-5.030959202361771,238.7882984740492,195.1307002442125,43.52326870344102,-68.31394102674776,25.34638934923817,225.39533233642578,224.49299901326498,20.950000762939453,64.40660144707898
180,2021-03-19,CSCO,48.709999084472656,49.220001220703125,48.31999969482422,45.12739181518555,65366800.0,4.0,0.833499024388928,46.709200380784125,40.08502035285845,60.56409140577797,83.07029973580225,15.862818060077382,43.43979949951172,42.44869321187337,20.950000762939453,64.40660144707898
180,2021-03-19,CVX,103.94000244140625,104.88999938964844,102.73999786376953,93.4907455444336,18491000.0,4.0,2.99526076090757,103.21331282190403,87.78797349401395,57.672249426566054,26.1030630060578,6.431807040611935,91.43007634480794,85.41198895772298,20.950000762939453,64.40660144707898
180,2021-03-19,DIS,190.9199981689453,194.0,189.75999450683594,191.13999938964844,28354600.0,4.0,2.641188241350676,200.808415535233,187.25458190129046,55.628666671610546,2.2877692996855035,10.11348692257693,191.5883331298828,183.19249928792317,20.950000762939453,64.40660144707898
180,2021-03-19,GS,346.4200134277344,347.239990234375,340.6300048828125,323.3307800292969,3513000.0,4.0,10.925558962825676,333.12502402752165,294.58138466388465,66.4518621830805,91.27842528792088,22.661816685566517,304.5904144287109,283.3902114868164,20.950000762939453,64.40660144707898
180,2021-03-19,HD,283.6400146484375,289.1000061035156,282.42999267578125,272.255859375,13729200.0,4.0,3.49416324771596,272.86156772663014,228.70729671428788,59.366336466403276,116.64534519696667,28.54504467450891,254.16077321370443,254.54419377644857,20.950000762939453,64.40660144707898
180,2021-03-19,HON,215.3699951171875,215.58999633789062,212.1699981689453,202.73403930664062,10110800.0,4.0,2.686596424981701,207.3370435584916,190.44665547715294,56.58192004697396,111.50928464814854,36.95929871105803,196.71568552652994,195.98033930460613,20.950000762939453,64.40660144707898
180,2021-03-19,IBM,124.3021011352539,124.7036361694336,122.87763214111328,109.14216613769531,10297870.0,4.0,1.797281211877845,111.54226451459702,99.20373310503187,57.17056602741048,141.33600299338792,34.28895324402039,104.34251276652019,104.28492062886556,20.950000762939453,64.40660144707898
180,2021-03-19,INTC,63.18000030517578,64.98999786376953,62.91999816894531,58.96042251586914,54951700.0,4.0,1.363923049721322,60.91561957716297,53.94531448960949,57.677757252178466,102.77874556448434,31.00281273829913,56.97843106587728,53.179551442464195,20.950000762939453,64.40660144707898
180,2021-03-19,JNJ,160.69000244140625,161.5,159.47000122070312,149.73973083496094,14891500.0,4.0,-0.1731223242828719,153.46200162747647,144.6243173422501,52.015218727286744,-25.76972914373992,15.484600081435634,150.6440892537435,149.75320409138996,20.950000762939453,64.40660144707898
180,2021-03-19,JPM,155.50999450683594,155.94000244140625,151.19000244140625,143.48831176757812,54418800.0,4.0,3.5592969975251663,146.11692685752283,136.31110658974282,63.403232693988436,66.94953322549837,16.336649097406543,137.95930658976238,129.8666291554769,20.950000762939453,64.40660144707898
180,2021-03-19,KO,50.459999084472656,51.08000183105469,50.16999816894531,47.136878967285156,67845700.0,4.0,0.31000529789311315,47.97003787863385,45.35444980752337,52.29570134388502,44.812496478152646,1.3695737570874122,46.477304712931314,46.47760378519694,20.950000762939453,64.40660144707898
180,2021-03-19,MCD,222.75999450683594,225.17999267578125,221.0,210.5221710205078,7719400.0,4.0,2.8806497734254037,212.5823881322047,189.4726426905492,59.05414722745545,198.56203926389395,40.25296434576284,201.08120981852213,199.97384719848634,20.950000762939453,64.40660144707898
180,2021-03-19,MMM,190.60000610351562,191.0,188.69000244140625,169.4502410888672,6678900.0,4.0,3.1737672333081832,172.57388957965446,154.010380134701,60.149759368338216,158.1233369012279,41.9141853620688,162.16883188883463,157.94474283854166,20.950000762939453,64.40660144707898
180,2021-03-19,MRK,73.71183013916016,74.66603088378906,72.53816986083984,68.34571838378906,58225203.0,4.0,0.34425960417142676,68.77951067849031,62.03359891013273,53.3171459390831,184.4473596720604,5.226552653614734,65.45711797078451,67.99503911336264,20.950000762939453,64.40660144707898
180,2021-03-19,MSFT,231.02000427246094,232.47000122070312,229.35000610351562,225.2985382080078,46430700.0,4.0,-0.10439421358151435,234.41072544571009,221.12556758407507,50.07975109233162,-82.23565586055285,13.520917752883072,231.0522928873698,225.1862009684245,20.950000762939453,64.40660144707898
180,2021-03-19,NKE,140.0,142.86000061035156,135.50999450683594,134.0110321044922,24980400.0,4.0,0.8329057092336711,142.122592341115,126.58137189228344,49.337820935712486,-17.693050154163316,6.451803477114429,135.9744654337565,136.31377042134602,20.950000762939453,64.40660144707898
180,2021-03-19,PG,129.10000610351562,129.74000549316406,127.9000015258789,120.2990951538086,20262100.0,4.0,-0.09739880886175456,122.69474531508156,115.052209793561,46.794552230734695,60.567153867765356,3.438872838369584,119.48996429443359,122.71864903767904,20.950000762939453,64.40660144707898
180,2021-03-19,TRV,156.25,156.25,148.8800048828125,141.27066040039062,4099200.0,4.0,2.6559746564169586,151.67998103125979,135.91706944481444,53.56576611762617,23.732907533155018,7.550256384597094,141.84882049560548,137.0047451019287,20.950000762939453,64.40660144707898
180,2021-03-19,UNH,361.9200134277344,370.4599914550781,359.010009765625,353.1194152832031,8572900.0,4.0,6.755650398749708,355.92257013481424,307.26599798042014,62.253041821628315,157.61059854200224,52.56497158965783,326.22069396972654,329.95088246663414,20.950000762939453,64.40660144707898
180,2021-03-19,V,219.1199951171875,220.1699981689453,206.8800048828125,203.23109436035156,32209700.0,4.0,2.57201292569664,224.9750951223662,202.60787759491893,47.060248999043885,-37.186207630951685,18.764111863092808,210.54789276123046,206.75602798461915,20.950000762939453,64.40660144707898
180,2021-03-19,VZ,56.43000030517578,56.52000045776367,55.95000076293945,48.02775573730469,39055000.0,4.0,-0.014004254297255159,48.99960189042065,46.621222160482674,49.16201042821575,42.43150254309177,2.35498887624822,47.63520431518555,48.19142793019613,20.950000762939453,64.40660144707898
180,2021-03-19,WBA,53.0099983215332,53.59000015258789,52.38999938964844,46.63179016113281,11364500.0,4.0,1.3207310521909292,49.27142475872161,39.56416369647859,61.017982156822136,114.33494533231048,33.62395817231619,44.2430233001709,42.214434178670246,20.950000762939453,64.40660144707898
180,2021-03-19,WMT,130.1300048828125,132.5,129.89999389648438,126.74687194824219,19234500.0,4.0,-1.9494801400980322,131.15748621010627,120.92803701377068,42.9667999176489,-51.00117032341759,25.473071574077938,129.91183802286784,134.28950436909994,20.950000762939453,64.40660144707898
181,2021-03-22,AAPL,120.33000183105469,123.87000274658203,120.26000213623047,121.58979797363281,111912300.0,0.0,-1.9008203741602188,126.01750138576485,115.27305418674491,47.850713624437624,-48.61931910462176,16.800707387940466,124.06481679280598,127.7272112528483,18.8799991607666,14.867564869863566
181,2021-03-22,AMGN,242.36000061035156,249.77000427246094,242.36000061035156,230.4013214111328,2059800.0,0.0,2.954727199699221,229.5118412410359,199.57498584636645,61.41682894106996,190.7117200985788,51.530276163139774,215.12059173583984,216.95928421020508,18.8799991607666,14.867564869863566
181,2021-03-22,AXP,139.49000549316406,140.99000549316406,138.80999755859375,135.04754638671875,2274100.0,0.0,3.1470167864748646,146.10147302950134,129.52774755155338,56.7292744509084,17.075190313211337,8.732880412840194,133.57018915812174,125.11509005228679,18.8799991607666,14.867564869863566
181,2021-03-22,BA,255.82000732421875,257.6700134277344,250.16000366210938,251.22999572753906,15230000.0,0.0,11.79315170493382,275.91359514316747,200.35140424648097,58.84294025378365,94.88160292844917,34.47624673159779,229.82699940999348,218.8061663309733,18.8799991607666,14.867564869863566
181,2021-03-22,CAT,226.6199951171875,227.17999267578125,223.57000732421875,214.1997528076172,2211600.0,0.0,6.483148332642969,221.5995865779114,199.6344023747253,61.75499759820495,73.35523501863172,26.240958882969394,204.2662831624349,191.10394897460938,18.8799991607666,14.867564869863566
181,2021-03-22,CRM,211.47999572753906,216.97999572753906,211.3699951171875,215.1699981689453,5002500.0,0.0,-4.556002539427055,234.35224485524893,196.9887539850831,45.23743292704875,-49.989170342624554,14.014876112067496,224.60466562906902,224.2263323465983,18.8799991607666,14.867564869863566
181,2021-03-22,CSCO,48.939998626708984,50.380001068115234,48.939998626708984,46.34356689453125,28813900.0,0.0,0.9165138249467546,47.0979679327767,40.144947029991854,64.03380132649043,124.22224719892017,28.734768793687042,43.50797882080078,42.54035962422689,18.8799991607666,14.867564869863566
181,2021-03-22,CVX,103.05999755859375,104.5,102.30999755859375,92.7311019897461,12508500.0,0.0,2.494262514903582,102.89906692309178,88.47752075391018,56.562070932464245,16.58866896832462,4.217025730170916,91.86790186564127,85.70372695922852,18.8799991607666,14.867564869863566
181,2021-03-22,DIS,193.25999450683594,196.3300018310547,192.0,192.86000061035156,8838500.0,0.0,2.3768532364746022,200.80338321804072,187.3696148288343,56.550750854792035,31.529544012227806,15.892308203458889,191.97833302815755,183.56599934895834,18.8799991607666,14.867564869863566
181,2021-03-22,GS,341.05999755859375,342.8800048828125,336.0,318.7559509277344,2094500.0,0.0,10.074529397025401,332.5105607841688,297.4221296455187,63.91662586677575,66.59705796587436,14.436731953715725,306.06141357421876,284.8026845296224,18.8799991607666,14.867564869863566
181,2021-03-22,HD,286.5,290.3299865722656,284.20001220703125,272.105224609375,5564700.0,0.0,4.287649762018191,275.3479918878906,227.6153854924805,59.2715343988639,118.20494729054859,30.443991010388398,254.5317123413086,254.8672358194987,18.8799991607666,14.867564869863566
181,2021-03-22,HON,211.11000061035156,212.67999267578125,209.52999877929688,201.99134826660156,3306500.0,0.0,2.5350117573649698,207.41897513679265,191.26049874016047,55.86623065500765,70.02326042899017,24.845475019694916,197.0363972981771,196.06137822469074,18.8799991607666,14.867564869863566
181,2021-03-22,IBM,122.84894561767578,124.97132110595703,122.26577758789062,110.53926086425781,4356485.0,0.0,1.9069077688299814,112.18843670927853,99.37803286469608,58.85314920298913,133.41613829830828,28.387444443395637,104.63508275349935,104.4058603922526,18.8799991607666,14.867564869863566
181,2021-03-22,INTC,64.81999969482422,66.37999725341797,64.55999755859375,60.68965530395508,34380100.0,0.0,1.4459078423825318,61.37468061496334,53.9412178988306,59.86652555857252,163.36769287168707,38.06469585924647,57.20807100931803,53.48376356760661,18.8799991607666,14.867564869863566
181,2021-03-22,JNJ,158.30999755859375,160.64999389648438,158.0,150.17015075683594,7544100.0,0.0,-0.10876422503841354,153.28658986301912,144.67154917506684,52.60513049100946,-38.807386852879375,22.552299177934923,150.55268096923828,149.88928400675456,18.8799991607666,14.867564869863566
181,2021-03-22,JPM,152.8000030517578,153.97000122070312,150.61000061035156,139.6315155029297,19944800.0,0.0,3.072786002031904,146.04188869690645,136.53042728209746,58.66465076997474,33.96198014263931,14.09767314162245,138.3597869873047,130.3316972096761,18.8799991607666,14.867564869863566
181,2021-03-22,KO,50.31999969482422,51.08000183105469,50.31999969482422,47.313148498535156,17911400.0,0.0,0.3140604092459611,48.0376524102398,45.3599321234516,52.95209899423972,56.67295333608318,1.3695737570874107,46.531725565592446,46.457124900817874,18.8799991607666,14.867564869863566
181,2021-03-22,MCD,223.38999938964844,226.91000366210938,222.64999389648438,213.0112762451172,4220700.0,0.0,3.283755368567938,214.40527505687982,189.0037840861866,60.88815183633118,203.16287873737014,44.28669286348417,201.51624806722006,200.20171305338542,18.8799991607666,14.867564869863566
181,2021-03-22,MMM,188.25999450683594,189.75999450683594,187.00999450683594,170.1326446533203,2605300.0,0.0,3.214609232894418,173.32083865903888,154.46218136049237,60.692290045912955,129.00333552892513,31.734822150846043,162.52570546468098,158.18596700032552,18.8799991607666,14.867564869863566
181,2021-03-22,MRK,72.3282470703125,74.42748260498047,72.08015441894531,68.34571838378906,11352879.0,0.0,0.454060404255614,69.16961649914498,61.92853413562066,53.3171459390831,156.4950812991062,0.1073599945087704,65.52678298950195,67.97713534037273,18.8799991607666,14.867564869863566
181,2021-03-22,MSFT,230.27000427246094,236.89999389648438,230.13999938964844,230.8148651123047,30127000.0,0.0,0.09100549102004152,234.58720226461384,221.09384937112833,53.36345612930581,-26.833844567089,1.288052924776973,230.86797790527345,225.39101893107096,18.8799991607666,14.867564869863566
181,2021-03-22,NKE,137.6300048828125,138.80999755859375,136.02999877929688,134.77127075195312,7537300.0,0.0,0.6154342630397025,142.18719833102224,126.69974319729809,50.0729824681115,-31.879813748733664,6.4518034771144315,135.76180013020834,136.25056139628092,18.8799991607666,14.867564869863566
181,2021-03-22,PG,128.00999450683594,130.88999938964844,128.00999450683594,122.33837890625,8077600.0,0.0,0.10337176850006813,123.16667202255518,114.91859790542334,50.615531436654685,113.53584089991546,5.1311736293293135,119.50907236735026,122.63169987996419,18.8799991607666,14.867564869863566
181,2021-03-22,TRV,149.14999389648438,149.52000427246094,146.75999450683594,139.65261840820312,1381800.0,0.0,1.9871742747247936,151.64598443469768,136.00093023815387,51.94203907756231,-45.14485107761031,0.35259037026196843,141.96048940022786,137.19170010884602,18.8799991607666,14.867564869863566
181,2021-03-22,UNH,365.0,368.5799865722656,360.1099853515625,354.3558044433594,3505200.0,0.0,7.386282869547699,358.63201697031036,308.4569051488303,62.7215958389302,141.41995770228914,52.56497158965784,327.62123311360676,330.48271484375,18.8799991607666,14.867564869863566
181,2021-03-22,V,206.5500030517578,212.2899932861328,206.22999572753906,204.3115997314453,11371600.0,0.0,1.5537395105659755,225.01436445034392,202.53717210971467,47.73571236259648,-66.24092468798425,20.076264717102323,210.5332758585612,206.79661254882814,18.8799991607666,14.867564869863566
181,2021-03-22,VZ,55.869998931884766,56.66999816894531,55.77000045776367,48.32664108276367,20656600.0,0.0,0.0300870183687465,49.015139482298245,46.617640592775,50.45860334021378,48.38531623678563,1.2016083125334365,47.6713560740153,48.16616185506185,18.8799991607666,14.867564869863566
181,2021-03-22,WBA,52.58000183105469,53.13999938964844,52.0099983215332,47.137691497802734,3322700.0,0.0,1.3117697994696371,49.57955855343301,39.63323823001425,62.028587967786784,99.67727827671919,29.219699712976965,44.35456911722819,42.424647649129234,18.8799991607666,14.867564869863566
181,2021-03-22,WMT,131.0,132.4499969482422,130.99000549316406,127.35299682617188,8218000.0,0.0,-1.743963394209615,130.17659405096316,121.45217410699581,43.84673917437395,-41.31390713927868,25.47307157407794,129.54656855265299,134.10942471822102,18.8799991607666,14.867564869863566
182,2021-03-23,AAPL,123.33000183105469,124.23999786376953,122.13999938964844,120.75218200683594,95467100.0,1.0,-1.7636974534856193,125.61468422394225,115.34871299285462,47.20634922124052,-38.407935006097986,15.222664778278636,123.59280395507812,127.59213409423828,20.299999237060547,21.935071122559822
182,2021-03-23,AMGN,249.99000549316406,250.0,244.89999389648438,226.11053466796875,2604700.0,1.0,3.188411673846815,230.96058739859143,199.28705817025622,57.43950104291781,168.10643372597949,51.889276604225365,215.40428822835287,217.32446924845377,20.299999237060547,21.935071122559822
182,2021-03-23,AXP,138.94000244140625,139.5,135.1300048828125,131.31312561035156,4905400.0,1.0,2.389546601498239,146.18689490280408,129.35933465041856,53.25003873823027,-19.02556908261387,4.676937301391507,133.8304094950358,125.42932688395182,20.299999237060547,21.935071122559822
182,2021-03-23,BA,249.25999450683594,251.3000030517578,239.42999267578125,241.25,21358200.0,1.0,10.28751087987223,275.3391375981551,203.83886227977456,55.31150276612527,52.760193064049545,17.13296401967753,230.8036661783854,219.16549962361654,20.299999237060547,21.935071122559822
182,2021-03-23,CAT,222.05999755859375,225.24000549316406,216.64999389648438,206.83615112304688,4017600.0,1.0,5.506457177466302,221.60658613268964,199.4444972413338,56.86559075314077,31.100289823069858,7.635878022098417,204.92335815429686,191.74798049926758,20.299999237060547,21.935071122559822
182,2021-03-23,CRM,214.75999450683594,217.42999267578125,214.3300018310547,215.0,4578000.0,1.0,-4.145526346451874,230.78359367760572,198.49340522376144,45.15627856097983,-41.981781117836874,12.854686384255881,223.80699920654297,224.01916580200196,20.299999237060547,21.935071122559822
182,2021-03-23,CSCO,50.02000045776367,50.68000030517578,49.900001525878906,46.07637023925781,28328200.0,1.0,0.9497944759608785,47.37444033463908,40.28307843367147,62.778436415244485,134.17643861256312,31.62657800919444,43.54083989461263,42.632294527689616,20.299999237060547,21.935071122559822
182,2021-03-23,CVX,101.44999694824219,104.30000305175781,100.69000244140625,92.21562957763672,14781700.0,1.0,2.032197571172034,102.71589023011612,88.87231320005966,55.807950308891776,3.41935506953228,3.8415023114014417,92.2225570678711,85.96710688273112,20.299999237060547,21.935071122559822
182,2021-03-23,DIS,191.58999633789062,192.33999633789062,187.97000122070312,188.72999572753906,10701200.0,1.0,1.8132074358889554,200.6342827970573,186.70271518878255,53.77492039973947,-40.54572278811276,3.580164528919717,191.93599955240884,183.81899922688802,20.299999237060547,21.935071122559822
182,2021-03-23,GS,337.6199951171875,341.8900146484375,331.3299865722656,311.6543884277344,2457500.0,1.0,8.726452479124589,331.5056417182978,299.7242227836553,60.2268199781045,41.88466331179727,6.7209317623631595,307.0882822672526,285.99761454264325,20.299999237060547,21.935071122559822
182,2021-03-23,HD,289.6099853515625,293.42999267578125,288.94000244140625,273.0845642089844,4801200.0,1.0,4.938589081602572,278.3580124571342,226.90359337782678,59.70431467780071,131.33109131675388,35.091397180818255,254.89879404703777,255.21018753051757,20.299999237060547,21.935071122559822
182,2021-03-23,HON,210.4199981689453,212.35000610351562,207.8699951171875,198.62051391601562,1913800.0,1.0,2.1184613515517015,207.29867546562014,191.80487220283692,52.73443321166487,36.77895279397261,17.839790103855975,197.2150436401367,196.0538464864095,20.299999237060547,21.935071122559822
182,2021-03-23,IBM,124.7036361694336,125.77437591552734,124.09178161621094,110.46305084228516,4556794.0,1.0,1.9649869468108534,112.69433123579533,99.69768918046442,58.72296697869195,136.19823043280547,32.546438887525234,104.87442194620768,104.5214916229248,20.299999237060547,21.935071122559822
182,2021-03-23,INTC,66.0,66.05000305175781,63.16999816894531,58.70149612426758,35160000.0,1.0,1.3350637671148675,61.4711447866448,54.06298874301828,56.39746674837165,100.55325956747762,24.448875541293805,57.341231155395505,53.74871203104655,20.299999237060547,21.935071122559822
182,2021-03-23,JNJ,160.2100067138672,161.1999969482422,158.8800048828125,150.02980041503906,7178300.0,1.0,-0.06829777312370311,153.27787021992313,144.6718474924792,52.38788101542301,-24.93508829758681,18.58598894837274,150.44202779134113,150.035112508138,20.299999237060547,21.935071122559822
182,2021-03-23,JPM,150.3300018310547,152.1199951171875,148.9600067138672,138.2349090576172,17076300.0,1.0,2.54518871360591,146.104668153596,136.36128491036882,57.0669614150208,4.682830570076941,7.789192609147453,138.6471206665039,130.72145245869953,20.299999237060547,21.935071122559822
182,2021-03-23,KO,50.9900016784668,51.650001525878906,50.83000183105469,47.674949645996094,16936700.0,1.0,0.3425200847842973,48.16122148827259,45.35392171546276,54.287645575355974,120.01821864835688,11.500068297997355,46.58992602030436,46.43776899973552,20.299999237060547,21.935071122559822
182,2021-03-23,MCD,223.9600067138672,226.39999389648438,223.75,212.34877014160156,2794000.0,1.0,3.509307637204671,215.85226841034057,188.91417293487427,60.14638077586929,175.51019026427684,44.28669286348419,201.96055653889974,200.4169698079427,20.299999237060547,21.935071122559822
182,2021-03-23,MMM,188.77000427246094,191.7100067138672,187.89999389648438,169.1090087890625,2768700.0,1.0,3.128316665246075,173.74039848661937,155.1345206417986,59.43662173835198,124.75599150376362,37.313821259230565,162.796506245931,158.42185668945314,20.299999237060547,21.935071122559822
182,2021-03-23,MRK,73.55915832519531,73.77862548828125,72.5477066040039,67.2523193359375,11651245.0,1.0,0.4476894785185266,69.34719982092967,61.960740089959,49.85671359812577,115.22269520572966,0.1073599945087735,65.58214492797852,67.93605499267578,20.299999237060547,21.935071122559822
182,2021-03-23,MSFT,237.49000549316406,241.0500030517578,237.07000732421875,232.37001037597656,31638400.0,1.0,0.36711650009169716,235.09608956654245,221.0065135828716,54.24127623553612,40.78077434642109,12.693337104580065,230.72671915690105,225.66924565633138,20.299999237060547,21.935071122559822
182,2021-03-23,NKE,138.49000549316406,140.63999938964844,136.5500030517578,133.65040588378906,5582600.0,1.0,0.3486234337972576,142.20040488429964,126.80995430759486,48.98875139522057,-21.07121693513182,0.20675357566437694,135.5668930053711,136.17985750834148,20.299999237060547,21.935071122559822
182,2021-03-23,PG,130.41000366210938,133.2899932861328,129.99000549316406,124.61262512207031,9503800.0,1.0,0.44091397859541814,124.09443513715735,114.4682365242196,54.39406282967486,205.6029755888946,19.93058236544039,119.61651916503907,122.58592516581217,20.299999237060547,21.935071122559822
182,2021-03-23,TRV,147.64999389648438,149.41000366210938,146.7899932861328,139.0943603515625,1616400.0,1.0,1.3960061047812644,151.72624802518337,135.777310324426,51.386084010604485,-51.81949106289107,0.35259037026196616,142.0108876546224,137.3462947845459,20.299999237060547,21.935071122559822
182,2021-03-23,UNH,368.8500061035156,371.5400085449219,367.2200012207031,355.93994140625,3100100.0,1.0,7.9225638751095175,361.2242806045027,309.7434195908098,63.32500044176062,146.89076366494353,55.55377437803688,329.0800313313802,330.9995625813802,20.299999237060547,21.935071122559822
182,2021-03-23,V,209.0500030517578,209.9600067138672,207.5,204.45896911621094,8820700.0,1.0,0.7499964780025437,225.33800122562548,201.82455675777294,47.82963005593435,-70.45400455723497,20.076264717102323,210.58503112792968,206.84848047892254,20.299999237060547,21.935071122559822
182,2021-03-23,VZ,56.41999816894531,57.41999816894531,56.380001068115234,48.59991455078125,20084100.0,1.0,0.08608818365127746,48.99485000439822,46.627682267940656,51.62554059088604,97.979659086596,12.361853993956927,47.72430267333984,48.14587275187174,20.299999237060547,21.935071122559822
182,2021-03-23,WBA,52.619998931884766,52.81999969482422,51.790000915527344,46.179134368896484,3521200.0,1.0,1.2133338356359928,49.72466851220075,39.80942076697406,59.029021495251094,74.47263979821065,26.63658266253293,44.43064651489258,42.610093434651695,20.299999237060547,21.935071122559822
182,2021-03-23,WMT,131.7100067138672,134.3000030517578,131.6300048828125,128.86351013183594,9718300.0,1.0,-1.4425749860764512,129.96830113284386,121.56745707638464,45.99479837964854,-20.481962413451065,11.426312326485156,129.21025212605795,133.97016970316568,20.299999237060547,21.935071122559822
183,2021-03-24,AAPL,122.81999969482422,122.9000015258789,120.06999969482422,118.33794403076172,88530500.0,2.0,-1.828754633914727,125.23125828429671,115.21381388977555,45.384110236887075,-65.73921049083332,21.560569000681195,123.06987991333008,127.40025698343912,21.200000762939453,20.334542002828385
183,2021-03-24,AMGN,245.0,247.38999938964844,243.82000732421875,226.50733947753906,2237500.0,2.0,3.366816569468398,232.3959588313386,199.28010470625907,57.7015555644143,140.19440035006525,46.44474513105627,215.72930094401042,217.6964205423991,21.200000762939453,20.334542002828385
183,2021-03-24,AXP,137.97000122070312,140.0399932861328,137.61000061035156,133.57118225097656,2638900.0,2.0,1.9489856290280159,146.23779535379037,129.16658544454947,54.97724241020956,-3.7770293602296148,2.690399082615954,134.20803527832032,125.77478726704915,21.200000762939453,20.334542002828385
183,2021-03-24,BA,243.75,248.8000030517578,239.05999755859375,239.24000549316406,24055100.0,2.0,8.830299721459596,275.50930458763634,204.6586962058207,54.62843515996953,42.16402093258823,16.578766342093544,231.6076665242513,219.5336664835612,21.200000762939453,20.334542002828385
183,2021-03-24,CAT,220.50999450683594,227.11000061035156,220.50999450683594,209.66029357910156,4258000.0,2.0,4.903779377996443,221.5533713179929,199.38019801794456,58.17928731912861,50.568436612601516,11.407477576270706,205.67994079589843,192.42117029825846,21.200000762939453,20.334542002828385
183,2021-03-24,CRM,215.1300048828125,215.27999877929688,209.41000366210938,209.52999877929688,4617700.0,2.0,-4.213039097807155,223.84344337748882,202.33955527973774,42.61173665148537,-59.44456677181509,22.11718593458577,222.90133260091145,223.74833246866862,21.200000762939453,20.334542002828385
183,2021-03-24,CSCO,49.939998626708984,50.45000076293945,49.619998931884766,45.744693756103516,26444700.0,2.0,0.9385866685441258,47.55983123127902,40.457932288008095,61.236806411640806,115.65518014882015,26.504983698708056,43.576157887776695,42.71626434326172,21.200000762939453,20.334542002828385
183,2021-03-24,CVX,102.98999786376953,105.76000213623047,102.91000366210938,94.68447875976562,11026800.0,2.0,1.843967164587255,102.71075271372167,89.00315414662988,58.546313596955585,25.535969916719466,3.357738564399948,92.6749636332194,86.2769847869873,21.200000762939453,20.334542002828385
183,2021-03-24,DIS,190.05999755859375,190.5,184.63999938964844,184.72000122070312,13549100.0,2.0,1.0310556663846455,200.81048223709726,185.2475164201293,51.24824180852876,-92.85080743843622,5.305820946592156,191.81966603597004,184.0021659851074,21.200000762939453,20.334542002828385
183,2021-03-24,GS,333.4200134277344,336.94000244140625,328.44000244140625,308.7235107421875,3332200.0,2.0,7.3370178992541355,331.52957984474705,299.634873280253,58.77813968203845,18.465286228222286,2.1641816698558833,308.0077850341797,287.14822006225586,21.200000762939453,20.334542002828385
183,2021-03-24,HD,289.260009765625,296.7799987792969,288.989990234375,275.69317626953125,4842000.0,2.0,5.600398466943261,281.5357152503954,226.96535896835454,60.85060315872726,135.01014201774245,39.74228018168573,255.45452829996745,255.5793029785156,21.200000762939453,20.334542002828385
183,2021-03-24,HON,209.9600067138672,215.0500030517578,209.88999938964844,202.07704162597656,2562100.0,2.0,2.043696590509086,207.47958973416286,191.8258256100754,55.387376389433335,77.28933617989102,25.14321991785822,197.56705220540366,196.1111915588379,21.200000762939453,20.334542002828385
183,2021-03-24,IBM,125.19120788574219,126.3001937866211,124.82791900634766,110.5985336303711,4189230.0,2.0,1.9989053064231115,113.22959810980377,99.78984158746185,58.89020023172859,131.4562492189056,35.181274393244955,105.11489079793294,104.6283790588379,21.200000762939453,20.334542002828385
183,2021-03-24,INTC,66.58000183105469,67.44000244140625,61.9900016784668,57.36989974975586,74584700.0,2.0,1.1267815042846863,61.408221214442904,54.0195692366069,54.22057691648319,78.76401901898782,31.65394720371721,57.4417179107666,53.98380756378174,21.200000762939453,20.334542002828385
183,2021-03-24,JNJ,160.10000610351562,162.47999572753906,159.82000732421875,151.4893798828125,6370100.0,2.0,0.08061872393241742,153.15645378477987,144.72963935486857,54.41326178074381,12.574625360393762,9.749571922081994,150.33818359375,150.19705403645833,21.200000762939453,20.334542002828385
183,2021-03-24,JPM,150.0,153.17999267578125,149.86000061035156,139.3078155517578,13079800.0,2.0,2.1884119975499914,146.04999111673308,136.17179080465363,57.97649596916064,16.877773606911195,11.162310032063017,138.98748270670572,131.13750699361165,21.200000762939453,20.334542002828385
183,2021-03-24,KO,51.16999816894531,51.88999938964844,51.150001525878906,47.795555114746094,14997400.0,2.0,0.3705351376586634,48.291449003239485,45.33767163274684,54.730786696898896,140.86027338553774,15.410568321518259,46.65889371236165,46.41490313212077,21.200000762939453,20.334542002828385
183,2021-03-24,MCD,225.32000732421875,227.02000427246094,224.0399932861328,212.04592895507812,2442500.0,2.0,3.6218719964742263,217.0629370652537,188.84717951189472,59.801872082301585,156.09646829486593,45.78562592638841,202.2568115234375,200.63705546061198,21.200000762939453,20.334542002828385
183,2021-03-24,MMM,188.42999267578125,192.74000549316406,188.0800018310547,171.22811889648438,2829200.0,2.0,3.19410401636722,174.49349672691767,155.55413053138312,61.15761277387086,127.83895217603572,40.07885384441019,163.13260091145833,158.68519770304363,21.200000762939453,20.334542002828385
183,2021-03-24,MRK,72.58587646484375,73.16793823242188,72.4332046508789,67.22588348388672,9135416.0,2.0,0.4354872951874853,69.5070907427851,62.0053733990606,49.77591188442633,89.27976627768138,1.533199195025729,65.63662567138672,67.88899790445963,21.200000762939453,20.334542002828385
183,2021-03-24,MSFT,237.85000610351562,238.0,235.32000732421875,230.29647827148438,25620100.0,2.0,0.41384915698219515,235.187725708942,221.00388500883142,52.86868650543877,8.65578169592609,7.114577330753896,230.47405649820965,225.88477783203126,21.200000762939453,20.334542002828385
183,2021-03-24,NKE,136.4499969482422,137.9199981689453,132.8800048828125,129.79061889648438,8157600.0,2.0,-0.1722925417622605,142.3011408731324,126.49334917813714,45.48060310939644,-83.67481718755705,11.641478714625304,135.2958531697591,136.04741757710775,21.200000762939453,20.334542002828385
183,2021-03-24,PG,130.94000244140625,133.13999938964844,130.6199951171875,124.57501983642578,8318000.0,2.0,0.697345613534992,124.87277338866792,114.15038182373442,54.322965908931714,196.0916020028406,19.93058236544039,119.73837483723959,122.51803792317709,21.200000762939453,20.334542002828385
183,2021-03-24,TRV,147.69000244140625,151.07000732421875,147.4600067138672,141.251708984375,1995900.0,2.0,1.0890274454227153,151.7299924039991,135.69255245684073,53.38085742287106,-24.759213526577387,5.838189507782618,142.10308481852215,137.52837511698405,21.200000762939453,20.334542002828385
183,2021-03-24,UNH,366.04998779296875,373.79998779296875,365.510009765625,357.96832275390625,3407800.0,2.0,8.414249626572314,363.8808775164491,310.90856645327744,64.09481932546257,137.6514997755896,57.72761670593203,330.4367207845052,331.49888305664064,21.200000762939453,20.334542002828385
183,2021-03-24,V,208.75,211.13999938964844,207.92999267578125,204.38040161132812,10101600.0,2.0,0.1054688141744009,225.43002130333218,200.61668584998813,47.78227480399639,-66.85824575772784,16.183413041481558,210.6462646484375,206.8434631347656,21.200000762939453,20.334542002828385
183,2021-03-24,VZ,56.7400016784668,57.43000030517578,56.630001068115234,48.6853141784668,14819800.0,2.0,0.13579518448685235,48.97462300718602,46.63851557313625,51.991120727845306,102.86533891336883,12.528979425631388,47.78151919047038,48.12869675954183,21.200000762939453,20.334542002828385
183,2021-03-24,WBA,52.65999984741211,53.33000183105469,51.75,45.95724868774414,6175400.0,2.0,1.1046841932739895,49.83793930243296,39.92780013848501,58.35330182254068,71.71859312679905,30.099284602308728,44.497276560465494,42.79550425211588,21.200000762939453,20.334542002828385
183,2021-03-24,WMT,134.42999267578125,134.42999267578125,133.0500030517578,128.06495666503906,7849100.0,2.0,-1.2537071367584645,130.03515290665942,121.54427443098706,45.05227805671,-12.693034705099539,10.497183276069986,128.8217684427897,133.81313387552896,21.200000762939453,20.334542002828385
184,2021-03-25,AAPL,119.54000091552734,121.66000366210938,119.0,118.83064270019531,98844700.0,3.0,-1.8195812531118918,125.23114350525563,115.1745121649104,45.82560298462462,-74.3537032508437,24.672269997593947,122.58374455769857,127.13918800354004,19.809999465942383,18.13427723219434
184,2021-03-25,AMGN,247.0399932861328,247.5399932861328,244.97999572753906,227.22706604003906,2707600.0,3.0,3.5256382896053253,233.76133006055423,199.64304463427,58.184652758259396,137.0789311863798,46.728242706811265,216.02304331461588,218.06937611897786,19.809999465942383,18.13427723219434
184,2021-03-25,AXP,137.9499969482422,142.52999877929688,136.75999450683594,137.29592895507812,2766400.0,3.0,1.8787369047243487,146.10368943121983,129.8024751195614,57.64734592359797,13.910469891319822,6.094052574100181,134.65996297200522,126.16613998413087,19.809999465942383,18.13427723219434
184,2021-03-25,BA,234.33999633789062,247.5800018310547,231.6999969482422,247.19000244140625,27553600.0,3.0,8.222167661919627,275.3558946475125,207.88610669526093,56.810758784394594,37.656182198797524,5.9221816869255965,232.78333333333333,220.0519999186198,19.809999465942383,18.13427723219434
184,2021-03-25,CAT,219.22999572753906,224.97000122070312,216.0399932861328,212.5223388671875,2901800.0,3.0,4.604023696230627,221.70547399788902,199.45838556021644,59.473262690244134,36.76664416766005,0.8814511606084591,206.51802571614584,193.1607571919759,19.809999465942383,18.13427723219434
184,2021-03-25,CRM,206.1699981689453,208.1699981689453,204.3699951171875,205.44000244140625,7977200.0,3.0,-4.544189376133119,219.08178464162953,204.53721407663218,40.83201913962503,-82.84392882320107,30.236887022763938,221.8586659749349,223.42833251953124,19.809999465942383,18.13427723219434
184,2021-03-25,CSCO,50.58000183105469,51.400001525878906,50.290000915527344,46.537044525146484,34537700.0,3.0,0.9823169472319293,47.82077326674222,40.6567402372861,63.45463522391739,136.99858809003732,35.593938087547286,43.676584243774414,42.80765183766683,19.809999465942383,18.13427723219434
184,2021-03-25,CVX,102.8499984741211,105.26000213623047,102.06999969482422,95.01908111572266,11138200.0,3.0,1.7021712543240994,102.67092683563506,89.2889616226169,58.90334880408198,16.588972490281755,0.8691147462061585,93.09215367635092,86.59883015950521,19.809999465942383,18.13427723219434
184,2021-03-25,DIS,181.85000610351562,187.7100067138672,181.00999450683594,186.91000366210938,9609200.0,3.0,0.5812098233081713,201.03377491630454,184.61722453437903,52.50892596229342,-111.79838284635252,13.911777985582216,191.72899932861327,184.1363327026367,19.809999465942383,18.13427723219434
184,2021-03-25,GS,327.3500061035156,331.3900146484375,321.9200134277344,310.50830078125,2804700.0,3.0,6.307193226981667,331.3590869273732,300.1879101429393,59.393446108053354,-6.995717638776758,7.373761541708096,308.8676361083984,288.27508138020835,19.809999465942383,18.13427723219434
184,2021-03-25,HD,293.0299987792969,297.8800048828125,292.4599914550781,279.8650207519531,5373500.0,3.0,6.387884599731763,284.85137907854585,227.74808381207916,62.61026663312142,142.2510077618296,41.22061027878839,256.0894292195638,256.0439971923828,19.809999465942383,18.13427723219434
184,2021-03-25,HON,212.2100067138672,214.0500030517578,208.25,203.65768432617188,2217500.0,3.0,2.087921376710568,207.7858103242382,192.38516288132817,56.54129915437513,66.44396292985148,18.314379565952603,197.96732432047526,196.18840255737305,19.809999465942383,18.13427723219434
184,2021-03-25,IBM,124.59847259521484,127.38050079345703,124.06309509277344,112.67298126220703,5809484.0,3.0,2.16818297411281,114.07474285545426,99.84221728858871,61.369269667488936,133.28092073584673,40.30256958091882,105.42055638631184,104.76803054809571,19.809999465942383,18.13427723219434
184,2021-03-25,INTC,61.65999984741211,62.439998626708984,60.97999954223633,57.351402282714844,35401400.0,3.0,0.949280998949682,61.38370006204378,54.19389545797575,54.190518709067156,-24.416345574394946,22.574315597946082,57.53912213643392,54.218594805399576,19.809999465942383,18.13427723219434
184,2021-03-25,JNJ,162.44000244140625,162.4499969482422,160.63999938964844,151.54551696777344,6269800.0,3.0,0.2008506332589377,153.00755570035236,144.8046192874406,54.49028800800884,27.2689169243521,9.749571922082,150.21947377522787,150.34877293904623,19.809999465942383,18.13427723219434
184,2021-03-25,JPM,150.0,152.97000122070312,149.3300018310547,141.09288024902344,15608300.0,3.0,2.0263452357775122,146.07630553094396,136.2721914783334,59.4548611071429,18.399671037646804,9.030582627840863,139.38488057454427,131.5707628885905,19.809999465942383,18.13427723219434
184,2021-03-25,KO,51.70000076293945,52.060001373291016,51.16999816894531,48.25941467285156,17091900.0,3.0,0.4252646721793809,48.49558002130859,45.34358700139649,56.411982676771075,156.80970263129242,18.149132680805064,46.74639040629069,46.3887274424235,19.809999465942383,18.13427723219434
184,2021-03-25,MCD,225.14999389648438,225.32000732421875,222.44000244140625,212.18788146972656,3249600.0,3.0,3.6801123988200857,218.1575340845917,189.12867959949034,59.91321007175698,125.66300980633474,35.713339364693496,202.60733846028646,200.81827646891276,19.809999465942383,18.13427723219434
184,2021-03-25,MMM,191.63999938964844,193.36000061035156,190.1699981689453,173.39218139648438,2221000.0,3.0,3.3818785334408403,175.58701968175419,155.7482540609216,62.823892606885266,136.39301429619783,41.73260186641534,163.53667399088542,158.98178634643554,19.809999465942383,18.13427723219434
184,2021-03-25,MRK,72.91984558105469,73.10114288330078,71.86068725585938,67.07598876953125,10700918.0,3.0,0.4090069487523351,69.63563023110468,62.06199626425665,49.30718122372212,66.83543433586868,8.512894061525925,65.6904800415039,67.83492647806803,19.809999465942383,18.13427723219434
184,2021-03-25,MSFT,235.3000030517578,236.94000244140625,231.57000732421875,227.244873046875,34061900.0,3.0,0.20231393683374677,235.0969020199372,221.42236067537527,50.90743667934771,-32.25247432675826,3.7946853814272403,230.15057525634765,226.0135065714518,19.809999465942383,18.13427723219434
184,2021-03-25,NKE,127.05000305175781,129.38999938964844,125.44000244140625,125.38497924804688,18475800.0,3.0,-0.9299011835516353,142.89240240380641,125.25635400488497,41.93472153925244,-198.09583295828526,29.66365689381167,134.85623372395833,135.82809511820474,19.809999465942383,18.13427723219434
184,2021-03-25,PG,133.08999633789062,133.6199951171875,132.0500030517578,125.43959045410156,7517300.0,3.0,0.9592752273502754,125.80512006234542,113.86647112417802,55.700101987853344,211.47681512436637,22.68689563074589,119.90314636230468,122.44961522420247,19.809999465942383,18.13427723219434
184,2021-03-25,TRV,149.8800048828125,153.13999938964844,147.9199981689453,144.56350708007812,1402100.0,3.0,1.1002955524722893,151.72274226941497,136.2285211583194,56.23284763588766,11.209416757153672,12.992941618847478,142.3442586263021,137.75467338562012,19.809999465942383,18.13427723219434
184,2021-03-25,UNH,370.6000061035156,372.1099853515625,363.3900146484375,358.441650390625,3021500.0,3.0,8.741342951284935,365.65663752650426,313.3233582010348,64.27583494106197,120.42748806476322,50.35364898475974,331.6882354736328,331.92331746419273,19.809999465942383,18.13427723219434
184,2021-03-25,V,207.6699981689453,208.82000732421875,205.77999877929688,204.2821502685547,8390800.0,3.0,-0.4085426399768437,225.6892302355848,199.78972636841908,47.72115234160607,-85.90210724766536,21.1615881125977,210.70683797200522,206.77256927490234,19.809999465942383,18.13427723219434
184,2021-03-25,VZ,57.04999923706055,57.540000915527344,56.70000076293945,49.001285552978516,18047400.0,3.0,0.19839758613404257,49.11597168416632,46.572317576697934,53.34076434616823,112.60073791241689,14.446988629392582,47.850406901041666,48.11481552124023,19.809999465942383,18.13427723219434
184,2021-03-25,WBA,50.939998626708984,51.880001068115234,50.290000915527344,45.895118713378906,5835500.0,3.0,1.0020145986732203,49.91337470256123,40.1576820448753,58.16044993638512,36.69496931177699,13.679680360109458,44.51465377807617,42.97929344177246,19.809999465942383,18.13427723219434
184,2021-03-25,WMT,133.25999450683594,134.52999877929688,132.8699951171875,128.9308319091797,9375300.0,3.0,-1.0223738206746447,130.38182390749094,121.44857922971609,46.28690781124219,-3.5514022125922198,11.588482343618569,128.51643905639648,133.64306399027507,19.809999465942383,18.13427723219434
185,2021-03-26,AAPL,120.3499984741211,121.4800033569336,118.91999816894531,119.44161224365234,94071200.0,4.0,-1.7429198515448832,125.23019682869536,115.17053254142182,46.381609350563515,-70.42300993263159,24.910350303490763,122.126513671875,126.91814829508463,18.860000610351562,23.25048464579264
185,2021-03-26,AMGN,245.97000122070312,253.27999877929688,245.5399932861328,233.3264617919922,2638900.0,4.0,4.09645453158231,236.00642430590315,199.97611506177262,61.99044791475147,162.52341300707474,56.21064226522725,216.57115681966147,218.49483286539714,18.860000610351562,23.25048464579264
185,2021-03-26,AXP,143.74000549316406,143.97999572753906,141.0500030517578,138.6951446533203,2687500.0,4.0,1.913906969534537,145.7251131320486,130.99838235134985,58.601442627285415,40.9528824686229,10.841685614715171,135.1559580485026,126.58433888753255,18.860000610351562,23.25048464579264
185,2021-03-26,BA,249.6199951171875,250.89999389648438,240.3000030517578,244.8699951171875,17157100.0,4.0,7.4669391944002825,273.9935848936322,212.5344165101764,55.99764594810939,46.41673372569095,9.893875727544646,233.92366638183594,220.52899983723958,18.860000610351562,23.25048464579264
185,2021-03-26,CAT,226.35000610351562,229.83999633789062,225.2100067138672,217.49778747558594,3040100.0,4.0,4.713606755389151,222.38484093175683,200.06978858484476,61.6094434022428,93.342444380211,10.706904000724018,207.50205688476564,194.01029230753582,18.860000610351562,23.25048464579264
185,2021-03-26,CRM,205.63999938964844,209.41000366210938,204.77000427246094,209.08999633789062,7333200.0,4.0,-4.46068436169881,218.45565043232662,204.42234791972416,43.02871694282846,-71.37814105631507,26.761199077525937,220.78699900309246,223.20549901326498,18.860000610351562,23.25048464579264
185,2021-03-26,CSCO,50.599998474121094,52.63999938964844,50.560001373291016,48.43501281738281,31997000.0,4.0,1.1567889444764745,48.367057457874935,40.819890173961,67.99253112233394,163.46711075272654,45.07183169119795,43.829834111531575,42.934937222798666,18.860000610351562,23.25048464579264
185,2021-03-26,CVX,106.54000091552734,107.54000091552734,105.36000061035156,97.19853973388672,9820200.0,4.0,1.7455395761729164,102.49272079364341,90.14361496075112,61.15757313289651,50.79675446092226,9.830118379220169,93.59685465494792,86.9613099416097,18.860000610351562,23.25048464579264
185,2021-03-26,DIS,188.8300018310547,188.97999572753906,182.57000732421875,185.9199981689453,10196100.0,4.0,0.14316822801509943,201.2889899643813,184.05000997458353,51.88152524822534,-95.36034195528734,10.16735198782736,191.5626658121745,184.27999928792318,18.860000610351562,23.25048464579264
185,2021-03-26,GS,334.510009765625,335.45001220703125,322.69000244140625,307.5398864746094,3082600.0,4.0,5.191677106272721,330.2291863156801,302.1782752321714,57.906311084239334,-9.477310745089797,1.0915367187849851,309.6896728515625,289.37710825602215,18.860000610351562,23.25048464579264
185,2021-03-26,HD,297.3399963378906,304.0,296.0299987792969,286.1087951660156,5865900.0,4.0,7.430143379537014,289.1294018028114,227.9036395790245,65.0429294920975,159.38923897807044,48.704955517080705,256.9833053588867,256.6604830423991,18.860000610351562,23.25048464579264
185,2021-03-26,HON,215.1199951171875,218.69000244140625,214.13999938964844,208.08541870117188,2540000.0,4.0,2.451986029697906,208.51875000572085,193.1928878726971,59.57154086744229,140.20593335814087,29.88572858150999,198.51455586751302,196.3522071838379,18.860000610351562,23.25048464579264
185,2021-03-26,IBM,127.42829895019531,130.47801208496094,127.26577758789062,115.47564697265625,5823710.0,4.0,2.4996737621777356,115.13836040334671,100.256126596165,64.37206710330824,171.5049413095719,51.94076349567772,105.85718154907227,104.96859753926596,18.860000610351562,23.25048464579264
185,2021-03-26,INTC,61.79999923706055,64.97000122070312,61.77000045776367,59.98686981201172,34705800.0,4.0,1.00963236036673,61.61955945482293,54.33624842176399,57.65081040957875,72.99703130780513,34.64367775151301,57.668891779581706,54.46176630655925,18.860000610351562,23.25048464579264
185,2021-03-26,JNJ,162.08999633789062,165.10000610351562,161.3800048828125,154.31500244140625,7619200.0,4.0,0.513688142642053,153.95303009714286,144.46450377736886,58.103169900421115,97.18558340043462,6.6979096550169395,150.21632537841796,150.53192749023438,18.860000610351562,23.25048464579264
185,2021-03-26,JPM,154.3000030517578,155.4499969482422,152.5500030517578,143.44212341308594,16754400.0,4.0,2.063681612310859,145.91813039576942,137.16288767063685,61.307999699204274,72.96315353505976,16.9927263759321,139.87260996500652,132.0482229868571,18.860000610351562,23.25048464579264
185,2021-03-26,KO,52.13999938964844,53.11000061035156,51.7599983215332,49.20566940307617,17126700.0,4.0,0.5387823238909633,48.76529324166035,45.487111924965625,59.57979008789975,241.0575502902736,32.563635969456975,46.84396095275879,46.37878265380859,18.860000610351562,23.25048464579264
185,2021-03-26,MCD,224.1999969482422,225.27999877929688,222.4199981689453,213.1437225341797,3263100.0,4.0,3.760053170485378,219.06656559167732,190.02447139562736,60.671972062740856,115.93107258882287,35.58813945139478,202.99380187988282,201.03596471150715,18.860000610351562,23.25048464579264
185,2021-03-26,MMM,193.00999450683594,194.9499969482422,192.2100067138672,174.990478515625,2677600.0,4.0,3.6179548793024594,176.46907190150873,156.64591528110847,64.00369933717735,145.12164049524392,45.83097762739485,164.06555989583333,159.31777852376302,18.860000610351562,23.25048464579264
185,2021-03-26,MRK,72.66221618652344,73.9217529296875,72.3759536743164,68.23989868164062,10389767.0,4.0,0.4764467050896144,69.84460609585943,62.32939292757805,52.87201522745374,106.93505001785988,2.1178121446981955,65.78750254313151,67.78612251281739,18.860000610351562,23.25048464579264
185,2021-03-26,MSFT,231.5500030517578,236.7100067138672,231.5500030517578,231.29405212402344,25479900.0,4.0,0.3572870789191711,235.4111823328778,221.50908439075505,53.286149196237666,-4.695637392872331,3.8505258333833337,229.90774485270182,226.22289581298827,18.860000610351562,23.25048464579264
185,2021-03-26,NKE,131.60000610351562,133.19000244140625,129.77000427246094,129.62489318847656,10010500.0,4.0,-1.1746452901779776,142.9511440418158,125.02314184685609,46.11707292252694,-113.55895140445723,16.671044319673765,134.522927347819,135.6933795928955,18.860000610351562,23.25048464579264
185,2021-03-26,PG,133.22000122070312,135.61000061035156,132.47999572753906,127.29093933105469,10821200.0,4.0,1.3012447756251646,126.95769934539533,113.8340906631496,58.47351879955392,234.24550332891422,32.92057561545285,120.1261833190918,122.41609573364258,18.860000610351562,23.25048464579264
185,2021-03-26,TRV,153.6999969482422,153.86000061035156,151.5,145.37725830078125,1123000.0,4.0,1.1614994881088307,151.41326476498116,137.38335693912038,56.90301260058018,42.29986162776229,15.383520033966178,142.59969584147134,138.0077091217041,18.860000610351562,23.25048464579264
185,2021-03-26,UNH,371.67999267578125,377.05999755859375,370.2900085449219,363.64788818359375,2959800.0,4.0,9.313308622777583,368.24249905251327,315.1262326369399,66.21395921789271,135.07027687679218,55.541456212144794,333.12387898763023,332.4120646158854,18.860000610351562,23.25048464579264
185,2021-03-26,V,208.25,213.6999969482422,207.6999969482422,209.7435760498047,7399900.0,4.0,-0.3709331170614121,225.67981287667314,199.91112340262376,51.303153000735854,-37.65048066552874,5.900559224406292,210.80080922444662,206.7642578125,18.860000610351562,23.25048464579264
185,2021-03-26,VZ,57.43000030517578,58.25,57.380001068115234,49.684471130371094,19632700.0,4.0,0.29968324503841615,49.445691728215586,46.48854365386449,56.10112085523392,171.84122077574696,25.68949394847337,47.952315139770505,48.114714749654134,18.860000610351562,23.25048464579264
185,2021-03-26,WBA,51.900001525878906,52.810001373291016,51.15999984741211,46.179134368896484,5387500.0,4.0,0.9328130073472565,49.9733605096382,40.46159089111863,58.80428534770342,57.13169457111464,20.51077414324302,44.58516311645508,43.17147941589356,18.860000610351562,23.25048464579264
185,2021-03-26,WMT,134.0,135.1999969482422,133.4199981689453,130.00839233398438,9551200.0,4.0,-0.7435195497336622,130.95834009695105,121.42528951120325,47.79696152490664,17.41172478494277,6.42552490615131,128.25054143269855,133.50564359029133,18.860000610351562,23.25048464579264
186,2021-03-29,AAPL,121.6500015258789,122.58000183105469,120.7300033569336,119.61897277832031,80819200.0,0.0,-1.6488467466793253,124.13367607772727,115.63638922988991,46.5463586808278,-46.20191741215292,19.36533603222017,121.66731262207031,126.7189229329427,20.739999771118164,11.49722351552895
186,2021-03-29,AMGN,251.52999877929688,256.6000061035156,251.4499969482422,235.2642364501953,2488100.0,0.0,4.6515723060752805,238.3895082599701,200.16935099295955,63.09437893124765,173.65231553993792,60.552099719291874,217.11711730957032,218.94800618489583,20.739999771118164,11.49722351552895
186,2021-03-29,AXP,141.97999572753906,143.07000732421875,140.30999755859375,137.38279724121094,2220600.0,0.0,1.8149622755333894,145.6098336669069,131.46684174813217,57.34796331655599,23.0390001659727,7.866579213682291,135.56607106526693,126.95999094645182,20.739999771118164,11.49722351552895
186,2021-03-29,BA,251.3000030517578,254.7100067138672,248.02999877929688,250.52000427246094,22198800.0,0.0,7.240855636002067,274.1206107200167,215.0203911720731,57.529068594332664,64.78629860379854,14.330647790733641,235.24166666666667,221.09316660563152,20.739999771118164,11.49722351552895
186,2021-03-29,CAT,228.10000610351562,231.85000610351562,227.7100067138672,218.18017578125,3003200.0,0.0,4.800181646573293,223.20288583675998,200.24304617007598,61.89441890239455,108.79238557213314,14.448514148389158,208.52020619710285,194.81793848673502,20.739999771118164,11.49722351552895
186,2021-03-29,CRM,209.00999450683594,211.64999389648438,205.99000549316406,210.77000427246094,5686900.0,0.0,-4.210408468296521,217.50432116729164,204.69667828339195,44.018344444896734,-59.90580133145184,20.548847238157336,219.80033264160156,223.01166585286458,20.739999771118164,11.49722351552895
186,2021-03-29,CSCO,52.400001525878906,52.939998626708984,52.279998779296875,48.388946533203125,25032800.0,0.0,1.2766259459218148,48.87041040083596,40.924623626263646,67.78120702993445,167.253698321036,47.08565524339337,43.990454864501956,43.06389191945394,20.739999771118164,11.49722351552895
186,2021-03-29,CVX,106.4000015258789,107.52999877929688,105.69999694824219,96.69210052490234,7542300.0,0.0,1.7192257082303684,102.41467561634654,90.6620715150011,60.36168142790883,45.677201918613164,9.830118379220186,94.06892013549805,87.30464820861816,20.739999771118164,11.49722351552895
186,2021-03-29,DIS,185.24000549316406,185.94000244140625,183.14999389648438,184.85000610351562,7544700.0,0.0,-0.28701379320906995,201.38059688808008,182.94540408848243,51.197570395956966,-107.37463052286886,10.167351987827367,191.46866607666016,184.34133275349936,20.739999771118164,11.49722351552895
186,2021-03-29,GS,320.3500061035156,327.760009765625,317.7200012207031,305.9806213378906,4533200.0,0.0,4.134147005280852,330.5062797362925,301.5075905029653,57.12901351121549,-50.566021769811464,8.125569467340322,310.33497314453126,290.4306912740072,20.739999771118164,11.49722351552895
186,2021-03-29,HD,303.29998779296875,305.54998779296875,299.92999267578125,284.5926208496094,4642900.0,0.0,8.041105516485516,292.5087593166904,228.49927596162996,63.99697167799158,151.89494796127084,50.414286652509745,257.8126032511393,257.26620661417644,20.739999771118164,11.49722351552895
186,2021-03-29,HON,217.64999389648438,219.6699981689453,217.13999938964844,208.41873168945312,3063900.0,0.0,2.735868078485993,209.51985292239064,193.39727964596872,59.789879128136086,150.59005940930328,32.058642664993926,199.0289738972982,196.49281107584636,20.739999771118164,11.49722351552895
186,2021-03-29,IBM,130.0,131.0420684814453,129.55067443847656,115.03535461425781,4835344.0,0.0,2.6957794192546203,115.99864891970645,100.67608099972713,63.56903694770155,166.4071516351533,53.6978940153622,106.28223546346028,105.15430641174316,20.739999771118164,11.49722351552895
186,2021-03-29,INTC,64.01000213623047,65.12999725341797,63.61000061035156,59.644718170166016,26161600.0,0.0,1.0181162605848044,61.769920069603366,54.335692494483546,57.07183068434111,94.32275948007359,35.325209730083344,57.75180880228678,54.709039497375485,20.739999771118164,11.49722351552895
186,2021-03-29,JNJ,163.8300018310547,167.02999877929688,163.6300048828125,155.35357666015625,8535100.0,0.0,0.8357839849064135,155.00372600874516,144.04255542436033,59.354924832522904,153.13069570157356,16.44632676957241,150.23167928059897,150.70279184977213,20.739999771118164,11.49722351552895
186,2021-03-29,JPM,152.1199951171875,153.72999572753906,151.0399932861328,141.2130889892578,17570300.0,0.0,1.8916013081235121,145.88242401405608,137.40022216514313,58.67567613656659,23.54348052209973,10.687156387879204,140.224994913737,132.48317591349283,20.739999771118164,11.49722351552895
186,2021-03-29,KO,52.72999954223633,53.939998626708984,52.709999084472656,49.95711898803711,17514100.0,0.0,0.6815253817372025,49.300917285398874,45.356145626588436,61.85709144348208,285.3913782966517,41.298871389370554,46.95461896260579,46.376608530680336,20.739999771118164,11.49722351552895
186,2021-03-29,MCD,224.8300018310547,227.8800048828125,224.3000030517578,215.1691131591797,3621300.0,0.0,3.9414048429241575,220.26444331277855,190.63426121603004,62.23871387091625,126.91514068420608,42.90604682504211,203.45938059488932,201.30543848673503,20.739999771118164,11.49722351552895
186,2021-03-29,MMM,193.6199951171875,196.72000122070312,193.50999450683594,175.7627410888672,2601800.0,0.0,3.8232897158993353,177.37105888628636,157.47964606976834,64.56578244088897,146.93959349429872,50.01476649988569,164.57559051513672,159.66278228759765,20.739999771118164,11.49722351552895
186,2021-03-29,MRK,73.77862548828125,74.9522933959961,73.635498046875,69.04232025146484,11448562.0,0.0,0.5878653664214397,70.10838759974514,62.64320465489353,55.12275627260852,147.67817851182213,13.49451306248942,65.90369669596355,67.76278368631999,20.739999771118164,11.49722351552895
186,2021-03-29,MSFT,236.58999633789062,236.8000030517578,231.8800048828125,230.08128356933594,25227500.0,0.0,0.37788806531966657,235.20129429570335,221.5527019811521,52.49800934912354,-4.141800389351057,3.561448692967447,229.60822550455728,226.45224329630534,20.739999771118164,11.49722351552895
186,2021-03-29,NKE,132.94000244140625,133.91000366210938,130.66000366210938,130.11224365234375,7153900.0,0.0,-1.3141331396743965,142.91317847515762,124.65563561175647,46.5746444834877,-94.53447243039022,14.350293620277654,134.2519073486328,135.56662457784017,20.739999771118164,11.49722351552895
186,2021-03-29,PG,135.0,137.60000610351562,135.0,129.28326416015625,11176000.0,0.0,1.7132725302916612,128.45823838548117,113.58155882521221,61.17917327528344,262.4495129120443,41.23548586545454,120.43787231445313,122.42590154012045,20.739999771118164,11.49722351552895
186,2021-03-29,TRV,151.80999755859375,154.5,150.77000427246094,145.5759735107422,1393700.0,0.0,1.21206675371144,151.49948124671084,137.70219569420715,57.06907312592955,39.11280171828668,12.046956835996573,142.87367604573566,138.25260734558105,20.739999771118164,11.49722351552895
186,2021-03-29,UNH,376.3599853515625,380.5,374.989990234375,366.13995361328125,2740400.0,0.0,9.854092546426045,370.9063233499917,316.8664671773521,67.09785773854934,139.76241687019058,58.744032264652034,334.79755350748695,332.98020426432294,20.739999771118164,11.49722351552895
186,2021-03-29,V,212.4499969482422,215.2899932861328,211.1199951171875,210.70616149902344,7792300.0,0.0,-0.2604523653573665,225.60953746215114,199.7731544934153,51.90400168166495,-15.343689189722543,1.4500270422788155,210.9497858683268,206.70676956176757,20.739999771118164,11.49722351552895
186,2021-03-29,VZ,58.09000015258789,58.97999954223633,57.95000076293945,50.23955154418945,18577300.0,0.0,0.4199028313787636,49.87039297000819,46.36017305477208,58.18056011222555,219.26183219923175,35.06764927837223,48.0841121673584,48.133300399780275,20.739999771118164,11.49722351552895
186,2021-03-29,WBA,52.11000061035156,52.97999954223633,51.65999984741211,46.906925201416016,5145000.0,0.0,0.9260222770524393,50.06774252106605,40.810983675223014,60.41887993164801,67.5288163083748,21.721222021674926,44.67231280008952,43.37682107289632,20.739999771118164,11.49722351552895
186,2021-03-29,WMT,135.0,137.00999450683594,134.60000610351562,131.49002075195312,10048800.0,0.0,-0.39837824371991815,131.7903766874637,121.15571782547576,49.804206983466564,58.123632427679595,6.118254263056564,128.01966018676757,133.39483375549315,20.739999771118164,11.49722351552895
187,2021-03-30,AAPL,120.11000061035156,120.4000015258789,118.86000061035156,118.15071868896484,85671900.0,1.0,-1.673478153167082,123.62262915687737,115.63305169029061,45.35296681855967,-90.2412092432723,25.384640807943022,121.2307757059733,126.51211789449056,19.610000610351562,11.514016333842271
187,2021-03-30,AMGN,253.17999267578125,254.00999450683594,248.8300018310547,230.45669555664062,1979000.0,1.0,4.649976732689851,239.3821979641101,201.39679526098757,58.71754522126214,126.41373073610872,48.16057454546592,217.63724060058593,219.27907282511393,19.610000610351562,11.514016333842271
187,2021-03-30,AXP,142.89999389648438,144.47999572753906,142.61000061035156,138.4635467529297,2034500.0,1.0,1.8029718093672216,145.5382592019789,131.94756385710312,58.11128117968848,42.67832296591855,12.642361905133939,135.9781130472819,127.32993570963542,19.610000610351562,11.514016333842271
187,2021-03-30,BA,251.24000549316406,253.5,248.91000366210938,252.00999450683594,12577300.0,1.0,7.100067389446451,273.9317314494325,218.0962699543761,57.92852047138472,61.91536555830765,14.330647790733641,236.4026667277018,221.72566655476888,19.610000610351562,11.514016333842271
187,2021-03-30,CAT,231.1999969482422,234.72000122070312,231.13999938964844,220.8905792236328,3139100.0,1.0,5.0295225721461065,224.19343994876397,200.88822661617746,63.02226298872184,137.11675820624538,19.59121029627651,209.49002176920573,195.63964970906576,19.610000610351562,11.514016333842271
187,2021-03-30,CRM,208.63999938964844,211.2899932861328,207.36000061035156,210.0,4717900.0,1.0,-4.027766345989079,217.24800774383849,204.60599158477478,43.65876713244506,-57.99654925473996,20.54884723815734,218.51399943033854,222.8028325398763,19.610000610351562,11.514016333842271
187,2021-03-30,CSCO,52.11000061035156,52.290000915527344,51.18000030517578,47.697940826416016,22465100.0,1.0,1.3008439283256408,49.08977329669598,41.281100345271796,64.66258615024587,126.81823795607848,28.604910119514628,44.15199712117513,43.17721716562907,19.610000610351562,11.514016333842271
187,2021-03-30,CVX,106.05999755859375,106.83000183105469,105.58999633789062,95.79680633544922,6284600.0,1.0,1.6075976346639607,102.29470627102862,91.09765594210614,58.95850620451034,31.209040597076786,9.191602717846846,94.4547721862793,87.64614384969076,19.610000610351562,11.514016333842271
187,2021-03-30,DIS,183.8300018310547,186.32000732421875,183.55999755859375,185.52999877929688,5929700.0,1.0,-0.566535746889798,201.37667154750156,182.10832906285,51.61689980975789,-97.75802614745174,8.942926772381318,191.4413324991862,184.4138328552246,19.610000610351562,11.514016333842271
187,2021-03-30,GS,329.4100036621094,335.75,328.8500061035156,311.8798522949219,2717300.0,1.0,3.729078916970309,330.4884436974053,301.6259392371651,59.268878945036825,7.50031512751086,3.6498594005052856,311.0010040283203,291.5161610921224,19.610000610351562,11.514016333842271
187,2021-03-30,HD,301.6499938964844,305.67999267578125,300.0400085449219,287.0599670410156,5045400.0,1.0,8.624968362509094,295.73336233183,229.62087503389262,64.94595041708027,142.11532900690878,50.56199560104269,258.79028065999347,257.90743662516275,19.610000610351562,11.514016333842271
187,2021-03-30,HON,219.0,219.30999755859375,217.0500030517578,207.66647338867188,2448100.0,1.0,2.8670955960953677,210.1967535256812,193.81636750703362,59.04537594739572,132.7426966187306,31.65810066130787,199.52242431640624,196.5932268778483,19.610000610351562,11.514016333842271
187,2021-03-30,IBM,129.88528442382812,130.27725219726562,128.12619018554688,114.07007598876953,5010758.0,1.0,2.74170003607928,116.38221062878324,101.51094733020113,61.82000307754547,136.51147011437772,39.8904282599679,106.69571634928386,105.30248120625814,19.610000610351562,11.514016333842271
187,2021-03-30,INTC,63.77000045776367,64.0,63.150001525878906,58.96967315673828,20709500.0,1.0,0.9593109817860963,61.84540413328611,54.49416381410158,55.92551226203377,52.57715066574686,31.122894662605837,57.791880162556964,54.928670501708986,19.610000610351562,11.514016333842271
187,2021-03-30,JNJ,165.02000427246094,165.66000366210938,164.22999572753906,154.3898468017578,7236300.0,1.0,1.001734938319288,155.68365927546233,143.9230667987564,57.70008623577648,135.5251245374718,16.44632676957241,150.26171112060547,150.83698221842448,19.610000610351562,11.514016333842271
187,2021-03-30,JPM,154.4600067138672,155.8699951171875,153.8800048828125,142.87789916992188,13184300.0,1.0,1.8680292174528006,145.89293722429414,137.80313668928005,60.00253815277784,80.41707257959625,17.429171480950462,140.5280527750651,132.9197048187256,19.610000610351562,11.514016333842271
187,2021-03-30,KO,53.75,53.790000915527344,52.93000030517578,49.3077278137207,14871800.0,1.0,0.7337911552412137,49.5593907710153,45.41899095811067,58.89089516446985,225.47346533431048,41.298871389370554,47.05651143391927,46.35747750600179,19.610000610351562,11.514016333842271
187,2021-03-30,MCD,226.1300048828125,227.02000427246094,224.22000122070312,212.9260711669922,2419000.0,1.0,3.859641067333598,220.89801596903172,191.54430275655423,59.52211519618546,103.83193755707916,42.374010800961,203.81475931803385,201.49018300374348,19.610000610351562,11.514016333842271
187,2021-03-30,MMM,194.97999572753906,196.6300048828125,193.8800048828125,174.7749786376953,1876700.0,1.0,3.8617984696535643,177.8486382122406,158.57615274234928,63.25878632452457,132.34007011950519,50.01476649988569,165.11465403238932,159.98123016357422,19.610000610351562,11.514016333842271
187,2021-03-30,MRK,74.42748260498047,74.50381469726562,73.27290344238281,67.86075592041016,10123366.0,1.0,0.5742040249144225,70.14574693287335,63.0242001191286,51.38459820941835,102.77849892404976,8.740881630290149,66.00235748291016,67.70212465922037,19.610000610351562,11.514016333842271
187,2021-03-30,MSFT,233.52999877929688,233.85000610351562,231.10000610351562,226.765625,24792000.0,1.0,0.1252250426913406,235.1374144068468,221.41901412098525,50.39011224942974,-51.883298502952584,5.9859944681330655,229.24014434814453,226.61429494222006,19.610000610351562,11.514016333842271
187,2021-03-30,NKE,132.35000610351562,133.35000610351562,131.22000122070312,129.5858917236328,6026600.0,1.0,-1.4504308036536884,142.9063878154708,124.26572369575968,46.136906325498735,-92.2338726507055,14.350293620277647,133.9766362508138,135.43288027445476,19.610000610351562,11.514016333842271
187,2021-03-30,PG,136.61000061035156,137.0,135.13999938964844,127.29093933105469,8090600.0,1.0,1.8576299297140935,129.17481237025282,113.95041040806747,57.315982123897726,202.58656228859567,41.23548586545455,120.67375259399414,122.38117243448893,19.610000610351562,11.514016333842271
187,2021-03-30,TRV,154.57000732421875,155.22999572753906,153.3000030517578,145.7462615966797,924000.0,1.0,1.2514564899853156,151.48369009987164,138.25958230003073,57.21521855056064,58.985910889587345,14.68419151457255,143.10753479003907,138.48011105855306,19.610000610351562,11.514016333842271
187,2021-03-30,UNH,377.54998779296875,379.8800048828125,371.79998779296875,360.82745361328125,3066000.0,1.0,9.741697129952115,371.79791452747537,319.8486491932278,63.4378952855113,118.601116066011,48.164093657405914,336.4102854410807,333.3685251871745,19.610000610351562,11.514016333842271
187,2021-03-30,V,213.00999450683594,214.14999389648438,211.41000366210938,208.1424560546875,5498000.0,1.0,-0.375437368951026,225.57668163617603,199.42587115923413,50.19753143741899,-31.767738035946724,1.4500270422788128,211.08075459798178,206.60050506591796,19.610000610351562,11.514016333842271
187,2021-03-30,VZ,58.869998931884766,58.970001220703125,58.22999954223633,50.03459930419922,13239700.0,1.0,0.49295728208632994,50.13245619030862,46.406396119872035,57.14660130666372,208.11212794158118,35.06764927837224,48.210500971476236,48.13987998962402,19.610000610351562,11.514016333842271
187,2021-03-30,WBA,52.54999923706055,53.27000045776367,52.2400016784668,47.022300720214844,7818600.0,1.0,0.9193526889814407,50.08461077038248,41.285816552005215,60.6716626498168,72.48692007257081,23.836197164713813,44.7996472676595,43.57617314656576,19.610000610351562,11.514016333842271
187,2021-03-30,WMT,136.3300018310547,137.58999633789062,135.47000122070312,130.59527587890625,9076700.0,1.0,-0.1948041249639232,132.31850092048333,121.221304682544,48.63593188529639,77.12692497780087,9.761508648421174,127.72094904581705,133.26958986918132,19.610000610351562,11.514016333842271
188,2021-03-31,AAPL,121.6500015258789,123.5199966430664,121.1500015258789,120.36788940429688,118323800.0,2.0,-1.496836968386944,123.63030383275122,115.63424618555933,47.45737647340163,-15.409239228965271,10.652641049407446,120.94533564249674,126.39605433146158,19.399999618530273,12.077475246755627
188,2021-03-31,AMGN,249.22999572753906,249.9499969482422,247.36000061035156,229.5893096923828,3571900.0,2.0,4.5265422773880175,239.7907200533875,203.28315079622186,57.96702397484028,98.20698803026356,41.60561295217772,218.04325154622396,219.64544932047525,19.399999618530273,12.077475246755627
188,2021-03-31,AXP,142.97999572753906,143.25999450683594,141.35000610351562,136.89559936523438,2957300.0,2.0,1.647952458117544,145.53528415559245,131.8805910885482,56.59127680102901,16.137583055971476,7.327929130709106,136.40608088175455,127.7197447458903,19.399999618530273,12.077475246755627
188,2021-03-31,BA,254.6999969482422,257.8800048828125,253.36000061035156,254.72000122070312,14138500.0,2.0,7.12503363055103,274.22957546976045,220.41442630025907,58.66008470574635,73.071197895518,19.535322963990325,237.70933329264324,222.59233322143555,19.399999618530273,12.077475246755627
188,2021-03-31,CAT,234.35000610351562,237.00999450683594,228.85000610351562,219.7438507080078,4512300.0,2.0,5.060412218318277,224.63266412038476,202.05630835275977,62.21630093788614,127.11980348957202,19.591210296276497,210.42414093017578,196.4402058919271,19.399999618530273,12.077475246755627
188,2021-03-31,CRM,210.44000244140625,213.6699981689453,210.11000061035156,211.8699951171875,6838000.0,2.0,-3.6895967952775095,217.1085426572865,205.33245618304554,44.791775078840004,-41.18749468542205,13.77882250281495,217.3209991455078,222.66216583251952,19.399999618530273,12.077475246755627
188,2021-03-31,CSCO,51.83000183105469,52.04999923706055,51.54999923706055,47.64265823364258,22212400.0,2.0,1.3005836914313207,49.14803780277743,41.82907897273527,64.41729279756728,118.42960010267363,28.604910119514614,44.319681549072264,43.29622402191162,19.399999618530273,12.077475246755627
188,2021-03-31,CVX,105.55000305175781,106.22000122070312,104.5999984741211,94.76586151123047,8954400.0,2.0,1.4195789285455902,102.24599714073793,91.2548863431488,57.36985966996433,9.77508662766307,3.4078909536401,94.7221560160319,87.9665926615397,19.399999618530273,12.077475246755627
188,2021-03-31,DIS,185.8300018310547,186.89999389648438,184.4199981689453,184.52000427246094,8478000.0,2.0,-0.859647543089352,201.5099215575027,181.20108002941134,50.94431409906455,-95.37064212446154,7.002638324710822,191.37733256022136,184.5278330485026,19.399999618530273,12.077475246755627
188,2021-03-31,GS,330.2300109863281,332.6499938964844,325.44000244140625,307.1735534667969,2624500.0,2.0,2.9937900077372888,330.66145828097086,300.7549693313338,56.923972379554606,-29.030970646725223,1.2561747371990168,311.48583170572914,292.5030746459961,19.399999618530273,12.077475246755627
188,2021-03-31,HD,305.5,308.0199890136719,304.1400146484375,287.46484375,4744100.0,2.0,9.01641838261736,298.1580738016547,231.85706291709528,65.10209709261086,140.17444826117813,53.241940880389414,259.6089421590169,258.58193054199216,19.399999618530273,12.077475246755627
188,2021-03-31,HON,218.19000244140625,219.1699981689453,216.75,206.69520568847656,2450000.0,2.0,2.8597556797213883,210.59145398933498,194.3795878807822,58.07942208596112,117.16553842939813,30.25035344179065,200.03216451009115,196.75250574747722,19.399999618530273,12.077475246755627
188,2021-03-31,IBM,128.62332153320312,128.78585815429688,126.8738021850586,112.83387756347656,5172575.0,2.0,2.6478191630714747,116.5889603719232,102.22712315468812,59.64584297522767,107.45571436533797,28.999173267635133,107.0708132425944,105.45706901550292,19.399999618530273,12.077475246755627
188,2021-03-31,INTC,64.01000213623047,64.48999786376953,63.58000183105469,59.18235778808594,33013200.0,2.0,0.9192724464041717,61.81610005914755,54.90260492742471,56.21216990448386,66.83742534673875,33.475203664100555,57.85815226236979,55.154144223531084,19.399999618530273,12.077475246755627
188,2021-03-31,JNJ,164.9600067138672,165.38999938964844,163.6999969482422,153.77236938476562,8281500.0,2.0,1.0710802510243411,156.05730905600984,144.31009359291596,56.653169564559285,121.97801220217247,12.749707246143394,150.25287424723308,150.97451883951823,19.399999618530273,12.077475246755627
188,2021-03-31,JPM,153.27999877929688,154.49000549316406,152.1199951171875,140.79689025878906,16736700.0,2.0,1.662266564130931,145.88502157217695,137.74815713876055,57.61057392303606,23.51452348543707,10.120962998547968,140.74787038167318,133.33991584777831,19.399999618530273,12.077475246755627
188,2021-03-31,KO,53.029998779296875,53.16999816894531,52.5,48.89952850341797,15826500.0,2.0,0.7338149227744353,49.66919892735564,45.60072180323519,57.11010602532791,158.66682145425725,31.235340774145428,47.149090957641604,46.363438288370766,19.399999618530273,12.077475246755627
188,2021-03-31,MCD,224.00999450683594,226.49000549316406,224.0,212.1310577392578,3564100.0,2.0,3.688176741027945,220.9481535518958,193.22800764195182,58.5845355244585,90.15128351291438,40.83272605941691,204.19317881266275,201.7300298055013,19.399999618530273,12.077475246755627
188,2021-03-31,MMM,193.94000244140625,194.42999267578125,192.0500030517578,173.01499938964844,2426900.0,2.0,3.707562841330173,177.8858429428064,159.8517348770178,60.9833663610788,100.84535115970863,37.47082808657189,165.59445241292318,160.31368815104167,19.399999618530273,12.077475246755627
188,2021-03-31,MRK,73.5687026977539,74.13167572021484,73.12976837158203,67.97537231445312,13598219.0,2.0,0.5661002471911161,70.18529619913338,63.375133183190854,51.71319839268251,88.2529934204558,6.8523548245234505,66.06725311279297,67.65561319986979,19.399999618530273,12.077475246755627
188,2021-03-31,MSFT,232.91000366210938,239.10000610351562,232.38999938964844,230.5996551513672,43623500.0,2.0,0.2316911761520828,235.05497572802375,222.30444810010124,52.663690691290256,41.42533741370825,10.248871401883566,228.9653065999349,226.91717402140299,19.399999618530273,12.077475246755627
188,2021-03-31,NKE,133.08999633789062,134.17999267578125,131.9199981689453,129.52743530273438,6878900.0,2.0,-1.5453507870292924,142.94034875246453,124.09823156980107,46.08714133930304,-78.26427084518544,11.430614292766949,133.6254903157552,135.32037213643392,19.399999618530273,12.077475246755627
188,2021-03-31,PG,135.67999267578125,136.75,135.25999450683594,127.27214050292969,9202600.0,2.0,1.9480612628617138,129.64079198024942,114.63751917697715,57.28067644082633,173.15546717013532,41.23548586545455,120.8920903523763,122.35668080647787,19.399999618530273,12.077475246755627
188,2021-03-31,TRV,154.02999877929688,154.1300048828125,150.25,142.31149291992188,1705200.0,2.0,0.9940571411709129,151.46433494795653,138.3274268318286,53.4206646013403,1.4555175117253842,1.1396858500428866,143.19459177652996,138.7243980407715,19.399999618530273,12.077475246755627
188,2021-03-31,UNH,372.79998779296875,377.0,371.79998779296875,359.38824462890625,3356500.0,2.0,9.42781285755143,371.4627648689251,324.0840155265827,62.482735161652755,106.3860189189289,48.16409365740591,337.90317789713544,333.7517883300781,19.399999618530273,12.077475246755627
188,2021-03-31,V,212.5500030517578,214.11000061035156,211.5500030517578,207.97544860839844,13180000.0,2.0,-0.47456937752235717,225.56659429793604,199.12948877091162,50.086560296404045,-35.463289111035415,1.4500270422788237,211.21892649332682,206.50731252034504,19.399999618530273,12.077475246755627
188,2021-03-31,VZ,58.400001525878906,58.52000045776367,58.060001373291016,49.658843994140625,19531700.0,2.0,0.5146011457176485,50.28975677705649,46.48564758085367,55.28325051191107,156.54358899172087,30.679086254524695,48.243521245320636,48.1387887318929,19.399999618530273,12.077475246755627
188,2021-03-31,WBA,54.25,56.779998779296875,54.0099983215332,48.72639465332031,13471800.0,2.0,1.0395893916922745,50.29895350941426,41.71672070018046,64.16814772613586,132.05834706125626,43.564335652675176,44.971476491292314,43.78165448506673,19.399999618530273,12.077475246755627
188,2021-03-31,WMT,135.5500030517578,136.86000061035156,134.9600067138672,130.68186950683594,8182000.0,2.0,-0.02618098895314347,132.57199512945022,121.81162074579392,48.75627735212162,86.95979283852665,5.8987377327598445,127.37594172159831,133.10778516133627,19.399999618530273,12.077475246755627
189,2021-04-01,AAPL,123.66000366210938,124.18000030517578,122.48999786376953,121.20548248291016,75089100.0,3.0,-1.2745683647138577,123.7848594023988,115.76250311591174,48.23639080856005,22.37837114273244,7.78881145353932,120.72493209838868,126.26771252950033,17.329999923706055,13.818644316070843
189,2021-04-01,AMGN,249.72999572753906,250.0,246.41000366210938,229.92149353027344,2176900.0,3.0,4.404748839050029,239.5915645163358,205.9977192361056,58.17880204388246,88.70496325505587,37.40597992628579,218.55506947835286,220.00056966145834,17.329999923706055,13.818644316070843
189,2021-04-01,AXP,142.33999633789062,144.6300048828125,142.2100067138672,139.925048828125,2629200.0,3.0,1.7493839496697206,145.6501701055508,131.99001849308198,58.74795502887122,41.75264675915049,12.145604841130062,136.9372823079427,128.14994773864746,17.329999923706055,13.818644316070843
189,2021-04-01,BA,256.6700134277344,257.8800048828125,251.30999755859375,252.9600067138672,10934500.0,3.0,6.922998689212392,273.5269664722193,223.94203529780017,57.98271244141826,63.96227587932349,16.009146931221874,239.19200032552084,223.28116658528646,17.329999923706055,13.818644316070843
189,2021-04-01,CAT,231.3000030517578,235.0,227.58999633789062,220.568359375,3787100.0,3.0,5.092717763901959,224.57722631526582,204.00430902408965,62.572318477698694,111.34984831198365,16.090312488763395,211.46092732747397,197.2310941060384,17.329999923706055,13.818644316070843
189,2021-04-01,CRM,213.60000610351562,218.92999267578125,213.3699951171875,218.72000122070312,7763500.0,3.0,-2.8361632211315566,217.99880173150964,205.78119704778723,48.700988232261075,3.035188504761568,0.4511789122352336,216.37799936930338,222.61549911499023,17.329999923706055,13.818644316070843
189,2021-04-01,CSCO,51.75,52.06999969482422,51.349998474121094,47.891422271728516,17896200.0,3.0,1.3054027602482492,48.98906032057763,42.67169216660499,65.03472895674551,111.32435472699976,25.333145447529503,44.492894109090166,43.41906973520915,17.329999923706055,13.818644316070843
189,2021-04-01,CVX,105.26000213623047,105.86000061035156,104.20999908447266,95.634033203125,8515800.0,3.0,1.3253491492758371,102.22796655951099,91.3859593743269,58.34757968433761,4.340277496140036,1.1516588419041696,95.04621124267578,88.26747639973958,17.329999923706055,13.818644316070843
189,2021-04-01,DIS,186.42999267578125,189.10000610351562,185.58999633789062,188.97000122070312,7749400.0,3.0,-0.7245114725245116,201.50065816627597,181.30434366477874,53.69444144892668,-59.10844682235681,0.20428653921042983,191.57633260091146,184.70333302815754,17.329999923706055,13.818644316070843
189,2021-04-01,GS,324.29998779296875,329.6600036621094,324.1600036621094,307.7747802734375,2659000.0,3.0,2.431552801229884,330.7385264121187,300.522905472647,57.148025892259554,-47.40256821568527,3.0966045068182906,312.07928059895835,293.4075314839681,17.329999923706055,13.818644316070843
189,2021-04-01,HD,306.8800048828125,308.54998779296875,303.8900146484375,289.8192138671875,3923900.0,3.0,9.40817178797505,299.46025137294004,236.05298867832954,66.0128171738636,132.82438736438104,53.847674902539566,260.4396377563477,259.26244150797527,17.329999923706055,13.818644316070843
189,2021-04-01,HON,217.9600067138672,217.97000122070312,215.49000549316406,206.4381103515625,2109600.0,3.0,2.800906194948368,210.15740732897325,196.13338856946427,57.82040398044484,96.83376287592937,24.284130914898594,200.48214162190754,196.89944127400716,17.329999923706055,13.818644316070843
189,2021-04-01,IBM,127.87763214111328,128.04014587402344,126.45315551757812,112.8084716796875,4261404.0,3.0,2.542064514993058,116.30313211637049,103.62384771151038,59.601278637760196,95.29696983818974,25.49128506594926,107.42361373901367,105.58059641520182,17.329999923706055,13.818644316070843
189,2021-04-01,INTC,64.72000122070312,64.88999938964844,63.58000183105469,59.69095993041992,31416300.0,3.0,0.9179994349218532,61.450672251850186,55.843211262554114,56.905536733032136,76.76666566629697,35.40042343135921,57.948775100708005,55.373694547017415,17.329999923706055,13.818644316070843
189,2021-04-01,JNJ,162.60000610351562,163.83999633789062,162.25999450683594,152.3501739501953,7229700.0,3.0,0.9997530938215959,155.57949205210406,145.7010926646928,54.3054794880401,78.70994510123167,3.2317388766306063,150.19415028889975,151.0598368326823,17.329999923706055,13.818644316070843
189,2021-04-01,JPM,151.89999389648438,153.7899932861328,151.5500030517578,142.16574096679688,16561500.0,3.0,1.5913093672767502,145.84866423097432,138.07585816892802,58.73007405831762,17.940261703637923,7.798414805880275,140.99820912679036,133.7724589029948,17.329999923706055,13.818644316070843
189,2021-04-01,KO,52.959999084472656,53.150001525878906,52.459999084472656,48.7139892578125,15834700.0,3.0,0.7106701293373519,49.69763108833412,45.84895475761314,56.30947466940119,135.9094612929389,30.312424365761093,47.215857696533206,46.37520058949789,17.329999923706055,13.818644316070843
189,2021-04-01,MCD,224.6699981689453,226.22000122070312,223.27999877929688,213.1437225341797,2441200.0,3.0,3.592590466269087,220.66548238821574,195.43853982858113,59.426676720626155,83.30883951208891,35.693667367800394,204.54327189127605,201.96700159708658,17.329999923706055,13.818644316070843
189,2021-04-01,MMM,193.25,193.9199981689453,190.83999633789062,173.03297424316406,1902100.0,3.0,3.5459054246468895,177.58004108376412,161.5107304006109,60.99818835254629,87.54635505546366,29.799461356729857,165.99343617757162,160.65075022379557,17.329999923706055,13.818644316070843
189,2021-04-01,MRK,73.6259536743164,73.91221618652344,73.30152893066406,67.97537231445312,9121373.0,3.0,0.5532998487219487,69.98546393349481,64.06422059104132,51.71319839268251,80.96140444470042,6.852354824523448,66.13593673706055,67.60706253051758,17.329999923706055,13.818644316070843
189,2021-04-01,MSFT,238.47000122070312,242.83999633789062,238.0500030517578,237.03536987304688,30338000.0,3.0,0.82585480636331,235.98567051899295,222.9014983652844,56.15304935105402,187.85690556152946,19.624468661218323,228.918359375,227.32390009562175,17.329999923706055,13.818644316070843
189,2021-04-01,NKE,134.69000244140625,134.69000244140625,132.2100067138672,129.17652893066406,5720600.0,3.0,-1.6300999912974987,142.91507583460793,124.1712644974233,45.78049471400913,-71.16557688681499,9.59259442834605,133.22698160807292,135.1836961110433,17.329999923706055,13.818644316070843
189,2021-04-01,PG,135.0500030517578,135.47999572753906,133.3300018310547,126.19140625,9117800.0,3.0,1.9104994750614708,129.56474936575518,115.85349327950847,55.25643128594636,123.36254645186487,23.15127273952141,121.04088567097982,122.3004763285319,17.329999923706055,13.818644316070843
189,2021-04-01,TRV,150.25,151.3000030517578,149.4600067138672,142.51966857910156,1680000.0,3.0,0.7976693034740379,151.31142899877787,138.70868055932758,53.61354852541423,-27.258615878987605,2.0628491860825173,143.31242828369142,138.9897211710612,17.329999923706055,13.818644316070843
189,2021-04-01,UNH,372.20001220703125,372.69000244140625,365.760009765625,354.55865478515625,2977700.0,3.0,8.689186242265407,369.72426109906274,329.1492984712498,59.379099933908044,78.77294075021724,29.49172206437627,339.1853535970052,334.1299550374349,17.329999923706055,13.818644316070843
189,2021-04-01,V,213.77999877929688,217.74000549316406,212.3000030517578,213.0144805908203,6138400.0,3.0,-0.14485464629504463,225.65276258286343,199.56981126967565,53.30837956032053,2.632338998092517,9.192342561096108,211.4648198445638,206.55122807820638,17.329999923706055,13.818644316070843
189,2021-04-01,VZ,58.02000045776367,58.38999938964844,57.7400016784668,49.786949157714844,12885100.0,3.0,0.5359134035404907,50.38212599011739,46.69217134264629,55.79163632434363,135.83307539488172,22.6596864640701,48.28109639485677,48.14363473256429,17.329999923706055,13.818644316070843
189,2021-04-01,WBA,54.56999969482422,55.470001220703125,53.150001525878906,48.59326171875,8647300.0,3.0,1.1113244729194562,50.25627945724145,42.45966979202613,63.710373355619545,101.45675695469588,34.44357300885334,45.1439567565918,43.988433583577475,17.329999923706055,13.818644316070843
189,2021-04-01,WMT,135.94000244140625,136.88999938964844,135.3300018310547,130.47982788085938,8531700.0,3.0,0.09011223278884017,132.62879648954632,122.58417348115678,48.482101039381995,94.44978900261404,6.106509316742352,127.32887446085611,132.95506833394367,17.329999923706055,13.818644316070843
190,2021-04-05,AAPL,123.87000274658203,126.16000366210938,123.06999969482422,124.06318664550781,88651200.0,0.0,-0.8579362962759802,124.4390462751844,115.54978123946405,50.81042442946667,99.57986158380702,0.4718460275227387,120.59452997843424,126.25931866963704,17.90999984741211,17.873829551568072
190,2021-04-05,AMGN,249.05999755859375,252.6300048828125,249.05999755859375,232.55133056640625,2230500.0,0.0,4.468917631393566,240.1376340240758,207.69300867611952,59.83609898154352,100.17542247038358,42.45638332891997,219.18038584391277,220.31571222941082,17.90999984741211,17.873829551568072
190,2021-04-05,AXP,146.91000366210938,147.47999572753906,145.61000061035156,141.3671875,2960100.0,0.0,1.9239594687314536,145.53632149345796,132.0236821686514,59.73315084228132,88.18038736454334,21.249463770224803,137.41298116048176,128.5338296254476,17.90999984741211,17.873829551568072
190,2021-04-05,BA,256.55999755859375,260.4800109863281,256.25,259.3599853515625,13750300.0,0.0,7.196354239726617,272.6239840592483,228.45901612385714,59.73189981437974,80.17115658729223,19.239072995627417,240.5883331298828,224.0866663614909,17.90999984741211,17.873829551568072
190,2021-04-05,CAT,235.0,235.66000366210938,232.3699951171875,221.4876251220703,2323400.0,0.0,5.13332344737168,225.3382249397528,204.5274473624933,62.974696872472386,128.26155139203098,17.443529412920824,212.212771097819,197.87673212687176,17.90999984741211,17.873829551568072
190,2021-04-05,CRM,219.61000061035156,221.83999633789062,218.92999267578125,220.2899932861328,5553200.0,0.0,-2.009956202309098,219.5042404770631,205.22875818016348,49.54800818361595,46.7244290671176,6.056563003345584,215.50233256022136,222.68449910481772,17.90999984741211,17.873829551568072
190,2021-04-05,CSCO,51.630001068115234,52.91999816894531,51.630001068115234,48.63378143310547,19860900.0,0.0,1.3535215334739377,49.143051709860835,43.11986638095947,66.81250588417052,123.43286512520412,33.068899666791154,44.711121495564775,43.54783865610759,17.90999984741211,17.873829551568072
190,2021-04-05,CVX,105.7300033569336,105.83000183105469,104.16999816894531,94.51264953613281,8692700.0,0.0,1.1469635977884565,102.05051484442781,91.15736174248626,56.61264530201931,-12.238758994174594,0.9102600342104681,95.30877151489258,88.5080561319987,17.90999984741211,17.873829551568072
190,2021-04-05,DIS,191.47000122070312,191.6699981689453,188.08999633789062,188.5,7405300.0,0.0,-0.6478720676363707,201.4918070845509,181.16419419718736,53.367550233568835,-39.615882648041655,7.946517441761129,191.73799947102864,184.8596664428711,17.90999984741211,17.873829551568072
190,2021-04-05,GS,332.8500061035156,332.8500061035156,323.04998779296875,303.92333984375,3235000.0,0.0,1.6561061487349775,331.04312334371195,299.8585246055068,55.243845375539756,-59.45357225276237,1.7803942460707742,312.3659423828125,294.01979955037433,17.90999984741211,17.873829551568072
190,2021-04-05,HD,309.8399963378906,315.8500061035156,309.739990234375,297.02349853515625,4697200.0,0.0,10.182586232489541,301.60049566578465,239.88888574290678,68.60621226992488,147.5368261242323,61.24058580435069,261.61685231526695,260.0393140157064,17.90999984741211,17.873829551568072
190,2021-04-05,HON,218.7100067138672,220.11000061035156,218.3699951171875,208.79006958007812,2258700.0,0.0,2.9105005690397263,210.5031727806016,196.99597120133197,59.52851397324109,128.3533085922365,30.09742637356288,201.0092529296875,197.0255360921224,17.90999984741211,17.873829551568072
190,2021-04-05,IBM,127.76290893554688,130.67877197265625,127.53346252441406,115.0946044921875,5722980.0,0.0,2.612608482139663,116.59742376235197,104.43875787827302,62.2283034352592,121.00621876300792,36.98201071868809,107.90172780354818,105.69835968017578,17.90999984741211,17.873829551568072
190,2021-04-05,INTC,64.94999694824219,66.73999786376953,64.69999694824219,61.53115463256836,27947500.0,0.0,1.053336687807409,61.746265936817395,56.08395752814843,59.31674213267199,140.50824187352924,43.48624805721558,58.05758425394694,55.61640847524007,17.90999984741211,17.873829551568072
190,2021-04-05,JNJ,163.63999938964844,164.75,162.66000366210938,152.91156005859375,7387100.0,0.0,0.9772597332207908,155.5171972882568,146.4492104876221,55.06583873168524,100.01292227126864,8.452330645002847,150.23968556722005,151.13142013549805,17.90999984741211,17.873829551568072
190,2021-04-05,JPM,154.39999389648438,154.94000244140625,152.60000610351562,142.9193115234375,13508000.0,0.0,1.5776954327523356,145.86848072117849,138.3903709023567,59.341590436908064,49.40204786479735,11.809949111657932,141.1987503051758,134.1266134897868,17.90999984741211,17.873829551568072
190,2021-04-05,KO,52.349998474121094,53.220001220703125,52.290000915527344,48.992305755615234,16368700.0,0.0,0.7066398251377279,49.81843144585775,45.95444643805339,57.23969713147665,127.5428794628501,26.27803880797971,47.312142817179364,46.41705614725749,17.90999984741211,17.873829551568072
190,2021-04-05,MCD,226.60000610351562,229.5,226.19000244140625,216.58872985839844,2866300.0,0.0,3.7515751319510287,220.93504393582506,197.2018914889796,62.13620804408786,105.71247542121955,45.396615306040644,205.10821940104168,202.26891479492187,17.90999984741211,17.873829551568072
190,2021-04-05,MMM,193.88999938964844,195.9499969482422,193.7100067138672,175.0712890625,1963000.0,0.0,3.541442187196566,177.82178041854795,162.54137265762395,62.66212035153373,106.80924824760548,36.185790294088505,166.5450703938802,160.9830426534017,17.90999984741211,17.873829551568072
190,2021-04-05,MRK,73.96946716308594,74.34160614013672,73.26335906982422,67.89602661132812,9828144.0,0.0,0.5306360633618112,69.81813597733671,64.62895493452854,51.45553707516169,79.72047927805204,12.08619657205707,66.23402506510416,67.53854204813639,17.90999984741211,17.873829551568072
190,2021-04-05,MSFT,242.75999450683594,249.9600067138672,242.6999969482422,243.60800170898438,36910600.0,0.0,1.806268682399974,239.25145196185392,221.3444068027945,59.32105993554757,325.0268053005788,33.7155557388067,229.18243815104168,227.93205998738605,17.90999984741211,17.873829551568072
190,2021-04-05,NKE,133.10000610351562,135.67999267578125,133.10000610351562,131.7009735107422,5508900.0,0.0,-1.4765421080108467,142.89423067879608,124.36462857413363,48.33862255010298,-38.47196468291405,5.965763083554438,133.0121627807617,135.07093620300293,17.90999984741211,17.873829551568072
190,2021-04-05,PG,134.9600067138672,137.25,134.72999572753906,128.230712890625,8279100.0,0.0,2.021978382161734,130.16343451965855,116.23874062072228,58.14379624051357,143.2842715258087,31.722021991280496,121.3331522623698,122.2555300394694,17.90999984741211,17.873829551568072
190,2021-04-05,TRV,152.25,152.42999267578125,150.60000610351562,143.85385131835938,1260700.0,0.0,0.7411444719033398,151.31283603362593,138.75472683258502,54.85302983174759,-3.668485901274018,2.650408392130411,143.53057352701822,139.2056037902832,17.90999984741211,17.873829551568072
190,2021-04-05,UNH,369.6199951171875,372.6300048828125,367.6400146484375,357.5626525878906,2709400.0,0.0,8.251103263074071,369.8473880328444,331.37419399840564,60.637183316153326,82.38066245192212,29.49172206437628,340.69054158528644,334.3260665893555,17.90999984741211,17.873829551568072
190,2021-04-05,V,218.60000610351562,220.50999450683594,217.30999755859375,215.1558837890625,10440500.0,0.0,0.2859438130310821,225.86970444937768,199.70943526009498,54.59676284456681,43.574616864815155,16.350238963103074,211.93336181640626,206.66172688802084,17.90999984741211,17.873829551568072
190,2021-04-05,VZ,58.529998779296875,59.130001068115234,58.459999084472656,50.27371597290039,14326300.0,0.0,0.5853341673932491,50.626457275535856,46.69293206772586,57.68275242545523,170.79522304594832,32.846762902029255,48.34998423258464,48.14659525553385,17.90999984741211,17.873829551568072
190,2021-04-05,WBA,54.880001068115234,56.97999954223633,54.880001068115234,50.41273880004883,6142100.0,0.0,1.3000059764014082,50.48473676450782,43.08325830690331,67.03518436108547,138.40059296803827,41.427815901013716,45.37886110941569,44.19813658396403,17.90999984741211,17.873829551568072
190,2021-04-05,WMT,136.72000122070312,140.16000366210938,136.1999969482422,134.14540100097656,13347700.0,0.0,0.4726086271226393,133.59470698922323,122.66183750540566,53.40030726029374,169.7889319579168,25.319900417959364,127.38227717081706,132.8489134470622,17.90999984741211,17.873829551568072
191,2021-04-06,AAPL,126.5,127.12999725341797,125.6500015258789,124.36863708496094,80171300.0,1.0,-0.4973716914036004,124.57921170026505,116.38024493425642,51.07940945301382,151.91315990990918,4.312139468141783,120.6014274597168,126.18517163594564,18.1200008392334,13.658133748783571
191,2021-04-06,AMGN,251.74000549316406,252.5399932861328,248.24000549316406,229.85690307617188,2040100.0,1.0,4.253324405303346,239.96403107955933,209.83114409133913,57.42419670221879,84.688286137418,38.72587939953056,219.7226547241211,220.5741933186849,18.1200008392334,13.658133748783571
191,2021-04-06,AXP,145.97999572753906,146.52999877929688,144.3800048828125,141.45425415039062,2851200.0,1.0,2.0457551840533483,144.8361764228614,132.36864535448234,59.79312242262399,68.84466611680264,15.717432220946579,137.7552007039388,128.93476282755535,18.1200008392334,13.658133748783571
191,2021-04-06,BA,257.2099914550781,259.3500061035156,254.66000366210938,255.1699981689453,11180300.0,1.0,6.994267967131833,270.37330169950155,233.82369842256878,58.09396444122943,66.73840024320583,16.315042320506976,241.9979995727539,224.7943328857422,18.1200008392334,13.658133748783571
191,2021-04-06,CAT,232.5,236.67999267578125,230.22999572753906,218.5782012939453,2614500.0,1.0,4.874546814828051,225.6166257915639,205.1076677265025,60.83341854726591,102.79694318492025,11.226341831214338,212.61017506917318,198.4680669148763,18.1200008392334,13.658133748783571
191,2021-04-06,CRM,219.82000732421875,221.5500030517578,218.25,221.08999633789062,5448500.0,1.0,-1.2759196198742302,220.8158328007025,205.25416536824278,49.983336385309414,62.69878142397835,4.3676182211295975,214.8403325398763,222.73633244832357,18.1200008392334,13.658133748783571
191,2021-04-06,CSCO,51.97999954223633,52.220001220703125,51.779998779296875,48.281158447265625,15126100.0,1.0,1.347667211250716,49.29925413076287,43.414478016453934,65.18395666820604,108.14205676160721,33.06889966679114,44.925272623697914,43.66213143666585,18.1200008392334,13.658133748783571
191,2021-04-06,CVX,104.25,105.08000183105469,103.44999694824219,93.67161560058594,8125100.0,1.0,0.9270410016474528,101.77215940801123,90.8777391210415,55.336056689839374,-37.848026112375535,3.519972549432414,95.4652224222819,88.7283763885498,18.1200008392334,13.658133748783571
191,2021-04-06,DIS,188.5,191.27999877929688,187.8699951171875,189.72999572753906,7926200.0,1.0,-0.4823244750840274,199.59055465448006,181.8474458338012,54.12366977931914,-36.61463341598115,7.185582358346555,191.6703328450521,185.04549967447917,18.1200008392334,13.658133748783571
191,2021-04-06,GS,324.489990234375,328.5400085449219,324.0,307.2299499511719,1801700.0,1.0,1.293464635848352,331.1280320150314,299.10384664707794,56.53024854717493,-65.49021141429604,1.7803942460707725,312.7238362630208,294.59204889933267,18.1200008392334,13.658133748783571
191,2021-04-06,HD,313.6099853515625,315.94000244140625,313.1300048828125,295.49786376953125,3988600.0,1.0,10.551577269167694,303.10554519177913,243.69174789904113,67.47823537744249,135.40462013616923,61.32223423658007,262.86144460042317,260.8111930847168,18.1200008392334,13.658133748783571
191,2021-04-06,HON,219.57000732421875,221.0500030517578,218.50999450683594,208.71389770507812,1796000.0,1.0,2.957120620603746,210.77887364115037,197.8143545082637,59.447857776262836,126.47030075313707,32.52977958993214,201.53192952473958,197.14483083089192,18.1200008392334,13.658133748783571
191,2021-04-06,IBM,129.61758422851562,129.67495727539062,128.193115234375,113.64671325683594,3787566.0,1.0,2.522603360905805,116.69756803373731,105.13537569184864,59.68544194113277,104.81214060091388,36.98201071868809,108.27880020141602,105.79616889953613,18.1200008392334,13.658133748783571
191,2021-04-06,INTC,66.05999755859375,66.58000183105469,65.29000091552734,60.62492752075195,28771400.0,1.0,1.07507468969186,61.55687970261191,56.80136195083047,57.67282291460489,123.31622988688086,43.486248057215576,58.20708147684733,55.8273208618164,18.1200008392334,13.658133748783571
191,2021-04-06,JNJ,164.0800018310547,164.52000427246094,163.0,152.87413024902344,5074200.0,1.0,0.9455140130895074,155.51500953955497,147.01184745507396,55.002711315142655,95.0785525047336,8.45233064500285,150.28709157307944,151.1940119425456,18.1200008392334,13.658133748783571
191,2021-04-06,JPM,152.7899932861328,154.27999877929688,151.86000061035156,141.91453552246094,13071600.0,1.0,1.4688967383006002,145.87992039849945,138.42780054876619,58.15304590161397,13.435955258759854,8.560997163305696,141.32294514973958,134.39742902119954,18.1200008392334,13.658133748783571
191,2021-04-06,KO,53.040000915527344,53.650001525878906,52.900001525878906,49.34482955932617,15614300.0,1.0,0.7235508608883165,50.006747585677175,45.94947113380525,58.40024506142029,147.52658688131743,31.972641144068735,47.40423113505046,46.47337430318196,18.1200008392334,13.658133748783571
191,2021-04-06,MCD,229.7100067138672,232.27000427246094,228.72000122070312,219.48480224609375,3230900.0,1.0,4.064408492037074,221.6594009075448,198.63537753483803,64.21448483872344,121.40142442809045,51.942675571671245,205.7753463745117,202.60373255411784,18.1200008392334,13.658133748783571
191,2021-04-06,MMM,195.0,195.61000061035156,193.99000549316406,174.95458984375,1472700.0,1.0,3.488277693827257,178.19574910604246,163.16142557657474,62.504184825189505,99.71064757887751,36.185790294088505,167.10538533528646,161.37974014282227,18.1200008392334,13.658133748783571
191,2021-04-06,MRK,73.38740539550781,73.41603088378906,72.17557525634766,66.82907104492188,13394698.0,1.0,0.42171913718840415,69.67239061717751,64.97450727100608,48.12033147275525,31.002203570010696,2.716543362031099,66.27848383585612,67.42834726969402,18.1200008392334,13.658133748783571
191,2021-04-06,MSFT,247.61000061035156,249.39999389648438,246.8800048828125,242.42453002929688,22931900.0,1.0,2.459406956329417,240.98321906345967,221.6147469399583,58.53330327711357,284.05553338337137,33.7155557388067,229.61767985026043,228.42226231892903,18.1200008392334,13.658133748783571
191,2021-04-06,NKE,135.44000244140625,137.7100067138672,134.92999267578125,133.6893768310547,4670100.0,1.0,-1.180787466117323,142.9474869055139,124.56479336792361,50.2511667816093,3.676144272342559,1.2011150826500783,133.03709208170574,134.94916547139485,18.1200008392334,13.658133748783571
191,2021-04-06,PG,136.0,137.02000427246094,135.63999938964844,128.27769470214844,6180600.0,1.0,2.0900247543741983,130.73551024880948,116.53030853781159,58.20807003944674,131.8034292036469,31.722021991280492,121.64390106201172,122.23176142374675,18.1200008392334,13.658133748783571
191,2021-04-06,TRV,152.02999877929688,153.94000244140625,151.4499969482422,143.5888671875,1349200.0,1.0,0.6672742091294879,151.1518100719618,138.61769066046008,54.55352800364918,9.156160288947186,8.674798958230145,143.67840321858725,139.41754023234049,18.1200008392334,13.658133748783571
191,2021-04-06,UNH,368.7799987792969,369.7900085449219,362.7200012207031,351.9506530761719,2698600.0,1.0,7.366165318179412,369.50297739761754,333.2099406932027,57.2127108370465,57.07009935133431,15.896532247394587,341.910487874349,334.3362442016602,18.1200008392334,13.658133748783571
191,2021-04-06,V,217.6199951171875,219.39999389648438,215.33999633789062,214.77276611328125,7828100.0,1.0,0.5896432607253246,225.71775200708555,199.70226142064882,54.31935563501576,23.235801741303852,9.77204270101559,212.27158864339194,206.74638875325522,18.1200008392334,13.658133748783571
191,2021-04-06,VZ,58.810001373291016,59.11000061035156,58.68000030517578,50.478675842285156,12198300.0,1.0,0.6337337392813112,50.88428242458586,46.63323046909089,58.45683004965458,159.88352932138548,32.846762902029255,48.42570406595866,48.15485045115153,18.1200008392334,13.658133748783571
191,2021-04-06,WBA,56.47999954223633,57.04999923706055,55.529998779296875,49.436431884765625,4807700.0,1.0,1.3551364491193638,50.53585785827433,43.67294684448445,63.79099018981233,126.77175892197991,41.73541995706382,45.58122189839681,44.35889218648275,18.1200008392334,13.658133748783571
191,2021-04-06,WMT,139.11000061035156,140.9499969482422,138.52000427246094,134.79000854492188,10348200.0,1.0,0.8183211204667202,134.31148845640908,123.17189548524132,54.19578996687129,196.42861383760902,29.06831477316798,127.47792587280273,132.75366147359213,18.1200008392334,13.658133748783571
192,2021-04-07,AAPL,125.83000183105469,127.91999816894531,125.13999938964844,126.03398895263672,83466700.0,2.0,-0.07636141960745135,125.56340869923959,116.06711269358267,52.543079185223455,161.92489102950847,7.422053823053538,120.66843490600586,126.12024993896485,17.15999984741211,7.793747881012575
192,2021-04-07,AMGN,248.1699981689453,250.22000122070312,247.10000610351562,228.9525909423828,1583500.0,2.0,3.963802540510983,239.500861955834,212.05953080539643,56.63163937759665,69.35680506307118,33.52926248580556,220.20432942708334,220.749365234375,17.15999984741211,7.793747881012575
192,2021-04-07,AXP,147.4199981689453,148.36000061035156,145.72000122070312,142.4027862548828,2399500.0,2.0,2.193532106854178,145.15746591161678,132.28592092920354,60.45685405827052,93.18346904445745,21.419485940421907,138.0971923828125,129.34957516988118,17.15999984741211,7.793747881012575
192,2021-04-07,BA,255.30999755859375,255.89999389648438,250.8300018310547,252.5800018310547,9925700.0,2.0,6.549622114445128,268.4195040209957,237.9744962231449,57.09285420625724,47.69052841176556,9.406700657096028,243.34666646321614,225.50566635131835,17.15999984741211,7.793747881012575
192,2021-04-07,CAT,231.9600067138672,234.19000244140625,229.35000610351562,218.36019897460938,2449600.0,2.0,4.598860700439985,225.2082029664155,206.8059114134673,60.67350564569656,81.70917550445172,8.696985737956522,212.93334147135417,199.05529657999674,17.15999984741211,7.793747881012575
192,2021-04-07,CRM,221.9600067138672,222.67999267578125,219.38999938964844,220.7899932861328,4403400.0,2.0,-0.7102112061993751,221.97284155021632,205.02315606941258,49.81658489514084,84.21730958282696,6.998502587349501,214.34533233642577,222.71549911499022,17.15999984741211,7.793747881012575
192,2021-04-07,CSCO,52.0099983215332,52.13999938964844,51.58000183105469,48.039894104003906,15783600.0,2.0,1.3084763022258912,49.388556304609146,43.716852554643786,64.07845115462828,96.82050355810424,29.46268132012286,45.12892468770345,43.77086747487386,17.15999984741211,7.793747881012575
192,2021-04-07,CVX,103.47000122070312,104.56999969482422,103.26000213623047,94.22325897216797,7699300.0,2.0,0.7881781425561059,101.45365848479823,90.7160352713053,56.00913891497589,-45.817890237339704,4.700172310853188,95.60268198649088,88.94510904947917,17.15999984741211,7.793747881012575
192,2021-04-07,DIS,189.8000030517578,190.3300018310547,186.9499969482422,187.55999755859375,6238700.0,2.0,-0.5202306371302541,199.161911517617,181.58108927584004,52.568051162666194,-55.33693023470355,3.91121820669085,191.35266621907553,185.1933329264323,17.15999984741211,7.793747881012575
192,2021-04-07,GS,327.70001220703125,329.20001220703125,323.3500061035156,306.7508239746094,2157300.0,2.0,0.9563825790649503,331.2531638258953,298.599207389925,56.28773939741351,-73.39763670890544,2.8667174839290834,312.99277547200523,295.1807980855306,17.15999984741211,7.793747881012575
192,2021-04-07,HD,312.8399963378906,315.1400146484375,310.92999267578125,294.26422119140625,3799300.0,2.0,10.622016681766866,304.2695207466048,247.15734692917647,66.5627944252281,120.01551726014257,52.90524122408262,264.33350931803386,261.51836954752605,17.15999984741211,7.793747881012575
192,2021-04-07,HON,218.22000122070312,219.8800048828125,217.27999877929688,208.05685424804688,1717200.0,2.0,2.9075331986687445,210.70306449341206,198.92711433959573,58.73770404735116,104.03286767110384,26.37877657204158,201.98783213297526,197.29393920898437,17.15999984741211,7.793747881012575
192,2021-04-07,IBM,127.95410919189453,129.0057373046875,127.8967514038086,114.24787139892578,3112896.0,2.0,2.4712945466481955,116.65120493249651,106.09196065588239,60.38081259691297,97.04738418684765,34.3233276940024,108.68014450073242,105.91040344238282,17.15999984741211,7.793747881012575
192,2021-04-07,INTC,65.66999816894531,66.56999969482422,65.36000061035156,61.26299285888672,17793300.0,2.0,1.1307541233876748,61.82170475509822,56.86758929702581,58.51034140198056,125.9229381346131,43.486248057215576,58.36520970662435,56.0571398417155,17.15999984741211,7.793747881012575
192,2021-04-07,JNJ,163.5500030517578,164.27999877929688,163.32000732421875,153.0799560546875,4608000.0,2.0,0.9262860742579733,155.48278101021793,147.597037715368,55.29425561303888,91.69452922494841,8.452330645002855,150.38595631917318,151.2651481628418,17.15999984741211,7.793747881012575
192,2021-04-07,JPM,153.10000610351562,155.22999572753906,152.64999389648438,144.13804626464844,16903500.0,2.0,1.5442901082545006,146.0729872056101,138.6058427504446,59.98765489863862,64.83134085667447,12.067414802947882,141.48426208496093,134.70299110412597,17.15999984741211,7.793747881012575
192,2021-04-07,KO,53.279998779296875,53.5,53.119998931884766,49.42831802368164,10062700.0,2.0,0.7352147024547335,50.15673173094412,46.06294028138498,58.675032019644284,135.560325135955,31.972641144068735,47.50186297098796,46.513909657796226,17.15999984741211,7.793747881012575
192,2021-04-07,MCD,231.67999267578125,232.80999755859375,231.24000549316406,220.1472930908203,2551300.0,2.0,4.316036080948322,221.95289306837168,200.61897735399162,64.67333996400697,123.02406316778674,53.113994829039534,206.48775787353514,202.88860677083332,17.15999984741211,7.793747881012575
192,2021-04-07,MMM,194.16000366210938,195.35000610351562,193.9199981689453,175.0533447265625,1501500.0,2.0,3.4147500307699374,178.04129794821702,164.55233913674394,62.58673428776774,93.69341371953898,35.6993118757482,167.66749623616536,161.8240976969401,17.15999984741211,7.793747881012575
192,2021-04-07,MRK,72.59542083740234,72.90076446533203,72.25190734863281,67.12006378173828,8970566.0,2.0,0.35479254284202,69.47250936399037,65.40591699709363,49.052032199299006,26.999390411185566,2.716543362031113,66.3440050760905,67.33742485046386,17.15999984741211,7.793747881012575
192,2021-04-07,MSFT,247.80999755859375,250.92999267578125,247.19000244140625,244.4197998046875,22719800.0,2.0,3.1022643672018546,243.3094954793386,220.8651215250559,59.47195788197626,256.3630978250489,36.451237586164225,230.15985666910808,228.92408828735353,17.15999984741211,7.793747881012575
192,2021-04-07,NKE,136.99000549316406,138.24000549316406,136.36000061035156,133.0850830078125,6646000.0,2.0,-0.9838203739965081,142.9634163242239,124.60637432519016,49.6730267228943,11.830999449070257,3.0314678386137985,133.05938720703125,134.79462649027508,17.15999984741211,7.793747881012575
192,2021-04-07,PG,137.1199951171875,137.3300018310547,136.25,128.50323486328125,10244500.0,2.0,2.1375113009629416,131.13106187263446,117.12714735588116,58.52435942715074,124.43991982644262,33.21271176128715,121.93272196451822,122.21268615722656,17.15999984741211,7.793747881012575
192,2021-04-07,TRV,151.7899932861328,152.4499969482422,151.00999450683594,144.09983825683594,1694200.0,2.0,0.6425556075399754,151.08063152467955,138.54409534299626,55.04318737604996,-5.909150950033346,6.6195944763075625,143.79746704101564,139.62889658610027,17.15999984741211,7.793747881012575
192,2021-04-07,UNH,364.19000244140625,365.8800048828125,360.54998779296875,353.1773986816406,2158900.0,2.0,6.686753012864187,369.2376660372106,334.91505307900036,57.752244375406676,44.48365101775237,10.430260778938562,343.1113291422526,334.39317626953124,17.15999984741211,7.793747881012575
192,2021-04-07,V,219.1199951171875,221.0399932861328,218.63999938964844,215.38180541992188,5614300.0,2.0,0.8694491742836306,225.6080611918598,199.7048874165386,54.69789030935056,46.6828005591457,14.094222289000932,212.5060236612956,206.81439437866212,17.15999984741211,7.793747881012575
192,2021-04-07,VZ,59.130001068115234,59.459999084472656,58.790000915527344,50.384727478027344,13218400.0,2.0,0.6569371384632774,51.089874539314934,46.66675197130519,57.95414582669472,150.69605221326995,37.30954705466468,48.4817818959554,48.171929931640626,17.15999984741211,7.793747881012575
192,2021-04-07,WBA,55.52000045776367,56.2599983215332,55.41999816894531,49.329933166503906,4315500.0,2.0,1.3743910647593296,50.39845312100094,44.44228631991703,63.44450925193454,110.36990839949473,40.495975223666406,45.79334602355957,44.518605422973636,17.15999984741211,7.793747881012575
192,2021-04-07,WMT,140.3000030517578,140.75,139.64999389648438,134.50140380859375,6787200.0,2.0,1.0568302901834272,134.8530746673664,123.73152158507503,53.77065741174181,187.35931527703767,29.06831477316798,127.63485234578451,132.65391883850097,17.15999984741211,7.793747881012575
193,2021-04-08,AAPL,128.9499969482422,130.38999938964844,128.52000427246094,128.4580841064453,88844600.0,3.0,0.4477352605321556,127.01294061079871,115.64043463334191,54.588957435633766,230.19382590141112,16.49290854475503,120.8329978942871,126.14607467651368,16.950000762939453,14.895104630537533
193,2021-04-08,AMGN,249.10000610351562,249.47999572753906,245.97999572753906,227.80841064453125,1633600.0,3.0,3.600523989742328,238.71424628820992,214.4074410286846,55.626748748251046,58.55337264138708,28.474942076939342,220.72383778889974,220.9195114135742,16.950000762939453,14.895104630537533
193,2021-04-08,AXP,146.8000030517578,147.16000366210938,144.67999267578125,142.315673828125,2295600.0,3.0,2.2773650908814886,145.266826493275,132.2471917562367,60.362184912953325,71.22320104955858,16.626142612165538,138.34139251708984,129.77451515197754,16.950000762939453,14.895104630537533
193,2021-04-08,BA,251.6999969482422,254.9499969482422,249.30999755859375,254.9499969482422,9899900.0,3.0,6.315672727934128,268.4559685038731,238.89903180130264,57.78154578573863,44.304689455852504,6.717742297289961,244.20033315022786,226.30833307902017,16.950000762939453,14.895104630537533
193,2021-04-08,CAT,230.1300048828125,231.0500030517578,227.1699981689453,218.4265594482422,2158900.0,3.0,4.335752350021835,225.17915012580755,207.72770259636042,60.706032254400604,55.974078401099426,2.522970172537898,213.1863789876302,199.6499168395996,16.950000762939453,14.895104630537533
193,2021-04-08,CRM,223.0,225.7100067138672,222.4499969482422,224.4499969482422,6169100.0,3.0,0.03306731552268616,223.86594317044825,204.37905347261818,51.84414028160478,148.39441672638756,13.796131095354037,213.81133219401042,222.81883239746094,16.950000762939453,14.895104630537533
193,2021-04-08,CSCO,51.939998626708984,52.0,51.45000076293945,48.16981506347656,15111300.0,3.0,1.273223828364074,49.48541028598271,43.98781359097042,64.41465349136368,89.80718912337639,27.0698871348363,45.32984364827474,43.87716217041016,16.950000762939453,14.895104630537533
193,2021-04-08,CVX,103.5199966430664,103.62000274658203,102.06999969482422,93.16519165039062,8283000.0,3.0,0.5859961373421072,100.75727530934928,90.65729454538705,54.38301915672686,-75.85747553633894,11.914445786437879,95.59394022623698,89.13647918701172,16.950000762939453,14.895104630537533
193,2021-04-08,DIS,187.1999969482422,188.0500030517578,185.6300048828125,187.32000732421875,7763000.0,3.0,-0.5631451629897981,198.58527243358225,181.38372933643728,52.39575743059751,-71.75335644922461,0.7394497875240693,191.01299997965495,185.33049977620442,16.950000762939453,14.895104630537533
193,2021-04-08,GS,324.2900085449219,331.489990234375,322.9700012207031,311.0625915527344,2402800.0,3.0,1.0253466709618806,330.542988826053,298.2873548018767,57.96643644464542,-52.568762500067436,6.694242112717666,313.04894104003904,295.78292872111,16.950000762939453,14.895104630537533
193,2021-04-08,HD,312.70001220703125,315.25,310.5899963378906,296.1100158691406,4035600.0,3.0,10.703398512861725,305.3673220397923,250.59776890259053,67.2504783566113,112.98892923605294,51.59855699164818,266.09389343261716,262.2229288736979,16.950000762939453,14.895104630537533
193,2021-04-08,HON,218.17999267578125,219.9600067138672,216.63999938964844,209.3518829345703,2071700.0,3.0,2.938855504639804,211.2802017998152,199.01176139598562,59.718834467944184,100.95894263942775,23.19840971407528,202.29761606852213,197.49101765950522,16.950000762939453,14.895104630537533
193,2021-04-08,IBM,128.65200805664062,129.66539001464844,128.26004028320312,114.40877532958984,4275211.0,3.0,2.4157680735745686,116.9125028053334,106.44453531112167,60.56913066288179,97.17380223539415,37.22241617184528,109.01629231770833,106.0266232808431,16.950000762939453,14.895104630537533
193,2021-04-08,INTC,66.97000122070312,67.29000091552734,66.36000061035156,62.00276565551758,22224200.0,3.0,1.220504738995814,62.16436253103454,56.968799395234996,59.472142359798134,149.28800411638275,46.66019056969919,58.48419087727864,56.30097357432047,16.950000762939453,14.895104630537533
193,2021-04-08,JNJ,164.0,164.11000061035156,162.85000610351562,152.4811553955078,5039400.0,3.0,0.8528979092074565,155.47878727501418,147.95844569617722,54.236666677358166,77.07746717508948,4.882586263010705,150.3978073120117,151.33668746948243,16.950000762939453,14.895104630537533
193,2021-04-08,JPM,154.0,155.50999450683594,152.30999755859375,144.31483459472656,12335500.0,3.0,1.5998630129453488,146.18650033424748,138.5759035353814,60.13141821146212,62.15799916868677,10.447089691189722,141.56977233886718,134.98020718892414,16.950000762939453,14.895104630537533
193,2021-04-08,KO,53.16999816894531,53.380001068115234,52.970001220703125,49.27989196777344,9695600.0,3.0,0.7241342695644732,50.28327053594052,46.1316495080048,57.97079070501462,113.8195366424285,28.03057877699534,47.58933334350586,46.56546535491943,16.950000762939453,14.895104630537533
193,2021-04-08,MCD,232.61000061035156,232.8000030517578,229.1999969482422,217.91375732421875,2772200.0,3.0,4.285820813603493,222.17250061181892,202.00260925146233,61.904933454259485,103.02327088088767,39.39362177110525,207.0645772298177,203.16196670532227,16.950000762939453,14.895104630537533
193,2021-04-08,MMM,194.4199981689453,196.6699981689453,194.02999877929688,175.7447509765625,2391800.0,3.0,3.373383271613676,178.2763764844467,165.32385087151033,63.173932567232505,97.5403221451897,40.01792969610899,168.20895334879557,162.3010561625163,16.950000762939453,14.895104630537533
193,2021-04-08,MRK,72.59542083740234,72.90076446533203,71.83206176757812,66.56454467773438,12007984.0,3.0,0.2539990427601708,69.33257311330878,65.66763669504083,47.37191234142608,10.683846001848536,8.071017394691209,66.3901351928711,67.20854454040527,16.950000762939453,14.895104630537533
193,2021-04-08,MSFT,252.77000427246094,254.13999938964844,252.0,247.6963348388672,23625200.0,3.0,3.831950154888858,246.070648794013,220.1412896825495,60.97271750110477,264.5203079508419,41.835094945478886,230.76952107747397,229.51516494750976,16.950000762939453,14.895104630537533
193,2021-04-08,NKE,137.27999877929688,137.30999755859375,133.41000366210938,130.2974395751953,8748400.0,3.0,-1.040665913267361,142.90191118721467,124.28677594657441,47.087749214282724,-35.87714940931812,7.197945740190641,133.00432484944662,134.58227831522623,16.950000762939453,14.895104630537533
193,2021-04-08,PG,136.89999389648438,137.6300048828125,136.58999633789062,128.9918975830078,6190300.0,3.0,2.189338398570925,131.58835148321907,117.60210261834342,59.21617248143259,118.07554477789711,34.68784659251948,122.23344573974609,122.21639022827148,16.950000762939453,14.895104630537533
193,2021-04-08,TRV,150.7899932861328,151.1199951171875,149.52999877929688,142.27366638183594,1740700.0,3.0,0.47018908227707357,150.85029598101022,138.29942936078663,52.934550852559504,-47.221813708185195,0.1687192756941552,143.80452779134114,139.8446352640788,16.950000762939453,14.895104630537533
193,2021-04-08,UNH,363.1099853515625,366.9100036621094,363.1099853515625,352.4529724121094,2426700.0,3.0,6.02045862095531,368.38923746766477,337.3599110919056,57.31077266980391,45.385296994397926,12.523647218242928,344.20139872233074,334.48038380940756,16.950000762939453,14.895104630537533
193,2021-04-08,V,219.97000122070312,222.82000732421875,218.11000061035156,216.78640747070312,11042000.0,3.0,1.1908101057744318,225.27185884764214,199.79846891114693,55.576145880200265,56.520855237637186,18.61733122045229,212.5476069132487,206.94765497843426,16.950000762939453,14.895104630537533
193,2021-04-08,VZ,58.040000915527344,58.130001068115234,57.529998779296875,49.71836471557617,16472400.0,3.0,0.6144728332568903,51.168820228628825,46.68513370508699,54.51447724587126,72.63512980452738,9.34505662915879,48.51308568318685,48.18274262746175,16.950000762939453,14.895104630537533
193,2021-04-08,WBA,55.22999954223633,55.38999938964844,54.47999954223633,48.62876892089844,5879800.0,3.0,1.3178806834630379,50.370712823652006,44.84901030562046,61.181236520860956,83.0214841882048,30.10317704512423,45.9596134185791,44.63014717102051,16.950000762939453,14.895104630537533
193,2021-04-08,WMT,140.4499969482422,141.1199951171875,139.66000366210938,134.41477966308594,6365200.0,3.0,1.2247426105171826,135.54022770770365,123.82170542828264,53.64000831402176,170.66085219621755,30.923856692292773,127.86106948852539,132.5421937306722,16.950000762939453,14.895104630537533
194,2021-04-09,AAPL,129.8000030517578,133.0399932861328,129.47000122070312,131.05960083007812,106686700.0,4.0,1.0607783210962083,128.99483581229666,114.74643387154123,56.66309855433108,244.95260017469533,24.928703020558157,121.22749099731445,126.21820971171061,16.690000534057617,24.06667319642154
194,2021-04-09,AMGN,247.7100067138672,249.10000610351562,245.80999755859375,229.71849060058594,1368600.0,4.0,3.4272434807656396,237.87005780705218,216.89227892390485,56.94607661339742,58.38798069553328,27.690733487964565,221.38298899332682,221.13645248413087,16.690000534057617,24.06667319642154
194,2021-04-09,AXP,148.2100067138672,148.44000244140625,146.69000244140625,143.03187561035156,1783400.0,4.0,2.3742262308995237,145.34913120433444,132.21064052418117,60.883146103816934,95.71865774646751,20.74262422222828,138.6998519897461,130.2023853302002,16.690000534057617,24.06667319642154
194,2021-04-09,BA,250.50999450683594,252.83999633789062,249.44000244140625,252.36000061035156,12255900.0,4.0,5.853796176187103,268.4662406100235,238.92475975618748,56.75175407482763,32.93471864955938,6.717742297289962,245.39733327229817,227.04083302815755,16.690000534057617,24.06667319642154
194,2021-04-09,CAT,231.3000030517578,232.1999969482422,227.5399932861328,218.6824493408203,2482900.0,4.0,4.100615914771453,224.84400339132358,209.10437917703578,60.83524812029149,59.59951743770169,5.5482218777288255,213.4684794108073,200.19098383585612,16.690000534057617,24.06667319642154
194,2021-04-09,CRM,224.3300018310547,231.30999755859375,223.6300048828125,231.27999877929688,7319300.0,4.0,1.1598746530753772,227.28789081827858,202.4901060078933,55.32837066693343,227.07817129006582,24.67345160222841,213.81799875895183,223.08149897257488,16.690000534057617,24.06667319642154
194,2021-04-09,CSCO,51.83000183105469,52.150001525878906,51.68000030517578,48.33684158325195,13135800.0,4.0,1.2444187483876021,49.60939860807881,44.20135464204326,64.85214931944569,90.4846042136952,28.695401230571736,45.54308687845866,43.97963778177897,16.690000534057617,24.06667319642154
194,2021-04-09,CVX,103.12000274658203,103.68000030517578,102.0999984741211,93.07475280761719,7163700.0,4.0,0.4136989191629681,99.962371809039,90.70430833622468,54.243764922938965,-75.71322095704006,11.459700944668317,95.61112314860026,89.30048166910807,16.690000534057617,24.06667319642154
194,2021-04-09,DIS,188.1699981689453,188.22000122070312,186.14999389648438,187.88999938964844,6089300.0,4.0,-0.5448805935521364,197.56859990503543,181.51440180394897,52.7760418079625,-60.597438275964116,0.122540398796433,190.91000010172527,185.5288330078125,16.690000534057617,24.06667319642154
194,2021-04-09,GS,334.0,334.8999938964844,328.7900085449219,310.7525939941406,2347100.0,4.0,1.0429643545720637,329.7467541843338,298.0230425685959,57.80134173104468,-21.938224382714946,12.201366801301122,313.1845987955729,296.2492067972819,16.690000534057617,24.06667319642154
194,2021-04-09,HD,315.3699951171875,319.32000732421875,314.75,300.6304016113281,4607800.0,4.0,11.005783727337132,306.90221684821256,253.80734430901396,68.87236462100789,119.30642448045771,56.36968703514549,268.15220235188804,262.92327982584635,16.690000534057617,24.06667319642154
194,2021-04-09,HON,227.5,227.6300048828125,223.30999755859375,216.13156127929688,3861900.0,4.0,3.4707335837732387,213.5412959177391,198.12946061302262,64.31421578893068,196.65705375553657,41.922162746181776,203.001931254069,197.79287490844726,16.690000534057617,24.06667319642154
194,2021-04-09,IBM,128.93881225585938,129.7705535888672,128.78585815429688,114.92527770996094,3162999.0,4.0,2.385936775172439,117.10614133018828,106.97823061805391,61.18183416577421,97.0856292754685,37.69113655779985,109.3905423482259,106.14267819722494,16.690000534057617,24.06667319642154
194,2021-04-09,INTC,66.80000305175781,68.4000015258789,66.62999725341797,63.12168884277344,27177100.0,4.0,1.3661721167149636,62.790229631897134,56.80067117071518,60.89071126246623,170.6196785167698,51.178821348432514,58.72646878560384,56.53741353352864,16.690000534057617,24.06667319642154
194,2021-04-09,JNJ,162.1199951171875,162.92999267578125,159.77999877929688,150.87185668945312,8418300.0,4.0,0.6573033200471912,155.3632366958074,148.27141601415357,51.49820526351209,18.320560242756084,14.717657471435686,150.35071258544923,151.4006217956543,16.690000534057617,24.06667319642154
194,2021-04-09,JPM,155.80999755859375,157.0399932861328,154.97000122070312,145.39404296875,12122400.0,4.0,1.7112616773637797,146.55061714294695,138.4782006060765,61.015955070311556,123.58998056077147,16.27055587652585,141.75538279215496,135.24195976257323,16.690000534057617,24.06667319642154
194,2021-04-09,KO,53.16999816894531,53.279998779296875,52.810001373291016,49.33555221557617,10828200.0,4.0,0.7116409100641761,50.358480619649,46.30877630784123,58.16557780170763,100.23226836157652,23.81355163204186,47.6952200571696,46.6193286895752,16.690000534057617,24.06667319642154
194,2021-04-09,MCD,230.19000244140625,231.61000061035156,228.8699951171875,219.07781982421875,2728900.0,4.0,4.306166307124158,221.89978933518435,204.15964517409301,62.76428509863619,96.3289821545953,37.26663842424986,207.75294087727863,203.4959587097168,16.690000534057617,24.06667319642154
194,2021-04-09,MMM,196.05999755859375,198.9600067138672,196.05999755859375,177.79205322265625,2159600.0,4.0,3.4658478614603894,178.74497927934826,166.06117764203847,64.86318096848505,117.22107980099774,46.66147133900174,168.78483123779296,162.79269154866537,16.690000534057617,24.06667319642154
194,2021-04-09,MRK,72.05152893066406,72.88167572021484,71.97518920898438,67.28760528564453,8177439.0,4.0,0.22981524882266058,69.0998391438443,66.1058233927768,49.69207598198241,21.871544976008217,8.071017394691195,66.45890986124674,67.11954040527344,16.690000534057617,24.06667319642154
194,2021-04-09,MSFT,252.8699951171875,255.99000549316406,252.44000244140625,250.2393341064453,24326800.0,4.0,4.562832691887621,249.0568466460122,218.9860397065269,62.099537881033626,237.08670387337025,44.72034014007674,231.6452204386393,230.1902603149414,16.690000534057617,24.06667319642154
194,2021-04-09,NKE,133.94000244140625,135.5,133.5,132.02264404296875,6056800.0,4.0,-0.9357204276512903,142.44773284480465,124.18147858097662,48.793966315279874,-34.21252375122685,7.197945740190637,133.01033579508464,134.43110745747884,16.690000534057617,24.06667319642154
194,2021-04-09,PG,136.50999450683594,137.27000427246094,135.55999755859375,128.155517578125,5855400.0,4.0,2.1382741766654902,131.73001833111937,118.34945096819703,57.51748597673871,96.59375934019135,24.588557619274958,122.54012196858724,122.21860936482747,16.690000534057617,24.06667319642154
194,2021-04-09,TRV,151.52000427246094,152.5500030517578,150.9600067138672,143.4942626953125,1377600.0,4.0,0.42715531019999275,150.61855601371522,138.20566578804258,54.149057995979504,-14.041842642261015,6.011999353726285,143.94512583414715,140.0338213602702,16.690000534057617,24.06667319642154
194,2021-04-09,UNH,368.3500061035156,376.6099853515625,367.0,363.4740295410156,2483200.0,4.0,6.308996533635138,368.9823239174987,339.12849151218876,61.8950202362497,86.3800496260022,29.18503094971249,345.7659952799479,334.8054962158203,16.690000534057617,24.06667319642154
194,2021-04-09,V,221.0,222.60000610351562,219.50999450683594,218.57415771484375,5724900.0,4.0,1.5716306829049245,224.61847446661852,200.09529201287364,56.68187548096179,65.97260577039081,18.61733122045229,212.83475697835286,207.17658487955728,16.690000534057617,24.06667319642154
194,2021-04-09,VZ,57.599998474121094,57.79999923706055,57.25,49.62342071533203,13872000.0,4.0,0.5666266586938633,51.17990500104095,46.895956357601634,54.041716631099426,53.30161933288128,4.299191148824632,48.5588737487793,48.19481957753499,16.690000534057617,24.06667319642154
194,2021-04-09,WBA,54.779998779296875,55.119998931884766,53.90999984741211,48.08736038208008,5310000.0,4.0,1.2153982997671875,50.347994824617444,45.10781610372729,59.486167321433015,67.0663337420036,24.150292527400143,46.134460576375325,44.72885570526123,16.690000534057617,24.06667319642154
194,2021-04-09,WMT,139.6300048828125,140.08999633789062,138.7100067138672,134.4821319580078,6892200.0,4.0,1.3477134991425999,136.11874032952562,124.03205007574779,53.730434285481316,140.00138583302729,22.15332922039307,128.12977142333983,132.40476366678874,16.690000534057617,24.06667319642154
195,2021-04-12,AAPL,132.52000427246094,132.85000610351562,130.6300048828125,129.3252716064453,91420000.0,0.0,1.3906430222614858,130.11693076377094,114.6304431986314,54.932739371013945,201.08911324650188,24.928703020558157,121.55530420939128,126.2271656036377,16.90999984741211,10.373130722286247
195,2021-04-12,AMGN,248.52000427246094,250.0,247.7899932861328,229.7092742919922,1722000.0,0.0,3.251690288365978,236.1026595070361,220.37414865946783,56.93762655789529,61.978024536305995,30.10517775651084,222.121804300944,221.33568471272787,16.90999984741211,10.373130722286247
195,2021-04-12,AXP,147.25999450683594,147.77000427246094,146.41000366210938,142.8286590576172,1869000.0,0.0,2.4068468722237526,145.25309638262507,132.25587578534368,60.64917216781511,82.2608032864826,19.364520766792833,139.11007944742838,130.61432406107585,16.90999984741211,10.373130722286247
195,2021-04-12,BA,250.57000732421875,251.5500030517578,246.2899932861328,249.52000427246094,10383600.0,0.0,5.198664740585627,265.6437229593961,239.78027758992033,55.6271772098165,14.560295083289109,0.848219549584375,246.64766693115234,227.74599965413412,16.90999984741211,10.373130722286247
195,2021-04-12,CAT,230.3000030517578,231.3000030517578,228.92999267578125,218.85299682617188,1688200.0,0.0,3.883266473850938,224.9802733851903,209.15101628766126,60.9238447557263,58.6555027967864,5.548221877728841,213.94390970865885,200.76081720987955,16.90999984741211,10.373130722286247
195,2021-04-12,CRM,229.52000427246094,229.85000610351562,227.14999389648438,228.75999450683594,6205700.0,0.0,1.8284569880776473,229.49490931051923,201.93808629494953,53.841482029471635,207.40661719799243,24.673451602228415,214.226665242513,223.2578323364258,16.90999984741211,10.373130722286247
195,2021-04-12,CSCO,52.06999969482422,52.15999984741211,51.470001220703125,47.85429763793945,16441700.0,0.0,1.169175721447914,49.62472507228518,44.47346027622556,62.55372305701474,77.98293863417098,24.541248221979934,45.76020774841309,44.08067385355631,16.90999984741211,10.373130722286247
195,2021-04-12,CVX,103.66999816894531,103.86000061035156,101.51000213623047,92.0438003540039,7845900.0,0.0,0.19175248219120533,98.93913183340158,90.84310312143242,52.653820730093386,-94.30262195585885,15.086614647730354,95.66478093465169,89.44863917032878,16.90999984741211,10.373130722286247
195,2021-04-12,DIS,187.75,187.85000610351562,185.47999572753906,186.49000549316406,6662500.0,0.0,-0.6360417050393039,196.28652902032832,181.72947287176152,51.72612862406867,-71.90069955928023,2.6345412816929517,190.8250005086263,185.70166651407877,16.90999984741211,10.373130722286247
195,2021-04-12,GS,332.6700134277344,334.4800109863281,329.94000244140625,311.7201232910156,2318800.0,0.0,1.1220635736233362,327.577664717022,298.59802192848576,58.18585286124418,-20.172420794345868,12.201366801301123,313.6107615152995,296.7202273050944,16.90999984741211,10.373130722286247
195,2021-04-12,HD,317.7200012207031,321.30999755859375,317.30999755859375,302.0994567871094,3556800.0,0.0,11.234462770052971,308.48643022311904,256.71426862942,69.38213685922028,118.28233514336873,58.507417099672885,270.1630839029948,263.6836791992188,16.90999984741211,10.373130722286247
195,2021-04-12,HON,225.63999938964844,229.22999572753906,225.55999755859375,217.67416381835938,2660100.0,0.0,3.970951271865431,215.80478095852132,197.22001152194744,65.247416018153,203.60511110728976,44.91669251117171,203.83511098225912,198.14983011881512,16.90999984741211,10.373130722286247
195,2021-04-12,IBM,129.08221435546875,129.4168243408203,127.96366882324219,113.96000671386719,3926684.0,0.0,2.2583728377026375,117.1016018124636,107.57378118314188,59.39747537934176,80.6306162756314,29.603946196975027,109.8325299580892,106.27453587849935,16.90999984741211,10.373130722286247
195,2021-04-12,INTC,68.19999694824219,68.48999786376953,64.70999908447266,60.48622512817383,51266900.0,0.0,1.2544936449118822,62.81889184180358,57.00411497887514,56.10569153959246,103.67804043513115,30.70540833750944,58.869184748331705,56.673095258076984,16.90999984741211,10.373130722286247
195,2021-04-12,JNJ,161.08999633789062,162.0800018310547,160.33999633789062,151.23675537109375,5022800.0,0.0,0.5256777866758853,155.27454337749825,148.55097847308767,52.06590288662493,17.439546854428166,14.717657471435688,150.44989064534505,151.4743573506673,16.90999984741211,10.373130722286247
195,2021-04-12,JPM,155.5800018310547,157.25,155.57000732421875,145.08700561523438,12273400.0,0.0,1.754545267412709,146.660197424054,138.43507235133666,60.620122866583095,123.1531038449441,17.061893403244625,142.05438588460285,135.49659131368,16.90999984741211,10.373130722286247
195,2021-04-12,KO,53.33000183105469,53.54999923706055,53.099998474121094,49.493263244628906,8565300.0,0.0,0.7063237343109989,50.409736258462026,46.534904854819224,58.726267907641414,106.74321722390707,28.086352309724212,47.84255256652832,46.67505385080973,16.90999984741211,10.373130722286247
195,2021-04-12,MCD,231.47999572753906,232.3800048828125,230.49000549316406,218.58570861816406,2292700.0,0.0,4.233776653905238,221.0701561553273,206.75151590277818,62.151142479292986,96.95896980340979,39.566692426944485,208.53594818115235,203.8140670776367,16.90999984741211,10.373130722286247
195,2021-04-12,MMM,198.1999969482422,199.2899932861328,197.05999755859375,177.639404296875,1682100.0,0.0,3.4866176644237044,178.98872936956073,166.97666674860332,64.63449601770743,117.73097131801288,47.556207847848334,169.46636657714845,163.28519643147786,16.90999984741211,10.373130722286247
195,2021-04-12,MRK,72.87213897705078,73.09160614013672,72.5,67.208251953125,9970672.0,0.0,0.20191867435356414,68.92030522808169,66.42820475116635,49.44459968029362,29.381083965067834,4.776035998232999,66.58331247965495,67.04014002482096,16.90999984741211,10.373130722286247
195,2021-04-12,MSFT,254.7100067138672,257.6700134277344,254.6199951171875,250.2980194091797,27148700.0,0.0,5.088144815487794,251.59804812170847,218.41663083336965,62.12564374147824,210.4131339942346,47.25993383824156,232.4123540242513,230.84340209960936,16.90999984741211,10.373130722286247
195,2021-04-12,NKE,134.75,136.89999389648438,134.22000122070312,133.18252563476562,5638200.0,0.0,-0.7503085335620199,142.1051194945125,124.15273267833908,49.91718197704874,-11.784705439173216,1.7211794917152536,133.07076670328777,134.33185437520345,16.90999984741211,10.373130722286247
195,2021-04-12,PG,136.5,137.0399932861328,135.7100067138672,128.67237854003906,6440900.0,0.0,2.1151298724003595,131.9585027150509,118.94607797342563,58.282526170168666,91.77180356276111,24.58855761927496,122.95956954956054,122.2261739095052,16.90999984741211,10.373130722286247
195,2021-04-12,TRV,151.88999938964844,152.22000122070312,151.27000427246094,143.67405700683594,1232200.0,0.0,0.40291409128448663,150.0102175523233,138.30020572648527,54.328642531645364,-18.971481917182814,6.011999353726296,144.17013854980468,140.1973019917806,16.90999984741211,10.373130722286247
195,2021-04-12,UNH,374.4800109863281,379.8299865722656,374.0299987792969,363.4547424316406,3057300.0,0.0,6.461623031612135,369.7174111730651,340.3503500574036,61.882989610911636,101.37731722984574,33.66825689889145,347.22246907552085,335.16766357421875,16.90999984741211,10.373130722286247
195,2021-04-12,V,220.24000549316406,221.91000366210938,219.22000122070312,217.5427703857422,6315200.0,0.0,1.7698081494702365,224.1467012353642,200.28319073240922,55.85219447908281,52.77359431017609,17.465951483963405,213.1320566813151,207.38031565348308,16.90999984741211,10.373130722286247
195,2021-04-12,VZ,57.65999984741211,57.88999938964844,57.43000030517578,49.66658020019531,19564600.0,0.0,0.5261259776014455,51.17781896511046,47.11401796421083,54.228379402595046,55.74937964520243,5.7929169243428795,48.640259424845375,48.21046231587728,16.90999984741211,10.373130722286247
195,2021-04-12,WBA,54.33000183105469,55.04999923706055,54.119998931884766,48.54888153076172,3825100.0,0.0,1.1580716429229128,50.42754494529701,45.160510474624864,60.45239425885617,69.67493361666182,24.150292527400143,46.33475036621094,44.82089646657308,16.90999984741211,10.373130722286247
195,2021-04-12,WMT,140.07000732421875,140.3800048828125,139.33999633789062,134.50140380859375,6241000.0,0.0,1.430237009660658,136.67979244859868,124.07112155286615,53.75713290861717,132.78635351219603,23.81868740009501,128.46394729614258,132.29192721048992,16.90999984741211,10.373130722286247
196,2021-04-13,AAPL,132.44000244140625,134.66000366210938,131.92999267578125,132.46871948242188,91266500.0,1.0,1.8839956184402524,131.84857402105945,113.9275680993019,57.37343837146355,219.2315381039794,30.414993664262084,121.77340774536133,126.32098236083985,16.649999618530273,17.505019885396937
196,2021-04-13,AMGN,249.14999389648438,250.35000610351562,247.08999633789062,230.6412353515625,1766000.0,1.0,3.151436785815008,235.0538694835365,222.71386275523307,57.59584221776519,60.429587528504,26.590821964106308,222.82647755940755,221.4906084696452,16.649999618530273,17.505019885396937
196,2021-04-13,AXP,146.5500030517578,146.60000610351562,143.83999633789062,141.29942321777344,2132100.0,1.0,2.282985576952086,145.17619432345265,132.2786244021333,58.88747217949033,36.03008719526141,7.343561376370096,139.35836029052734,130.97858123779298,16.649999618530273,17.505019885396937
196,2021-04-13,BA,248.3300018310547,254.49000549316406,246.10000610351562,253.27000427246094,15901400.0,1.0,4.925286382315676,263.52008250062676,240.66791798765453,56.7965815771859,24.040221559465305,6.006033914001454,247.61033376057944,228.46866633097332,16.649999618530273,17.505019885396937
196,2021-04-13,CAT,233.41000366210938,233.5,228.0500030517578,217.3556671142578,2286400.0,1.0,3.5492795961240517,224.8799404445936,209.11962162816033,59.69733177408099,54.45200742327772,11.549107914784313,214.24686024983723,201.28197072347004,16.649999618530273,17.505019885396937
196,2021-04-13,CRM,229.0,233.49000549316406,228.5,232.0,5397100.0,1.0,2.589899916800988,232.16827115811282,201.18472414218013,55.43441641002885,215.66408816339953,31.12818190832387,214.7086654663086,223.53116556803386,16.649999618530273,17.505019885396937
196,2021-04-13,CSCO,51.63999938964844,51.880001068115234,51.34000015258789,47.93782424926758,13353200.0,1.0,1.1035637836216452,49.66957952496273,44.67003114703434,62.789868005922074,69.76564953140694,21.936613621857976,45.94786580403646,44.18632672627767,16.649999618530273,17.505019885396937
196,2021-04-13,CVX,101.55999755859375,102.5999984741211,101.29000091552734,92.45979309082031,6829900.0,1.0,0.0488622159087555,98.02218679538849,91.03567071803924,53.22609738632277,-103.54190974509923,16.450814285407247,95.6705078125,89.57043851216635,16.649999618530273,17.505019885396937
196,2021-04-13,DIS,185.58999633789062,186.44000244140625,184.60000610351562,185.49000549316406,6826500.0,1.0,-0.7799879695373306,194.89386486059942,181.99513813012322,50.97677630357288,-84.54947021457187,5.955425081253713,190.5086675008138,185.9026667277018,16.649999618530273,17.505019885396937
196,2021-04-13,GS,329.510009765625,330.04998779296875,324.17999267578125,307.8123474121094,3575900.0,1.0,0.8595174378262982,325.73284651981515,298.7172175670989,56.051878367408676,-71.82786614250497,0.7263026150763647,313.5406219482422,297.0492347717285,16.649999618530273,17.505019885396937
196,2021-04-13,HD,320.5299987792969,320.8999938964844,317.0,301.732177734375,3635100.0,1.0,11.256300582560357,309.95102887675245,259.1917781300835,69.08950376995324,109.27762173223643,57.22462543321356,272.0594004313151,264.52702077229816,16.649999618530273,17.505019885396937
196,2021-04-13,HON,229.2100067138672,229.9499969482422,227.60000610351562,218.0550537109375,2749900.0,1.0,4.3479910898998355,217.74000084164982,196.50361945864313,65.47800794759235,196.83432716951657,46.24983758069131,204.5581532796224,198.4880116780599,16.649999618530273,17.505019885396937
196,2021-04-13,IBM,127.15105438232422,127.74378967285156,124.64627075195312,111.07268524169922,8403041.0,1.0,1.9023655004499034,116.9700364261637,107.92549351158043,54.48079197709028,30.527319696829775,3.407943368616242,110.12718861897787,106.32972323099771,16.649999618530273,17.505019885396937
196,2021-04-13,INTC,65.61000061035156,65.62999725341797,64.20999908447266,60.31052017211914,26822000.0,1.0,1.1386836930741993,62.856602839007856,57.098638936504834,55.80324933132744,50.677572753691464,25.956932276128423,58.94131304423014,56.77061475118001,16.649999618530273,17.505019885396937
196,2021-04-13,JNJ,156.86000061035156,159.92999267578125,156.52999877929688,149.21578979492188,18424100.0,1.0,0.25534511158576834,155.35150384345545,148.38606787285315,48.7937517324538,-65.25373436803369,32.58393777906184,150.4548802693685,151.47163721720378,16.649999618530273,17.505019885396937
196,2021-04-13,JPM,154.75,155.1999969482422,152.42999267578125,143.3565673828125,16113600.0,1.0,1.630421437458267,146.62548181739334,138.4353397158098,58.41084988873015,24.482068115500308,1.6993254640189235,142.19304453531902,135.70974159240723,16.649999618530273,17.505019885396937
196,2021-04-13,KO,53.040000915527344,53.290000915527344,52.810001373291016,49.25205612182617,11071700.0,1.0,0.6748669887046148,50.45829093428727,46.67745735672836,57.50682952184517,82.65641233634601,20.33764485495012,47.953936386108396,46.74101969401042,16.649999618530273,17.505019885396937
196,2021-04-13,MCD,230.44000244140625,231.66000366210938,229.69000244140625,218.92640686035156,2570900.0,1.0,4.155991153991948,221.46813767298093,207.38134810582764,62.414110926017344,89.63408645894957,34.10597377019594,209.2637471516927,204.19413528442382,16.649999618530273,17.505019885396937
196,2021-04-13,MMM,196.00999450683594,197.3300018310547,195.3699951171875,176.418212890625,2259700.0,1.0,3.36573978915942,179.33334719949139,167.2597100514852,62.80206960883429,92.83581930533501,35.14513555700475,170.06678822835286,163.7554189046224,16.649999618530273,17.505019885396937
196,2021-04-13,MRK,72.4904556274414,73.24427795410156,72.39503479003906,67.3934097290039,8627346.0,1.0,0.19253173716893457,68.91794633485576,66.44819822691183,50.04511553443435,29.98587064077482,2.350100838361789,66.72087987263997,66.96630198160807,16.649999618530273,17.505019885396937
196,2021-04-13,MSFT,257.260009765625,259.19000244140625,256.8299865722656,252.8214111328125,23837500.0,1.0,5.643025792666748,254.34216101510265,217.9885884966161,63.251572340171705,195.6322660441232,49.503569677891754,233.11493479410808,231.59259516398112,16.649999618530273,17.505019885396937
196,2021-04-13,NKE,135.60000610351562,135.99000549316406,133.39999389648438,130.16098022460938,8778200.0,1.0,-0.837527241469644,140.7687836607768,124.3779143372701,47.13113377148363,-43.04266460765461,4.76751779933503,132.937233988444,134.21045087178547,16.649999618530273,17.505019885396937
196,2021-04-13,PG,136.02000427246094,136.38999938964844,134.83999633789062,126.971435546875,9161200.0,1.0,1.9372050662148723,131.9157482822381,119.6043788234748,54.91577920566271,69.45420889549149,16.180228006570893,123.29851099650065,122.22811965942383,16.649999618530273,17.505019885396937
196,2021-04-13,TRV,151.2100067138672,152.39999389648438,150.5399932861328,144.02415466308594,1911200.0,1.0,0.4072580878887493,149.32918262547787,138.49582805567445,54.68615247525031,-24.04932941457928,2.3288176131596936,144.25342966715496,140.36551895141602,16.649999618530273,17.505019885396937
196,2021-04-13,UNH,376.25,379.30999755859375,374.3299865722656,361.7353820800781,2652300.0,1.0,6.370408515866984,369.5986788783578,342.4607937778922,60.793279239883454,93.11264821895273,33.66825689889145,348.5436696370443,335.5735229492187,16.649999618530273,17.505019885396937
196,2021-04-13,V,221.0,221.6199951171875,220.22000122070312,217.10076904296875,4764000.0,1.0,1.8696472751394992,223.79805126024044,200.41083240675172,55.49209449265985,50.88676178520397,17.465951483963398,213.27579549153646,207.6991096496582,16.649999618530273,17.505019885396937
196,2021-04-13,VZ,57.369998931884766,57.7599983215332,57.15999984741211,49.735633850097656,15489100.0,1.0,0.49390749038335,51.15171782489714,47.36214631084504,54.534022146726066,44.86675749626342,0.7499617550627032,48.722239049275714,48.22754065195719,16.649999618530273,17.505019885396937
196,2021-04-13,WBA,54.540000915527344,54.779998779296875,53.7599983215332,48.46013259887695,4467300.0,1.0,1.092880511023644,50.37946399238639,45.16865269157357,60.16694523773405,59.79244956212254,20.181723051533396,46.53444887797038,44.9058900197347,16.649999618530273,17.505019885396937
196,2021-04-13,WMT,139.8000030517578,140.0,138.8699951171875,134.08767700195312,5799300.0,1.0,1.4455893366346686,137.08166816052096,124.29410927478176,53.076969818456504,111.94903392918418,19.393809341815423,128.7380241394043,132.17986005147299,16.649999618530273,17.505019885396937
197,2021-04-14,AAPL,134.94000244140625,135.0,131.66000366210938,130.10374450683594,87222800.0,2.0,2.0603964223120386,132.7286080260883,113.68410941165583,55.05296125442851,180.58232659807038,31.421354532546047,122.00038045247396,126.4044090270996,16.989999771118164,29.95959499873938
197,2021-04-14,AMGN,249.97999572753906,251.5,249.0,230.33670043945312,1753800.0,2.0,3.0126834015305235,234.5129018644024,224.1129816194843,57.29977810635139,65.12248885586101,29.91540218641265,223.5625223795573,221.5819890340169,16.989999771118164,29.95959499873938
197,2021-04-14,AXP,145.80999755859375,148.75,145.6999969482422,142.68348693847656,2141800.0,2.0,2.2703359634824665,145.6285528769483,132.2665948281298,59.97598268752276,76.50850778002393,14.998747564362436,139.63540751139323,131.3921211242676,16.989999771118164,29.95959499873938
197,2021-04-14,BA,255.32000732421875,258.3699951171875,251.27999877929688,252.42999267578125,12661800.0,2.0,4.587962967043495,263.2887396729868,240.62125941148582,56.45183261298136,39.12304242876654,12.43225861926695,248.5866668701172,229.270499420166,16.989999771118164,29.95959499873938
197,2021-04-14,CAT,229.60000610351562,234.22000122070312,229.5500030517578,220.41673278808594,2491000.0,2.0,3.491348909821454,225.22736769261058,209.35218705592456,61.343178725786665,73.21848508507041,13.472354532508776,214.77631022135418,201.89781977335613,16.989999771118164,29.95959499873938
197,2021-04-14,CRM,232.85000610351562,233.13999938964844,227.66000366210938,228.02000427246094,4617600.0,2.0,2.8394649463184862,233.60585272933713,201.10114342544802,53.10554239815817,167.71689336516036,28.41373538329567,215.19366556803385,223.77916564941407,16.989999771118164,29.95959499873938
197,2021-04-14,CSCO,51.5099983215332,51.68000030517578,51.13999938964844,47.6687126159668,15376600.0,2.0,1.0181145990942042,49.68303139867389,44.84713904199994,61.49728971316858,57.55631792744856,17.88218015295386,46.138838068644205,44.28319485982259,16.989999771118164,29.95959499873938
197,2021-04-14,CVX,102.6500015258789,105.33000183105469,102.5999984741211,94.29559326171875,10194800.0,2.0,0.08279991589121494,97.60905196882669,91.14404022477683,55.67212267548669,-50.621178729498226,4.006374576402568,95.72567240397136,89.77336603800455,16.989999771118164,29.95959499873938
197,2021-04-14,DIS,185.97000122070312,190.39999389648438,185.7100067138672,187.4600067138672,9089900.0,2.0,-0.7267265355747554,193.9572815167169,182.25372159607608,52.38260205047018,-43.16951086666635,8.978475734353395,190.29266764322918,186.1696667989095,16.989999771118164,29.95959499873938
197,2021-04-14,GS,328.54998779296875,344.4700012207031,326.1499938964844,315.0173034667969,9876800.0,2.0,1.2187781570164589,324.87030817110775,298.98231939236877,58.92512567497516,14.045504983436166,22.058356663232477,313.6787078857422,297.60530420939125,16.989999771118164,29.95959499873938
197,2021-04-14,HD,319.7099914550781,322.70001220703125,319.2900085449219,301.3742980957031,3440600.0,2.0,11.11658424702324,311.15128903205357,261.5644641417746,68.7970148341373,106.63354567525525,59.27058505256269,273.9852788289388,265.2513122558594,16.989999771118164,29.95959499873938
197,2021-04-14,HON,228.0,230.99000549316406,228.0,218.4168701171875,2186500.0,2.0,4.622705747947862,219.3793141477963,196.53733013931307,65.70164428251688,185.6501053611413,48.186129389177424,205.28182932535807,198.87393595377605,16.989999771118164,29.95959499873938
197,2021-04-14,IBM,125.53536987304688,126.94072723388672,124.78011322021484,112.30044555664062,6137928.0,2.0,1.6997039878346953,116.77681931052362,108.49042235817754,56.08001185612715,29.656062855094003,3.4079433686162406,110.47434361775716,106.41345011393229,16.989999771118164,29.95959499873938
197,2021-04-14,INTC,65.30999755859375,65.37999725341797,63.84000015258789,59.35805892944336,25768400.0,2.0,0.958993133750603,62.84258340880321,57.058099422007345,54.1658756451885,25.60639262603611,22.438313660159928,59.03224436442057,56.87784277598063,16.989999771118164,29.95959499873938
197,2021-04-14,JNJ,157.8300018310547,160.11000061035156,157.5399932861328,149.62747192382812,7718300.0,2.0,0.0734768309967535,155.40688776195415,148.19501806079975,49.463043362217945,-47.92638619356802,31.195822051517435,150.48294932047526,151.48120244344076,16.989999771118164,29.95959499873938
197,2021-04-14,JPM,151.47000122070312,153.8300018310547,150.92999267578125,140.6772003173828,19939600.0,2.0,1.300854437972987,146.63789932329632,138.29256637494586,55.189146066079296,-60.194016116868625,4.68800123825772,142.25749715169272,135.91723569234213,16.989999771118164,29.95959499873938
197,2021-04-14,KO,52.97999954223633,53.189998626708984,52.650001525878906,49.24278259277344,9787600.0,2.0,0.6417908297016197,50.4996446633184,46.80865688087105,57.459376209555266,70.89192334924813,16.19199863750795,48.058877817789714,46.814958063761395,16.989999771118164,29.95959499873938
197,2021-04-14,MCD,231.22000122070312,231.2899932861328,229.58999633789062,217.97047424316406,2129200.0,2.0,3.9714296429566787,221.45780735839057,208.38068446289847,61.180315313158026,82.5662218999683,33.40846453888045,209.9464319864909,204.53616587320963,16.989999771118164,29.95959499873938
197,2021-04-14,MMM,195.5500030517578,197.38999938964844,195.02000427246094,176.6696319580078,1575000.0,2.0,3.2527351140380176,179.3624000392342,168.11961442609785,63.02532618250327,88.47661972785532,32.67470305756977,170.654638671875,164.24259719848632,16.989999771118164,29.95959499873938
197,2021-04-14,MRK,72.80534362792969,73.27290344238281,72.53816986083984,67.36695861816406,8415545.0,2.0,0.1808731452089063,68.90763035193162,66.42236079797074,49.95741906001182,29.272974357444298,1.8773280138733448,66.8438715616862,66.87439562479655,16.989999771118164,29.95959499873938
197,2021-04-14,MSFT,257.4800109863281,258.8299865722656,255.16000366210938,249.9850311279297,23070900.0,2.0,5.78718968274319,256.132973076823,217.94656946468083,61.13817545957395,154.88821127387936,42.38939355479047,233.82305908203125,232.3005335489909,16.989999771118164,29.95959499873938
197,2021-04-14,NKE,133.5399932861328,134.17999267578125,131.82000732421875,128.91336059570312,7354100.0,2.0,-0.9958417295553943,139.2864216443645,124.65262864860426,46.03366924848083,-71.02640610673505,10.482631358761058,132.78258209228517,134.07765668233236,16.989999771118164,29.95959499873938
197,2021-04-14,PG,135.52000427246094,135.7899932861328,134.5800018310547,127.43193054199219,7584000.0,2.0,1.8124635217630356,131.87291937433434,120.27309274114417,55.633549055472145,63.08390807073478,13.72832299491228,123.66501922607422,122.25362052917481,16.989999771118164,29.95959499873938
197,2021-04-14,TRV,152.4199981689453,156.35000610351562,152.0,147.07098388671875,1850700.0,2.0,0.6490722901005199,149.13754032763168,138.5890618452199,57.66934549922269,56.360190748763415,18.67213556273059,144.47811889648438,140.57008717854816,16.989999771118164,29.95959499873938
197,2021-04-14,UNH,375.3399963378906,378.010009765625,374.5799865722656,362.8268737792969,2805600.0,2.0,6.313417466535782,369.3352162465855,344.7555735483364,61.24149140657692,90.06651798926615,33.66825689889145,349.9015747070313,335.98522288004557,16.989999771118164,29.95959499873938
197,2021-04-14,V,221.0,223.10000610351562,220.07000732421875,218.04371643066406,4972600.0,2.0,2.0017831649228697,223.3058053255478,200.63590152259673,56.11650641659391,57.74462606769723,21.887702004888617,213.4791244506836,208.03803253173828,16.989999771118164,29.95959499873938
197,2021-04-14,VZ,57.5,58.130001068115234,57.290000915527344,49.80467987060547,13890100.0,2.0,0.4685444551346549,51.09176658637491,47.65102935783896,54.84590408394633,52.89607316518111,7.228084642926512,48.81733716328939,48.24093055725098,16.989999771118164,29.95959499873938
197,2021-04-14,WBA,54.77000045776367,55.130001068115234,54.11000061035156,48.34474563598633,4549700.0,2.0,1.0201457011167179,50.35703822258769,45.16977642890157,59.78724535725577,62.81292682108272,22.74813607572275,46.742430750528975,44.994821612040205,16.989999771118164,29.95959499873938
197,2021-04-14,WMT,139.1199951171875,139.4600067138672,138.4199981689453,134.0395965576172,7308200.0,2.0,1.4373080834435257,137.4092667670864,124.59039753955425,52.996357566670405,96.10252296623958,15.181014696211312,129.0507385253906,132.10419782002768,16.989999771118164,29.95959499873938
198,2021-04-15,AAPL,133.82000732421875,135.0,133.63999938964844,132.5377197265625,89347100.0,3.0,2.3692851446135563,134.0795225554841,113.29298644720144,56.90850350810138,179.33725764947016,31.421354532546047,122.408997853597,126.51708666483562,16.56999969482422,14.224526984497006
198,2021-04-15,AMGN,251.10000610351562,257.0,250.5,235.4210968017578,2366300.0,3.0,3.275233782898596,235.3469660582873,224.28102771612674,60.78162592640372,97.85318317777127,43.09168806961252,224.5218744913737,221.71567103068034,16.56999969482422,14.224526984497006
198,2021-04-15,AXP,147.50999450683594,148.58999633789062,145.5,143.7578125,2901200.0,3.0,2.320253707541127,146.1714872854122,132.13825697728308,60.80917627367925,77.43130987460721,14.061682459587985,139.84083201090496,131.7495854695638,16.56999969482422,14.224526984497006
198,2021-04-15,BA,253.55999755859375,254.1199951171875,249.42999267578125,251.11000061035156,9479000.0,3.0,4.166095249379566,261.25394783765006,241.4080516740687,55.900258488475814,17.3208287007661,8.646289020964812,249.3383336385091,229.9438326517741,16.56999969482422,14.224526984497006
198,2021-04-15,CAT,233.14999389648438,233.44000244140625,230.74000549316406,220.35986328125,1860200.0,3.0,3.401637569183549,225.07305161564693,209.40130751521247,61.29507139345329,71.61024176602014,13.472354532508774,215.33261260986328,202.50529708862305,16.56999969482422,14.224526984497006
198,2021-04-15,CRM,229.8699951171875,233.0800018310547,229.5,233.0,5073900.0,3.0,3.3998991449028892,235.89016898254152,200.8048276605249,55.52412348103077,169.73332858005494,28.413735383295663,216.09366556803386,224.04983240763346,16.56999969482422,14.224526984497006
198,2021-04-15,CSCO,51.7599983215332,51.939998626708984,51.369998931884766,47.91926193237305,17869800.0,3.0,0.9595516267806801,49.674571933362024,45.094246349719036,62.24583176236754,62.882595977012045,21.508940252534654,46.3501392364502,44.387924130757646,16.56999969482422,14.224526984497006
198,2021-04-15,CVX,104.01000213623047,104.2699966430664,102.93000030517578,93.52690887451172,7860500.0,3.0,0.04712614093344314,97.01387605522089,91.3223139777381,54.438980281717434,-63.76778763933122,4.006374576402578,95.72054773966471,89.92751541137696,16.56999969482422,14.224526984497006
198,2021-04-15,DIS,188.08999633789062,188.89999389648438,185.6999969482422,185.92999267578125,7262500.0,3.0,-0.7987681098892665,192.49914718832116,182.78085464273352,51.20288930408694,-57.12377012500024,8.936988089287196,190.081667582194,186.39750010172526,16.56999969482422,14.224526984497006
198,2021-04-15,GS,338.8999938964844,341.3500061035156,334.5400085449219,318.02325439453125,4354800.0,3.0,1.726151977887639,323.6308656770098,299.62056254564646,60.05231814796122,43.113131764758464,22.058356663232477,313.8077128092448,298.31767552693685,16.56999969482422,14.224526984497006
198,2021-04-15,HD,320.2099914550781,323.3999938964844,320.04998779296875,303.935791015625,3508200.0,3.0,11.0847707783538,311.9229356738944,264.81496105462116,69.74536497619106,105.04364569726096,60.06461084543978,276.0879435221354,266.05573043823244,16.56999969482422,14.224526984497006
198,2021-04-15,HON,230.22999572753906,230.7100067138672,228.57000732421875,218.8548583984375,2009400.0,3.0,4.820196858621387,220.89296228907514,196.624336600085,65.9776438467604,170.88279383359617,48.18612938917743,206.00645802815754,199.25467783610026,16.56999969482422,14.224526984497006
198,2021-04-15,IBM,127.41873931884766,127.98279571533203,126.40535736083984,112.25809478759766,4062664.0,3.0,1.5181753455163687,116.6171336279431,108.95069321531861,56.00979386136912,43.06817167214771,9.941751319607373,110.76279271443686,106.48769823710124,16.56999969482422,14.224526984497006
198,2021-04-15,INTC,63.970001220703125,65.22000122070312,63.68000030517578,60.125572204589844,24927700.0,3.0,0.8685073655315421,62.779470235873546,57.050934045742665,55.260195406685945,28.13603425509221,20.87740303677642,59.190063858032225,56.99158178965251,16.56999969482422,14.224526984497006
198,2021-04-15,JNJ,160.72000122070312,162.38999938964844,160.22999572753906,150.06723022460938,7524600.0,3.0,-0.034769471180140954,155.42108206036002,148.14527078387826,50.18257353860977,4.8216700402236805,14.907058133681165,150.61300354003907,151.45966313680012,16.56999969482422,14.224526984497006
198,2021-04-15,JPM,151.25,152.1999969482422,149.32000732421875,141.5703125,17694100.0,3.0,1.099067539120938,146.53601057172455,138.20727403520902,56.02549990303264,-90.46297248209521,11.094545429377021,142.26231282552084,136.14886398315429,16.56999969482422,14.224526984497006
198,2021-04-15,KO,53.130001068115234,53.65999984741211,53.119998931884766,49.47471618652344,13078100.0,3.0,0.6270644296456922,50.55240764832646,46.949785421131544,58.34861506532496,89.57593095649928,24.37307226341653,48.17523040771484,46.89567553202311,16.56999969482422,14.224526984497006
198,2021-04-15,MCD,229.80999755859375,231.36000061035156,229.1999969482422,218.88853454589844,2063000.0,3.0,3.854807290734527,221.88536747524049,208.63170863559938,61.9280250302071,83.04973290811606,30.5772647346868,210.74962870279947,204.906352742513,16.56999969482422,14.224526984497006
198,2021-04-15,MMM,197.27999877929688,197.80999755859375,195.91000366210938,177.3251190185547,1461600.0,3.0,3.179420047316569,179.5401393336676,168.766182382641,63.614312534654744,93.59861092708952,34.21725214613364,171.23590494791668,164.68770955403645,16.56999969482422,14.224526984497006
198,2021-04-15,MRK,72.5667953491211,73.78816986083984,72.5667953491211,67.59620666503906,14541734.0,3.0,0.18796528179768757,68.85746947841108,66.41608780308306,50.731479626637,42.64541903151893,6.4384743025957345,66.96139348347982,66.78907826741536,16.56999969482422,14.224526984497006
198,2021-04-15,MSFT,257.92999267578125,259.92999267578125,257.7300109863281,253.80926513671875,25627500.0,3.0,6.139254820310555,258.4601972427724,217.8160936507823,62.868606455987255,154.5636155921055,44.257103144893186,234.8643778483073,233.01056925455728,16.56999969482422,14.224526984497006
198,2021-04-15,NKE,133.0,134.07000732421875,132.67999267578125,130.2876739501953,6284800.0,3.0,-0.9988968388989008,137.35271809307525,125.49954631122162,47.42861977976301,-54.28987394480264,10.482631358761044,132.76341298421224,133.99127489725748,16.56999969482422,14.224526984497006
198,2021-04-15,PG,135.97000122070312,137.75999450683594,135.8699951171875,128.97312927246094,7945300.0,3.0,1.817021315614383,131.83285069450835,121.14203562751314,57.95131737624622,85.78839904300547,26.3225625110839,124.10608164469402,122.32317873636882,16.56999969482422,14.224526984497006
198,2021-04-15,TRV,155.52999877929688,155.97000122070312,153.77999877929688,146.05853271484375,1181300.0,3.0,0.750365690770991,148.40610249195126,138.98364360179872,56.39312473315011,55.95209122341739,18.672135562730592,144.6191833496094,140.75354665120443,16.56999969482422,14.224526984497006
198,2021-04-15,UNH,380.0,392.3599853515625,380.0,376.71673583984375,4488300.0,3.0,7.304841766430627,371.4637244944043,346.28112108665044,66.31146806578394,162.120681322048,50.669110214475666,351.7792633056641,336.61414235432943,16.56999969482422,14.224526984497006
198,2021-04-15,V,223.88999938964844,227.6300048828125,223.86000061035156,222.26748657226562,8698100.0,3.0,2.419435019611143,223.96723457291222,200.29469169661905,58.795170316553204,106.6786241889739,33.53786990993482,213.853369140625,208.44620742797852,16.56999969482422,14.224526984497006
198,2021-04-15,VZ,57.560001373291016,57.90999984741211,57.540000915527344,49.80467987060547,13338400.0,3.0,0.4433335932716105,50.99601990367863,47.96631339405086,54.84590408394633,49.46080232578812,7.228084642926502,48.901049041748045,48.25901730855306,16.56999969482422,14.224526984497006
198,2021-04-15,WBA,54.70000076293945,54.70000076293945,53.63999938964844,47.67909622192383,6574000.0,3.0,0.8984339087445719,50.337634523564475,45.155453626459945,57.61730639525395,42.03967878453024,17.332680565775544,46.922603098551434,45.08394165039063,16.56999969482422,14.224526984497006
198,2021-04-15,WMT,139.39999389648438,140.47000122070312,139.1999969482422,134.84771728515625,7236800.0,3.0,1.4789058139556346,137.70458916267043,125.10612250725146,54.205667703875626,105.18820501528843,21.8010814275756,129.47087020874022,132.06196428934734,16.56999969482422,14.224526984497006
199,2021-04-16,AAPL,134.3000030517578,134.6699981689453,133.27999877929688,132.20266723632812,84922400.0,4.0,2.557563743838344,135.14230274304697,113.57332225695302,56.575904290737355,152.6071962628228,29.161259345048656,122.86984151204427,126.5553040822347,16.25,10.553733824690456
199,2021-04-16,AMGN,256.44000244140625,258.82000732421875,254.6699981689453,235.956298828125,2768700.0,4.0,3.4863052258698133,236.12846482366015,224.54131514460155,61.126794788890095,117.81526171050112,46.64029568412144,225.56150563557944,221.79583663940429,16.25,10.553733824690456
199,2021-04-16,AXP,149.7100067138672,150.4499969482422,148.69000244140625,145.17088317871094,3480000.0,4.0,2.4456450003897316,146.99927073340376,132.06901997704546,61.888695272332804,123.3423049926401,20.501711802531748,140.09046427408853,132.0953795115153,16.25,10.553733824690456
199,2021-04-16,BA,252.0,253.0500030517578,246.22999572753906,248.17999267578125,14606000.0,4.0,3.5543624131314573,260.6937134760545,241.18028554738297,54.673598413196764,-8.86675907378442,2.2781967385219803,250.12066650390625,230.55599924723307,16.25,10.553733824690456
199,2021-04-16,CAT,234.6199951171875,235.94000244140625,232.27000427246094,221.15591430664062,2128400.0,4.0,3.356088451687242,225.3745191340972,209.3538255924653,61.72967353880076,92.71935157194947,20.344359457108236,215.9830520629883,203.15320994059246,16.25,10.553733824690456
199,2021-04-16,CRM,234.0,234.0,229.88999938964844,231.91000366210938,5088700.0,4.0,3.7132892035073155,237.48620588652355,201.4517915499999,54.88321210368649,151.35669623677578,30.221507954445354,216.97966562906902,224.19099909464518,16.25,10.553733824690456
199,2021-04-16,CSCO,52.45000076293945,53.18000030517578,52.2599983215332,48.99567794799805,28327900.0,4.0,0.988601839157198,49.6799781923158,45.4922531004088,65.24850821495347,102.82214687102099,35.93418521543366,46.61482632954915,44.50829029083252,16.25,10.553733824690456
199,2021-04-16,CVX,103.80000305175781,104.36000061035156,102.43000030517578,93.11092376708984,7459700.0,4.0,-0.01454444506353525,97.00045845123456,91.23082816985918,53.77219471564403,-68.54125037965287,0.31815166103337383,95.67412490844727,90.06180152893066,16.25,10.553733824690456
199,2021-04-16,DIS,187.57000732421875,189.47000122070312,186.1999969482422,187.25999450683594,9453500.0,4.0,-0.7400111561211702,191.72995595518097,183.04804544862765,52.17151483131903,-42.992831613934904,10.999473354665042,190.05600077311198,186.62450002034504,16.25,10.553733824690456
199,2021-04-16,GS,340.2900085449219,343.739990234375,338.6199951171875,321.5553283691406,4231900.0,4.0,2.385756718961943,322.10376719985726,300.6131609007287,61.34185572043364,73.41648722656564,25.106256977800374,314.21539916992185,299.1470832824707,16.25,10.553733824690456
199,2021-04-16,HD,324.8399963378906,328.6700134277344,323.94000244140625,308.9646911621094,6213100.0,4.0,11.33468934560176,313.42000993855487,267.54816022746076,71.504319880666,115.89200696507831,65.48061220069135,278.55882720947267,266.9266507466634,16.25,10.553733824690456
199,2021-04-16,HON,231.67999267578125,232.35000610351562,230.0500030517578,221.01637268066406,4098100.0,4.0,5.092423832704242,222.7135210710511,196.43109410228874,67.32020267937287,177.59725960842783,51.344459353486684,206.93231811523438,199.6505884806315,16.25,10.553733824690456
199,2021-04-16,IBM,127.15105438232422,128.2026824951172,127.1032485961914,113.11329650878906,5535223.0,4.0,1.4268721266381732,116.55734843330572,109.30937062187007,57.131072294062044,51.73859319731629,11.295190283788308,111.14325230916342,106.5614377339681,16.25,10.553733824690456
199,2021-04-16,INTC,65.33000183105469,65.5199966430664,64.56999969482422,59.87590026855469,24625500.0,4.0,0.767799587949348,62.78933340478409,57.135392699952234,54.819742596705694,38.1683096257062,22.848747127197186,59.38795471191406,57.090742683410646,16.25,10.553733824690456
199,2021-04-16,JNJ,161.33999633789062,162.50999450683594,160.55999755859375,151.79815673828125,9049400.0,4.0,0.018898013631485355,155.42105330483597,148.31090775473436,52.912395753108036,22.407330381000424,14.110010048002607,150.89899698893228,151.47317199707032,16.25,10.553733824690456
199,2021-04-16,JPM,153.8699951171875,154.50999450683594,152.69000244140625,142.6216278076172,13773400.0,4.0,1.0123130128316973,146.05404073966963,138.3704252027132,57.00273244869087,3.811295504149717,0.7118499880710574,142.37462361653647,136.4299228668213,16.25,10.553733824690456
199,2021-04-16,KO,53.7400016784668,53.79999923706055,53.380001068115234,49.799415588378906,17974100.0,4.0,0.6342825650245842,50.53185534149833,47.25885587065987,59.57247801473381,98.61735195089793,26.65288260840869,48.303632990519205,46.979197883605956,16.25,10.553733824690456
199,2021-04-16,MCD,233.64999389648438,234.25999450683594,232.30999755859375,220.59210205078125,2694300.0,4.0,3.855404197038524,222.45086381795386,209.02967054483912,63.28549458730243,110.06694982717771,40.59771303768012,211.6405283610026,205.23375829060873,16.25,10.553733824690456
199,2021-04-16,MMM,198.72000122070312,199.6699981689453,197.97999572753906,178.31285095214844,2769500.0,4.0,3.164540191484548,180.03422766812136,168.95273369662473,64.49592418562442,112.88492505748084,40.654201327861344,171.86296539306642,165.1329559326172,16.25,10.553733824690456
199,2021-04-16,MRK,73.71183013916016,74.18893432617188,73.30152893066406,68.3104476928711,12512806.0,4.0,0.24835623682338337,68.8838355708471,66.40735781904549,53.07106217905728,85.08614215491336,12.384523545134488,67.13564771016439,66.72629954020182,16.25,10.553733824690456
199,2021-04-16,MSFT,259.4700012207031,261.0,257.6000061035156,255.02207946777344,24878600.0,4.0,6.4418750334709785,260.37032161121493,218.84213413829679,63.40322865674837,142.45539000813372,46.07493184569267,235.97318318684896,233.6123354593913,16.25,10.553733824690456
199,2021-04-16,NKE,134.7100067138672,134.77000427246094,133.72999572753906,130.91148376464844,6852500.0,4.0,-0.940144397044719,135.52317016030395,126.46551392172728,48.059047812316685,-40.05826761038737,7.2249707318392975,132.83716481526693,133.85806159973146,16.25,10.553733824690456
199,2021-04-16,PG,137.61000061035156,137.89999389648438,136.8800048828125,128.9824981689453,7708500.0,4.0,1.800632817461178,131.6581750114576,122.12020786207756,57.9651268818025,88.02106578068458,27.130674961686186,124.57909520467122,122.41889355977376,16.25,10.553733824690456
199,2021-04-16,TRV,154.6699981689453,156.4600067138672,154.6699981689453,147.5630340576172,1315500.0,4.0,0.9411926423919397,148.20144460822394,139.10503122185418,57.82778460026706,79.45773820152252,20.556487951475084,144.86341145833333,140.9383977254232,16.25,10.553733824690456
199,2021-04-16,UNH,393.9200134277344,393.9200134277344,385.4599914550781,377.68267822265625,4532400.0,4.0,8.075407869348282,374.6626980847913,345.8794466905993,66.62554040634961,174.925388717149,52.09592217955922,353.65899047851565,337.28081766764325,16.25,10.553733824690456
199,2021-04-16,V,227.1699981689453,227.8000030517578,225.75999450683594,222.39517211914062,6829400.0,4.0,2.7292689662588145,224.961477129175,199.86525016574686,58.873676098498905,109.66200149505599,33.93315116289498,214.3415557861328,208.78540649414063,16.25,10.553733824690456
199,2021-04-16,VZ,58.06999969482422,58.47999954223633,57.79999923706055,50.30532455444336,19866200.0,4.0,0.45846672649678766,50.998154762410586,48.18595816788727,57.12790524286473,75.19340617724016,16.788937491183546,49.01795921325684,48.282459322611494,16.25,10.553733824690456
199,2021-04-16,WBA,54.04999923706055,54.2599983215332,53.25,47.30631637573242,4744500.0,4.0,0.7630996801671444,50.33292711041001,45.21341345050307,56.43075926079259,22.382113504240362,12.91396172173278,47.11312993367513,45.16772797902425,16.25,10.553733824690456
199,2021-04-16,WMT,140.88999938964844,140.9600067138672,139.7100067138672,135.28070068359375,8829500.0,4.0,1.529182987150108,137.68853684470412,126.14200056984669,54.84952081557554,106.68187973030044,24.84324760067226,129.9073506673177,131.99309425354005,16.25,10.553733824690456
200,2021-04-19,AAPL,133.50999450683594,135.47000122070312,133.33999633789062,132.8727264404297,94264200.0,0.0,2.7293814575885023,136.1091914135472,114.06976747927507,57.09467900153149,143.30380689841147,31.941579203623455,123.31064783732096,126.52531827290854,17.290000915527344,5.847823463986767
200,2021-04-19,AMGN,252.85000610351562,256.1099853515625,252.63999938964844,236.19618225097656,2345100.0,0.0,3.6310806154807835,236.91904476477583,224.67625247643508,61.284784734623045,103.10107555920209,36.492376298700115,226.43012034098308,221.88503774007162,17.290000915527344,5.847823463986767
200,2021-04-19,AXP,149.19000244140625,149.50999450683594,147.8000030517578,143.7674560546875,2259100.0,0.0,2.4040611430083914,147.4076883199241,132.45925351357198,60.18541393513902,90.95941280300217,16.053360894288613,140.14374491373698,132.44206848144532,17.290000915527344,5.847823463986767
200,2021-04-19,BA,247.0,247.0,242.22000122070312,244.14999389648438,9249300.0,0.0,2.7130976113050735,260.2750775487301,240.431920131934,53.01822870628297,-67.1765475662913,5.167567035363966,250.8183329264323,231.168332417806,17.290000915527344,5.847823463986767
200,2021-04-19,CAT,232.89999389648438,233.10000610351562,229.91000366210938,220.23663330078125,1712600.0,0.0,3.208822841196337,225.59335715656522,209.80785591716523,60.912595871031755,58.228332316948226,11.415233424948102,216.36939798990886,203.788170115153,17.290000915527344,5.847823463986767
200,2021-04-19,CRM,230.8300018310547,232.1999969482422,228.8699951171875,230.5,4257700.0,0.0,3.804027114513417,238.70306532112014,202.06493242057908,54.0483454172041,123.1415690725309,26.43735893420182,217.63766581217448,224.3298324584961,17.290000915527344,5.847823463986767
200,2021-04-19,CSCO,52.529998779296875,52.959999084472656,52.4900016784668,49.042076110839844,20245600.0,0.0,1.0037971371813725,49.624816408848986,45.93888331344105,65.37131532682113,100.09304345982503,35.934185215433665,46.829158020019534,44.63296152750651,17.290000915527344,5.847823463986767
200,2021-04-19,CVX,103.2699966430664,103.83000183105469,102.20999908447266,93.38223266601562,7068700.0,0.0,-0.04105323195526012,97.00038457435033,91.2200507589016,54.151086137705136,-69.35091467797835,1.3276274907215488,95.50109456380208,90.25069541931153,17.290000915527344,5.847823463986767
200,2021-04-19,DIS,187.50999450683594,190.3300018310547,185.64999389648438,187.42999267578125,7625800.0,0.0,-0.6719822226705503,191.17052155073324,183.23647918168862,52.29672087633944,-40.137813015952545,14.135951216232403,189.97066701253254,186.89366658528647,17.290000915527344,5.847823463986767
200,2021-04-19,GS,340.0,344.42999267578125,336.6000061035156,322.28802490234375,3228200.0,0.0,2.933801675797497,321.8145375948981,300.79811499299245,61.607807521024874,66.21640074950967,20.837033002639345,314.70762736002604,300.00585708618166,17.290000915527344,5.847823463986767
200,2021-04-19,HD,326.489990234375,328.8299865722656,325.44000244140625,307.80633544921875,4494300.0,0.0,11.30891979759565,314.7554415408115,269.76777623262603,70.52728039878662,111.04420448644515,65.6318552709145,280.9103022257487,267.704175567627,17.290000915527344,5.847823463986767
200,2021-04-19,HON,231.7100067138672,232.11000061035156,230.5,219.93087768554688,2904400.0,0.0,5.161081561133557,223.93486724501525,196.9294317662152,65.96783695104298,158.71479523794375,51.344459353486684,207.70646107991536,200.07343826293945,17.290000915527344,5.847823463986767
200,2021-04-19,IBM,127.72466278076172,127.93498992919922,126.74951934814453,112.71532440185547,8575736.0,0.0,1.3073305520165377,116.2716034577855,109.95243142380629,56.43853915422242,39.54785157411122,8.491396772877732,111.4336769104004,106.60668106079102,17.290000915527344,5.847823463986767
200,2021-04-19,INTC,64.69999694824219,64.73999786376953,63.06999969482422,58.840206146240234,23997700.0,0.0,0.597528156007165,62.79278792190853,57.11991654586491,53.00672111982623,-31.772634421812512,8.411699716445622,59.47703641255696,57.114582761128744,17.290000915527344,5.847823463986767
200,2021-04-19,JNJ,162.5,163.11000061035156,160.83999633789062,152.2191925048828,8353500.0,0.0,0.09431672512300793,155.40291685722858,148.5769903693339,53.55283203978834,32.877539397998554,10.030511897858872,151.10452575683593,151.5037717183431,17.290000915527344,5.847823463986767
200,2021-04-19,JPM,153.4199981689453,153.8800048828125,152.22000122070312,142.01686096191406,11900200.0,0.0,0.8845631026876788,145.9336459775407,138.3436748842757,56.258745531994975,-27.483760405506715,2.689851748489773,142.45598500569662,136.71847546895344,17.290000915527344,5.847823463986767
200,2021-04-19,KO,54.0,54.36000061035156,53.29999923706055,50.096275329589844,19352900.0,0.0,0.6563906269134776,50.539509400061725,47.54714144832695,60.6656007699547,108.65728984255311,35.027730787494974,48.41586265563965,47.06352761586507,17.290000915527344,5.847823463986767
200,2021-04-19,MCD,233.1199951171875,233.3000030517578,230.8300018310547,219.39013671875,2254800.0,0.0,3.716052354156915,222.60834630789861,209.75898462471855,61.680302398218195,95.49780310755922,30.334750809171624,212.4115463256836,205.5426981608073,17.290000915527344,5.847823463986767
200,2021-04-19,MMM,198.11000061035156,198.69000244140625,196.6699981689453,178.32186889648438,2200500.0,0.0,3.1175384288682153,180.19086106381948,169.68326308168835,64.50404720121162,97.19830423862165,31.003227028523767,172.39544525146485,165.57167358398436,17.290000915527344,5.847823463986767
200,2021-04-19,MRK,74.14122009277344,74.22709655761719,73.44465637207031,68.47798919677734,8536903.0,0.0,0.3062059513366222,68.90748968110664,66.39693079008477,53.605669180099845,93.63830145893652,12.947668069700555,67.28751525878906,66.68496030171713,17.290000915527344,5.847823463986767
200,2021-04-19,MSFT,260.19000244140625,261.4800109863281,257.82000732421875,253.06593322753906,23209300.0,0.0,6.449513106857495,261.4414649425171,220.54773030894773,61.91579551474832,124.61293455071578,46.905247348013695,236.8580108642578,234.1712526957194,17.290000915527344,5.847823463986767
200,2021-04-19,NKE,134.3000030517578,134.3800048828125,132.14999389648438,129.21551513671875,5613600.0,0.0,-1.0186903300474341,135.1155850669084,126.39354731834551,46.49105381623341,-66.54503451772703,13.386950907405598,132.81182250976562,133.7158743540446,17.290000915527344,5.847823463986767
200,2021-04-19,PG,136.94000244140625,137.0800018310547,135.38999938964844,128.38104248046875,9149400.0,0.0,1.7192934227622771,130.95131753547793,123.63526007072322,56.72786780527163,66.46679589086875,13.026635669606817,124.91208368937174,122.50660438537598,17.290000915527344,5.847823463986767
200,2021-04-19,TRV,156.5800018310547,157.9600067138672,153.57000732421875,146.0774688720703,1123100.0,0.0,0.9614684712548467,148.41962748886039,139.36752918838573,55.94761113223293,63.569956738862324,26.155302424924482,144.9533498128255,141.04045766194662,17.290000915527344,5.847823463986767
200,2021-04-19,UNH,390.0,393.3900146484375,388.4700012207031,376.5525817871094,2965400.0,0.0,8.496950167438456,377.1391963749983,345.746265050783,65.88217377012771,167.67053095925263,52.09592217955921,355.0746622721354,337.86192474365237,17.290000915527344,5.847823463986767
200,2021-04-19,V,225.75,227.5800018310547,225.0800018310547,221.7861328125,6541600.0,0.0,2.892329247960049,225.77394335295148,200.90828778718523,58.32535150740304,97.62533408376228,30.611626463900055,214.6814193725586,209.12867533365886,17.290000915527344,5.847823463986767
200,2021-04-19,VZ,58.5,58.709999084472656,58.09000015258789,50.400272369384766,11955400.0,0.0,0.47267266253467,50.95173604465987,48.46962854884599,57.54881323094213,84.52852144792723,20.33044796525263,49.103875096638994,48.30734144846598,17.290000915527344,5.847823463986767
200,2021-04-19,WBA,53.349998474121094,53.900001525878906,52.810001373291016,47.741214752197266,4164500.0,0.0,0.683065044729986,50.33170985098984,45.325573169029695,57.48735484149373,10.684652258523853,8.008429667446942,47.30809440612793,45.27370834350586,17.290000915527344,5.847823463986767
200,2021-04-19,WMT,140.2899932861328,140.57000732421875,139.61000061035156,134.41477966308594,6427000.0,0.0,1.4820710273371844,137.62814235739722,126.96918582863793,53.29918447866625,91.52648236135788,23.792578288140408,130.26418813069662,131.9203311920166,17.290000915527344,5.847823463986767
201,2021-04-20,AAPL,135.02000427246094,135.52999877929688,131.80999755859375,131.16798400878906,94812300.0,1.0,2.6969015640414966,136.77858252227037,114.35819497406752,55.35420522573571,115.58748182971227,22.141066954516802,123.86083577473958,126.4308422088623,18.68000030517578,48.91459919020097
201,2021-04-20,AMGN,254.83999633789062,260.3599853515625,254.83999633789062,239.12130737304688,1579300.0,1.0,3.936472105791495,238.3907407288506,224.07655510855173,63.17284038325924,136.78660052094406,45.00907961533587,227.3937779744466,222.00055033365885,18.68000030517578,48.91459919020097
201,2021-04-20,AXP,147.2100067138672,147.5,144.50999450683594,140.4380340576172,2526700.0,1.0,2.0784895724389685,147.31537302227494,133.090617578311,56.37753296916298,24.98721367499354,1.2793699974141202,139.991476949056,132.7540136973063,18.68000030517578,48.91459919020097
201,2021-04-20,BA,241.02999877929688,241.08999633789062,232.33999633789062,234.05999755859375,19483600.0,1.0,1.2181685275204188,261.7857629840764,237.2042348796931,49.16287714316608,-172.84104651113418,20.424954172060026,251.1526662190755,231.63866577148437,18.68000030517578,48.91459919020097
201,2021-04-20,CAT,230.89999389648438,231.3000030517578,225.60000610351562,215.72560119628906,2815800.0,1.0,2.697021607077886,225.55584411864348,209.99795379395417,57.0774258088896,-5.275034115478054,2.681180682723839,216.56051839192708,204.35189565022787,18.68000030517578,48.91459919020097
201,2021-04-20,CRM,230.0,231.4499969482422,226.88999938964844,227.9600067138672,4081200.0,1.0,3.629146787040156,239.46872292592982,202.5782756702616,52.55845013230482,97.11279618623779,19.246869455039427,218.3123326619466,224.3663324991862,18.68000030517578,48.91459919020097
201,2021-04-20,CSCO,52.59000015258789,52.790000915527344,51.599998474121094,48.058448791503906,21257500.0,1.0,0.9257970046073396,49.58403489651941,46.1511530154679,60.66941993618375,64.59777234818267,18.12865351335109,46.972005716959636,44.74646002451579,18.68000030517578,48.91459919020097
201,2021-04-20,CVX,102.83000183105469,102.98999786376953,100.51000213623047,91.6368408203125,9783800.0,1.0,-0.20058791898399875,97.09326071153461,91.01774850477398,51.35013674003995,-105.99607142046479,13.103212764517854,95.2472760518392,90.4146608988444,18.68000030517578,48.91459919020097
201,2021-04-20,DIS,187.2899932861328,188.0800018310547,181.82000732421875,182.7899932861328,10765800.0,1.0,-0.9811676851222728,190.16910479825555,183.23089520174443,48.69723934443702,-99.37219582904893,2.2615375008942116,189.33333333333334,187.06049982706705,18.68000030517578,48.91459919020097
201,2021-04-20,GS,339.9700012207031,340.4700012207031,329.3500061035156,311.7577209472656,3662300.0,1.0,2.4897237432744532,320.86935143928184,301.04347815056195,55.891116198878215,-10.511067357301542,6.847962783903499,314.6352966308594,300.6888145446777,18.68000030517578,48.91459919020097
201,2021-04-20,HD,326.0,327.69000244140625,322.1600036621094,305.0847473144531,4462900.0,1.0,10.94274665609845,314.97259880379596,272.8485712401494,68.26027991261871,97.47090995972508,51.11994808486012,282.9991689046224,268.35913162231446,18.68000030517578,48.91459919020097
201,2021-04-20,HON,230.0,230.19000244140625,225.77999877929688,216.46485900878906,2050600.0,1.0,4.879565966046158,224.30043304588855,198.01121703956068,61.86291014533165,107.7104397639178,26.071592005568046,208.32952117919922,200.4856051127116,18.68000030517578,48.91459919020097
201,2021-04-20,IBM,131.0420684814453,133.62332153320312,130.68833923339844,116.98280334472656,16192708.0,1.0,1.5391999399691798,116.79674742243293,110.07164170720574,61.60176850709046,151.25009799882548,36.14457535166042,111.81046727498372,106.90464274088542,18.68000030517578,48.91459919020097
201,2021-04-20,INTC,63.63999938964844,63.7599983215332,62.40999984741211,57.9802131652832,19872100.0,1.0,0.38871174610709147,62.766557909707,56.87520234419926,51.54246255593901,-93.86578009510717,2.7331859915854335,59.5648853302002,57.212940279642744,18.68000030517578,48.91459919020097
201,2021-04-20,JNJ,161.0,167.7899932861328,161.0,155.7652587890625,14050700.0,1.0,0.4352077072218492,155.96053679355768,148.5788812362275,58.47372002843085,133.75042575936686,15.23610533158247,151.38771311442056,151.56526718139648,18.68000030517578,48.91459919020097
201,2021-04-20,JPM,151.74000549316406,151.75,148.64999389648438,138.87232971191406,13716700.0,1.0,0.5235478528291253,146.01460134161945,138.1868009410954,52.56825272129234,-155.37882877010134,16.23881017009472,142.37086791992186,136.97065073649088,18.68000030517578,48.91459919020097
201,2021-04-20,KO,53.84000015258789,54.59000015258789,53.810001373291016,50.25397872924805,14419200.0,1.0,0.6788118511363237,50.541618669997256,47.83911520146271,61.24153303814726,118.8502786086996,38.1292933394336,48.50728123982747,47.15753943125407,18.68000030517578,48.91459919020097
201,2021-04-20,MCD,231.24000549316406,233.2100067138672,231.0800018310547,220.52587890625,1885700.0,1.0,3.655125901282105,223.08111300527253,210.03767819345796,62.60738779049468,98.64367206079557,30.334750809171624,213.1655298868815,205.87291870117187,18.68000030517578,48.91459919020097
201,2021-04-20,MMM,198.94000244140625,199.35000610351562,197.44000244140625,178.0614471435547,1653100.0,1.0,3.0244117977656515,180.24637418649232,170.42063020803894,64.06616152099514,99.2783446944711,33.46205087087991,172.8303476969401,166.03024546305338,18.68000030517578,48.91459919020097
201,2021-04-20,MRK,74.12213897705078,75.51526641845703,74.12213897705078,69.2803955078125,11009345.0,1.0,0.4120498954812888,69.12139960199008,66.27648858160367,56.0842841414631,168.10210330884075,29.3361707191099,67.4358283996582,66.659907913208,18.68000030517578,48.91459919020097
201,2021-04-20,MSFT,257.82000732421875,260.20001220703125,256.8399963378906,252.5964813232422,19722900.0,1.0,6.344549472765067,262.56786042413995,221.59949644841865,61.557271308435496,107.35439165516871,42.12908727572924,237.86444498697918,234.7064074198405,18.68000030517578,48.91459919020097
201,2021-04-20,NKE,129.1699981689453,129.89999389648438,125.69999694824219,123.8936767578125,13268700.0,1.0,-1.4931542755315945,135.13879261935136,125.28258036648852,42.03873740175508,-165.11383141148656,32.849650834176266,132.56977284749348,133.52162895202636,18.68000030517578,48.91459919020097
201,2021-04-20,PG,134.83999633789062,138.58999633789062,133.52999877929688,129.45237731933594,10040500.0,1.0,1.7214354975629362,130.59197896630252,124.70599848120725,58.3654118091762,67.43283541492077,1.5482603221083713,125.23912099202474,122.62799034118652,18.68000030517578,48.91459919020097
201,2021-04-20,TRV,154.92999267578125,157.39999389648438,153.83999633789062,147.3548583984375,1840900.0,1.0,1.068297205700901,148.59104267707235,139.96633799919718,57.18584765561591,71.87617815261932,26.155302424924486,144.97952880859376,141.20897827148437,18.68000030517578,48.91459919020097
201,2021-04-20,UNH,389.8599853515625,397.8800048828125,389.4200134277344,383.0145263671875,3348100.0,1.0,9.245869767288127,380.9069387058597,344.8443949123043,67.99448597262628,182.95319816525486,56.256920333342684,356.60723673502605,338.6702407836914,18.68000030517578,48.91459919020097
201,2021-04-20,V,224.77999877929688,225.3800048828125,221.82000732421875,219.3206787109375,5799100.0,1.0,2.7904476115847103,226.0316975991944,202.15144143889154,56.13591560132847,60.90009394322321,15.883505189652308,214.77997436523438,209.48185170491536,18.68000030517578,48.91459919020097
201,2021-04-20,VZ,58.119998931884766,58.540000915527344,57.970001220703125,50.400272369384766,16673600.0,1.0,0.4784160863531213,50.90605356784516,48.7226741543228,57.54881323094213,72.8966404622467,17.54041843350034,49.167302831014,48.32937692006429,18.68000030517578,48.91459919020097
201,2021-04-20,WBA,53.47999954223633,53.61000061035156,52.72999954223633,47.34182357788086,3136600.0,1.0,0.5807153643738658,50.33169742871349,45.345998799313854,56.19273312365865,-9.23988770559599,7.104037861848242,47.45187733968099,45.36746419270833,18.68000030517578,48.91459919020097
201,2021-04-20,WMT,139.4199981689453,141.77000427246094,138.82000732421875,135.453857421875,8150700.0,1.0,1.5111596432579404,137.66949070581876,127.7379235397867,54.882231177357056,96.05080816204831,31.21756788408314,130.69526290893555,131.84125302632648,18.68000030517578,48.91459919020097
202,2021-04-21,AAPL,132.36000061035156,133.75,131.3000030517578,131.55230712890625,68847100.0,2.0,2.6713786876360786,137.382066314297,114.83472369424794,55.669369335839626,97.2939313503996,18.991709813600753,124.26846796671549,126.27963498433431,17.5,17.195029807269233
202,2021-04-21,AMGN,260.4100036621094,261.0,257.75,238.78909301757812,2173600.0,2.0,4.104377431886007,239.35250894439164,224.38264272797161,62.81294236608086,148.41519621945204,46.171131676355536,228.31006724039713,222.05557022094726,17.5,17.195029807269233
202,2021-04-21,AXP,144.0,147.3800048828125,143.02000427246094,142.45115661621094,2161700.0,2.0,1.960316613590777,146.56560664534504,134.95418705582682,58.03815691210147,28.51269346161605,4.60009920856622,140.0726109822591,133.1797643025716,17.5,17.195029807269233
202,2021-04-21,BA,232.22000122070312,236.75999450683594,230.22000122070312,235.9199981689453,12847000.0,2.0,0.1814216470046972,262.46663256980855,235.99036511085555,49.85819608677188,-199.20589092182783,23.25701991296513,251.3296661376953,232.18133239746095,17.5,17.195029807269233
202,2021-04-21,CAT,227.32000732421875,232.61000061035156,226.02000427246094,220.30299377441406,1977700.0,2.0,2.630450571113869,224.34484775068984,212.55563442704454,59.73836198822823,28.406687826474666,1.373125139576423,217.0552185058594,205.06456782023113,17.5,17.195029807269233
202,2021-04-21,CRM,227.11000061035156,230.7899932861328,226.6699981689453,230.55999755859375,4024000.0,2.0,3.6581811643878552,240.4880064603343,203.1149918917165,53.90399786934268,93.86783619061113,18.446794117226688,218.94666595458983,224.44366582234701,17.5,17.195029807269233
202,2021-04-21,CSCO,51.84000015258789,52.06999969482422,51.47999954223633,48.18836975097656,14015500.0,2.0,0.8644994615559014,49.47166281655316,46.47472504660601,61.05219236607089,49.49371655996909,15.939841484005276,47.1075138092041,44.8581314722697,17.5,17.195029807269233
202,2021-04-21,CVX,100.33000183105469,102.98999786376953,100.13999938964844,92.9029312133789,8264400.0,2.0,-0.2222949168504016,97.0546626198799,91.12507676000291,53.16789770182434,-94.28831820884447,15.45077473591627,95.04319686889649,90.61206359863282,17.5,17.195029807269233
202,2021-04-21,DIS,181.2899932861328,183.3800048828125,178.86000061035156,183.11000061035156,8400200.0,2.0,-1.1866979596396732,190.0997542912882,182.73824619699303,48.94793341952282,-138.63903601457537,12.631323110399508,188.95333353678384,187.24749984741212,17.5,17.195029807269233
202,2021-04-21,GS,330.0,335.4700012207031,327.55999755859375,314.942138671875,2733300.0,2.0,2.3674541417705086,321.1902804088456,301.0513242054122,57.13540194762447,-24.094707548135204,3.680109654100382,314.78183797200523,301.5238726298014,17.5,17.195029807269233
202,2021-04-21,HD,324.9599914550781,327.9100036621094,323.8900146484375,306.9588317871094,3740100.0,2.0,10.680654817631932,314.9966480434583,276.2119487582995,68.97076595002808,98.47758705952913,51.42509409653674,284.96551411946615,269.0284756978353,17.5,17.195029807269233
202,2021-04-21,HON,227.1300048828125,230.6699981689453,226.92999267578125,219.48333740234375,1722400.0,2.0,4.844188024468679,224.43488387785135,199.96304855623066,63.88738568118449,114.08588973042167,27.389682666881406,209.0560541788737,200.95408452351887,17.5,17.195029807269233
202,2021-04-21,IBM,131.988525390625,137.4091796875,131.65391540527344,121.54662322998047,12456814.0,2.0,2.067388654254671,118.67988047548974,109.29686589291848,66.0531863668765,215.5423615290954,47.44383369259202,112.3571662902832,107.27908566792806,17.5,17.195029807269233
202,2021-04-21,INTC,62.790000915527344,63.779998779296875,62.29999923706055,58.904937744140625,24364200.0,2.0,0.2944465851414435,62.76182160854794,56.90028280734561,52.987054037748244,-80.18715984794099,1.7833465314905168,59.59663429260254,57.34539903004964,17.5,17.195029807269233
202,2021-04-21,JNJ,166.3699951171875,166.91000366210938,165.2899932861328,155.86817932128906,6333200.0,2.0,0.7055380894174448,156.42598494037966,148.69727098003048,58.605395961468595,161.8825449544096,15.236105331582483,151.66497446695965,151.5908192952474,17.5,17.195029807269233
202,2021-04-21,JPM,147.7899932861328,150.61000061035156,146.7899932861328,140.05386352539062,12236700.0,2.0,0.32898819942434443,145.7999196626503,138.5833780668419,53.74760100608446,-169.71170023118728,22.266664581398196,142.35843149820963,137.26826133728028,17.5,17.195029807269233
202,2021-04-21,KO,54.2400016784668,54.7400016784668,54.2400016784668,50.66217803955078,13866500.0,2.0,0.7212054977038918,50.64530325390257,48.03415345691286,62.70377173303203,131.42245966256078,40.12203918397842,48.63622767130534,47.25390771230062,17.5,17.195029807269233
202,2021-04-21,MCD,233.3000030517578,233.86000061035156,231.85000610351562,219.8160400390625,2065500.0,2.0,3.509112321718135,223.29248683430478,210.5730313541718,61.64314647171479,96.14977782918909,32.79660264320258,213.91351877848308,206.19193623860676,17.5,17.195029807269233
202,2021-04-21,MMM,198.3000030517578,201.5,198.1199951171875,180.37814331054688,2649000.0,2.0,3.1017907776275138,180.3691394640626,171.42477838261706,66.17904123075273,123.78372550901432,40.80752319904967,173.4199951171875,166.50739008585612,17.5,17.195029807269233
202,2021-04-21,MRK,75.31488800048828,75.84923553466797,75.0667953491211,69.86235809326172,11817248.0,2.0,0.5367047030323846,69.5309206115743,66.12797144775188,57.77674954899518,210.704301276595,32.84018008768637,67.60441436767579,66.64207827250162,17.5,17.195029807269233
202,2021-04-21,MSFT,258.94000244140625,260.67999267578125,257.25,254.86557006835938,24030400.0,2.0,6.371020377599251,263.9160803759128,222.5008324658841,62.639001941863114,104.90118334678428,43.09765073181978,238.73818766276042,235.22115631103514,17.5,17.195029807269233
202,2021-04-21,NKE,127.58999633789062,130.3300018310547,127.37000274658203,126.61306762695312,7110900.0,2.0,-1.6309378184662648,134.7576825630526,124.95995659710363,44.83154282954445,-122.56629720441668,30.755725791262574,132.37320912679036,133.40188840230306,17.5,17.195029807269233
202,2021-04-21,PG,137.88999938964844,138.57000732421875,136.60000610351562,128.60658264160156,8465900.0,2.0,1.6360254622448878,130.44587363282733,125.25149956663559,56.61562957865006,78.33388972856895,1.5482603221083728,125.5733627319336,122.70019493103027,17.5,17.195029807269233
202,2021-04-21,TRV,156.27999877929688,157.75999450683594,156.02999877929688,148.91610717773438,859600.0,2.0,1.264364667154382,148.82564645653227,140.71390890235446,58.65520362192772,105.38096528236977,27.555478205653,145.09181315104166,141.3953638712565,17.5,17.195029807269233
202,2021-04-21,UNH,398.8599853515625,401.4800109863281,395.44000244140625,385.216796875,2473300.0,2.0,9.902943798935553,384.61403200262293,344.0649871624162,68.67816867502911,189.5697188457056,59.28781593115047,358.1551503499349,339.5110905965169,17.5,17.195029807269233
202,2021-04-21,V,223.30999755859375,227.8699951171875,222.8699951171875,223.41671752929688,9490600.0,2.0,3.0055753792898656,226.7679037957037,203.31101008369083,58.794327525453646,90.32206016686156,22.975058358817645,215.01211649576823,209.92029520670573,17.5,17.195029807269233
202,2021-04-21,VZ,58.400001525878906,58.84000015258789,58.04999923706055,50.184478759765625,18310100.0,2.0,0.46024957961616053,50.83364147668402,48.95354266638239,56.2066652514368,72.68827852852641,22.351813823793485,49.240332412719724,48.33429457346598,17.5,17.195029807269233
202,2021-04-21,WBA,53.38999938964844,54.06999969482422,53.119998931884766,47.97197341918945,3871200.0,2.0,0.5441773928673399,50.29582359385755,45.56115653919909,57.74586523781406,8.021575283258883,11.651000031953691,47.61725692749023,45.46630102793376,17.5,17.195029807269233
202,2021-04-21,WMT,140.77000427246094,141.6999969482422,140.52999877929688,135.84832763671875,5778400.0,2.0,1.5481963863371675,137.86154606021813,128.24434993587562,55.47496937222017,103.61112136676141,31.217567884083152,131.10723114013672,131.77082583109538,17.5,17.195029807269233
203,2021-04-22,AAPL,133.0399932861328,134.14999389648438,131.41000366210938,130.0150604248047,84566500.0,3.0,2.498309703371447,137.47009146155358,115.91441018639563,54.089435281664514,85.09554353876652,20.70587540985773,124.66131846110027,126.09887097676595,18.709999084472656,10.687096383329354
203,2021-04-22,AMGN,257.5400085449219,258.4800109863281,253.66000366210938,235.34727478027344,3370700.0,3.0,3.9145926578230785,239.49997571389588,225.11916948874085,59.19841182461025,104.82224908291515,27.73235081702644,229.08179423014323,222.03032735188802,18.709999084472656,10.687096383329354
203,2021-04-22,AXP,147.57000732421875,148.9199981689453,145.8699951171875,142.4318084716797,3247300.0,3.0,1.843847729874284,145.9556980038462,136.45015831939597,58.01619841036647,64.33006489350956,1.7043960947215928,140.10002593994142,133.68560651143392,18.709999084472656,10.687096383329354
203,2021-04-22,BA,235.9600067138672,239.64999389648438,233.3800048828125,234.3300018310547,13854400.0,3.0,-0.7597492253336782,263.15055747846964,234.8154398359835,49.262362977874226,-172.25520834200017,17.179789096932645,250.9626663208008,232.71916580200195,18.709999084472656,10.687096383329354
203,2021-04-22,CAT,233.25,233.42999267578125,228.77000427246094,216.91970825195312,2410700.0,3.0,2.278425409280601,223.10493555998755,214.521488085032,57.034823560871686,25.59751428780448,3.911751515574647,217.3025695800781,205.72290547688803,18.709999084472656,10.687096383329354
203,2021-04-22,CRM,230.0,233.88999938964844,229.00999450683594,231.35000610351562,4975400.0,3.0,3.7022608463561824,241.1041789086384,204.68082017583424,54.311314489884325,103.02010056194794,25.932186575270332,219.59299926757814,224.52849934895832,18.709999084472656,10.687096383329354
203,2021-04-22,CSCO,51.810001373291016,52.09000015258789,51.380001068115234,47.78934097290039,15564800.0,3.0,0.7747911197567419,49.15385131483544,46.99700127000343,59.22099868794791,37.8347453933097,14.05725124405437,47.21743634541829,44.959620539347334,18.709999084472656,10.687096383329354
203,2021-04-22,CVX,102.87000274658203,102.87000274658203,100.87000274658203,91.2931900024414,9899400.0,3.0,-0.3651809528963099,97.12047964418153,90.72013085996886,50.677411290887825,-102.4007213271558,15.450774735916282,94.72908884684244,90.80552520751954,18.709999084472656,10.687096383329354
203,2021-04-22,DIS,184.22000122070312,184.8800048828125,181.25999450683594,182.75999450683594,7378300.0,3.0,-1.3621230438338898,190.2856438674305,182.35635594946405,48.67879104826522,-112.71728875752426,6.509845194980446,188.5433334350586,187.46749979654948,18.709999084472656,10.687096383329354
203,2021-04-22,GS,334.6199951171875,336.9700012207031,330.2900085449219,310.7901611328125,2165200.0,3.0,1.9134674520998942,321.2322590364313,301.216010616889,55.041146050900196,-22.017779738489462,6.1720121550339595,314.4320810953776,302.30969314575196,18.709999084472656,10.687096383329354
203,2021-04-22,HD,326.20001220703125,326.42999267578125,318.8399963378906,302.7304382324219,4875000.0,3.0,10.016287597175904,314.14905308266134,279.76326991538554,65.54617050225025,79.54555579906305,31.310669504771493,286.698935953776,269.666029103597,18.709999084472656,10.687096383329354
203,2021-04-22,HON,230.39999389648438,232.02999877929688,228.8000030517578,218.30259704589844,2516200.0,3.0,4.667075728137718,224.5523545693973,201.4681334066769,62.543880338855566,109.61459670390695,31.109801335281347,209.57500610351562,201.41568247477213,18.709999084472656,10.687096383329354
203,2021-04-22,IBM,137.3804931640625,138.374755859375,134.7992401123047,119.62457275390625,7428064.0,3.0,2.304325772435334,119.48162354051541,109.3977267402463,62.87746970741933,215.91983017288223,49.86263154386008,112.73565038045247,107.56704444885254,18.709999084472656,10.687096383329354
203,2021-04-22,INTC,63.349998474121094,63.90999984741211,62.279998779296875,57.8599967956543,38257600.0,3.0,0.1338794849598699,62.70679768911571,57.00431643136769,51.20270735160161,-101.52504697495617,2.9173040910431522,59.60649795532227,57.463965606689456,18.709999084472656,10.687096383329354
203,2021-04-22,JNJ,165.83999633789062,166.27999877929688,164.6199951171875,154.5489044189453,7233000.0,3.0,0.8040537745470431,156.64195706269618,148.78725131132728,56.24061995589512,117.9896493268942,11.063927333520878,151.85303751627603,151.5246452331543,18.709999084472656,10.687096383329354
203,2021-04-22,JPM,150.22999572753906,150.3000030517578,147.25999450683594,137.1046600341797,15256100.0,3.0,-0.06245782689450152,146.16383954328882,137.99914263444555,50.505030449232066,-184.8233139399961,22.266664581398192,142.1459503173828,137.52504221598306,18.709999084472656,10.687096383329354
203,2021-04-22,KO,54.470001220703125,54.869998931884766,54.31999969482422,50.50447082519531,12558900.0,3.0,0.733620394607911,50.662984194098776,48.28736408776158,61.77234579807373,125.67001562990026,41.85690999453671,48.74212964375814,47.33982702891032,18.709999084472656,10.687096383329354
203,2021-04-22,MCD,232.8300018310547,234.0399932861328,231.94000244140625,220.47854614257812,1839500.0,3.0,3.407573823802096,223.46314459900444,211.24563530822215,62.20515905679323,95.23997314241423,33.49231037276515,214.5334248860677,206.4900136311849,18.709999084472656,10.687096383329354
203,2021-04-22,MMM,200.6699981689453,202.1699981689453,200.17999267578125,180.3960723876953,2215800.0,3.0,3.1284975312219956,180.68987606874384,172.02083712705695,66.19495469732432,134.30066688103244,42.90710344561132,173.9105692545573,166.90230458577474,18.709999084472656,10.687096383329354
203,2021-04-22,MRK,75.38167572021484,75.43893432617188,74.00763702392578,68.74252319335938,13330560.0,3.0,0.5389208741639067,69.62853913326862,66.18201689700481,53.6601915075075,125.26362612299401,13.72259150813262,67.71760813395183,66.61869608561197,18.709999084472656,10.687096383329354
203,2021-04-22,MSFT,260.2099914550781,261.7799987792969,255.63999938964844,251.53036499023438,25606200.0,3.0,6.053099224127749,264.35847211968945,224.1818293939824,60.06890811615077,88.99734577546124,34.996329051972275,239.54509582519532,235.63477986653646,18.709999084472656,10.687096383329354
203,2021-04-22,NKE,129.88999938964844,130.3699951171875,127.9800033569336,125.91128540039062,6442900.0,3.0,-1.7762843295116113,134.87254946337836,124.45715634716852,44.262179329256575,-114.16059600877253,30.55114929790619,132.09996948242187,133.31017087300617,18.709999084472656,10.687096383329354
203,2021-04-22,PG,135.3699951171875,135.7899932861328,134.05999755859375,127.32982635498047,7338300.0,3.0,1.4486150987496274,130.09971477223777,125.87313907908057,54.083646900493704,29.590066365930443,18.040304282426504,125.82870864868164,122.73780733744303,18.709999084472656,10.687096383329354
203,2021-04-22,TRV,156.7100067138672,157.32000732421875,154.30999755859375,147.4873046875,1446000.0,3.0,1.2895915147456094,148.95323200529947,141.20988292389973,56.80940937395146,69.34836330545102,16.293660343860935,145.10726725260417,141.59949900309246,18.709999084472656,10.687096383329354
203,2021-04-22,UNH,398.44000244140625,398.760009765625,393.19000244140625,383.0242004394531,2718600.0,3.0,10.129983352530985,387.2579592014526,343.92664773214113,67.19971235780449,158.3390240543316,52.240328490053486,359.7063344319661,340.390793355306,18.709999084472656,10.687096383329354
203,2021-04-22,V,227.3000030517578,230.92999267578125,226.88999938964844,223.5346221923828,7303000.0,3.0,3.149276704555291,227.17610846775216,204.81822746974785,58.868557160730845,114.66968937535725,30.655072614149816,215.15618336995442,210.34386749267577,18.709999084472656,10.687096383329354
203,2021-04-22,VZ,57.939998626708984,58.09000015258789,57.13999938964844,49.4421501159668,20921900.0,3.0,0.3815544522728658,50.71451355651541,49.148354180301,51.899348299729226,12.717540347506663,2.8860563860698742,49.263567733764646,48.35317096710205,18.709999084472656,10.687096383329354
203,2021-04-22,WBA,53.97999954223633,54.04999923706055,52.52000045776367,46.66728973388672,5329600.0,3.0,0.4052719942227796,50.22579851996683,45.70218571770407,53.67036042525942,-38.11823292082037,4.517996262273979,47.67820218404134,45.52331879933675,18.709999084472656,10.687096383329354
203,2021-04-22,WMT,141.0800018310547,141.4499969482422,139.4199981689453,134.3762969970703,6568400.0,3.0,1.4421435683635764,137.59155874069364,129.14547128860323,52.79732375835125,77.487268153423,18.965993925031697,131.36506067911785,131.6549457550049,18.709999084472656,10.687096383329354
204,2021-04-23,AAPL,132.16000366210938,135.1199951171875,132.16000366210938,132.36032104492188,78657500.0,4.0,2.5213298967532864,137.76041471050533,116.97705477191656,56.057668478685194,95.39972201462126,24.829268127450444,125.06730728149414,125.97523409525553,17.329999923706055,33.503456599391946
204,2021-04-23,AMGN,254.97999572753906,258.1400146484375,253.6699981689453,237.17431640625,2426900.0,4.0,3.867037051067342,239.89243521676966,225.72143502248818,60.44824566692281,109.52591196690399,27.732350817026447,229.87720489501953,222.15063883463543,17.329999923706055,33.503456599391946
204,2021-04-23,AXP,141.5399932861328,144.97999572753906,140.67999267578125,139.69271850585938,6395300.0,4.0,1.5130817669554517,145.77191329267552,136.8736219856448,54.9703530578975,-32.209655690138725,16.43953911545828,140.00397186279298,134.1789279937744,17.329999923706055,33.503456599391946
204,2021-04-23,BA,233.88999938964844,238.5800018310547,233.11000061035156,238.3800048828125,11533100.0,4.0,-1.165398534571608,263.4721338982544,233.61286366033934,50.81130739489244,-142.38204662723138,17.585609335079404,250.5086664835612,233.45833257039388,17.329999923706055,33.503456599391946
204,2021-04-23,CAT,229.36000061035156,231.64999389648438,227.8800048828125,219.0616912841797,3458300.0,4.0,2.1475276991981787,222.24664953472598,216.0337093519928,58.27165642091278,16.832394313122897,0.8985229269434649,217.66238759358723,206.52087427775066,17.329999923706055,33.503456599391946
204,2021-04-23,CRM,232.94000244140625,235.49000549316406,231.75,233.50999450683594,5447100.0,4.0,3.8669119701420414,241.1180106149969,207.4739876760187,55.42535166641015,111.26957257711543,29.50221595151247,220.17833251953124,224.67399927775065,17.329999923706055,33.503456599391946
204,2021-04-23,CSCO,51.5,52.130001068115234,51.18000030517578,48.16981506347656,14016800.0,4.0,0.7260284874557144,48.956175681719664,47.35795395695221,60.392792934854356,39.112609195399294,10.230528774643899,47.32437858581543,45.06069424947103,17.329999923706055,33.503456599391946
204,2021-04-23,CVX,101.0999984741211,102.16999816894531,100.72000122070312,91.83580780029297,6756000.0,4.0,-0.42968134537834146,97.04672289167284,90.47556028093457,51.47010474301174,-105.28738446301057,16.495830886670653,94.43849411010743,91.02527071634928,17.329999923706055,33.503456599391946
204,2021-04-23,DIS,182.35000610351562,183.89999389648438,181.9600067138672,183.02000427246094,6075500.0,4.0,-1.4633000596189447,190.3431449056487,181.909854972281,48.894739759618496,-111.53089133392994,6.509845194980452,188.0856669108073,187.80066655476887,17.329999923706055,33.503456599391946
204,2021-04-23,GS,331.25,340.6700134277344,330.7200012207031,318.7747802734375,2163800.0,4.0,2.172923652868178,322.18913821426133,301.08577938827773,58.09673407930619,23.724171081949947,12.163900374322987,314.3459716796875,303.3600555419922,17.329999923706055,33.503456599391946
204,2021-04-23,HD,322.19000244140625,325.5299987792969,319.5799865722656,305.018798828125,3405700.0,4.0,9.564173524998068,313.7420395463904,282.6856612592736,66.47802089491208,78.80558993195432,31.310669504771482,288.4267059326172,270.475084177653,17.329999923706055,33.503456599391946
204,2021-04-23,HON,225.1999969482422,226.9499969482422,222.22000122070312,213.77011108398438,5310400.0,4.0,4.113560653103093,224.18594618412075,202.84578446773472,57.723490289712224,45.42134046946861,3.6459518465811587,209.9558888753255,201.82828318277996,17.329999923706055,33.503456599391946
204,2021-04-23,IBM,135.09559631347656,137.29444885253906,134.75143432617188,120.59828186035156,4765576.0,4.0,2.541374944487771,120.500560144985,109.17132019559116,63.789829718151616,195.94991423464924,49.49848992206776,113.16719512939453,107.87151006062825,17.329999923706055,33.503456599391946
204,2021-04-23,INTC,59.15999984741211,60.0,57.900001525878906,54.78067398071289,77479500.0,4.0,-0.239090627029114,63.21440202614534,56.23963926413786,46.43567643266108,-308.06315991159914,27.308895684852768,59.4810437520345,57.556026967366535,17.329999923706055,33.503456599391946
204,2021-04-23,JNJ,164.52999877929688,166.05999755859375,164.0,154.8670654296875,6015300.0,4.0,0.8974557876901486,156.88013336632528,148.88122985388955,56.67674238729566,102.75446778486148,7.223815577163925,152.05201772054036,151.50406697591146,17.329999923706055,33.503456599391946
204,2021-04-23,JPM,147.17999267578125,151.1300048828125,146.69000244140625,139.72821044921875,14041900.0,4.0,-0.15914846595151744,146.20921842564522,137.81729677210868,53.10838587414676,-133.78305271944382,17.938835436603778,142.04589385986327,137.88289273579915,17.329999923706055,33.503456599391946
204,2021-04-23,KO,54.400001525878906,54.59000015258789,54.16999816894531,50.53229904174805,9020500.0,4.0,0.7372067340200275,50.72045734173898,48.457179377011016,61.875720287828074,112.95997796228448,36.962209876269064,48.866133499145505,47.43786430358887,17.329999923706055,33.503456599391946
204,2021-04-23,MCD,233.7899932861328,235.24000549316406,233.10000610351562,222.01173400878906,2137500.0,4.0,3.4114937042345446,223.78258227573926,211.90858288539354,63.48598866793469,108.97991648969634,38.06200588301477,215.25933024088542,206.94501927693685,17.329999923706055,33.503456599391946
204,2021-04-23,MMM,201.0,203.16000366210938,200.99000549316406,181.5634002685547,1864100.0,4.0,3.2068894052324026,181.44867785471703,172.07915722829077,67.2333648042694,147.41190067217303,45.93611480622958,174.4382573445638,167.1578509012858,17.329999923706055,33.503456599391946
204,2021-04-23,MRK,74.29389190673828,74.61832427978516,73.91221618652344,68.6719741821289,8598840.0,4.0,0.528887800802238,69.69440039425461,66.2757541772786,53.412174429632564,89.7531327505221,12.167991611295891,67.8322380065918,66.64046478271484,17.329999923706055,33.503456599391946
204,2021-04-23,MSFT,257.8800048828125,261.510009765625,257.2699890136719,255.4230499267578,21462600.0,4.0,6.045562084872728,264.6618479727462,226.69627122891393,61.953712992542016,93.27302978702274,34.996329051972275,240.3282023111979,236.10401102701823,17.329999923706055,33.503456599391946
204,2021-04-23,NKE,128.92999267578125,130.64999389648438,128.4600067138672,126.895751953125,7489000.0,4.0,-1.7913843002890246,134.7257801111238,124.75500296993089,45.27084339882772,-99.10556160307507,29.040190047100417,131.74258117675782,133.30100580851237,17.329999923706055,33.503456599391946
204,2021-04-23,PG,134.92999267578125,135.0800018310547,133.25,126.67721557617188,6708300.0,4.0,1.2332150640976636,129.90442204961104,126.19219431391437,52.8342246890594,9.120401781236687,22.46767728054745,126.07577031453451,122.8383139292399,17.329999923706055,33.503456599391946
204,2021-04-23,TRV,156.5399932861328,158.33999633789062,156.00999450683594,149.3513641357422,1079600.0,4.0,1.4433598383336061,149.62562456649246,141.01627606827319,58.569005187066466,104.64761677156373,20.730231086243002,145.19400278727213,141.9007329305013,17.329999923706055,33.503456599391946
204,2021-04-23,UNH,395.6199951171875,401.989990234375,394.5,386.6656799316406,2263200.0,4.0,10.482910331476432,390.3217995302947,343.6852103574006,68.369581149815,162.033389181211,55.27677699841348,361.26661173502606,341.4935282389323,17.329999923706055,33.503456599391946
204,2021-04-23,V,228.61000061035156,231.82000732421875,227.7100067138672,225.9215087890625,5345200.0,4.0,3.4163809277370376,227.65656155784077,206.50171023171,60.36388182258808,127.60716327291135,32.740169256177246,215.28224131266276,210.92229537963868,17.329999923706055,33.503456599391946
204,2021-04-23,VZ,57.130001068115234,57.470001220703125,56.779998779296875,49.45942306518555,18099400.0,4.0,0.3169284259185332,50.64409880241088,49.26458268562622,51.9879135032788,-15.121518990859228,3.5997596415523447,49.33207028706868,48.39283065795898,17.329999923706055,33.503456599391946
204,2021-04-23,WBA,52.880001068115234,53.2599983215332,52.33000183105469,47.057804107666016,4250100.0,4.0,0.3229766377033343,50.1133736421446,45.93087913495501,54.66116035519524,-56.83866557331275,2.3055484457181317,47.72257957458496,45.557685979207356,17.329999923706055,33.503456599391946
204,2021-04-23,WMT,139.10000610351562,140.33999633789062,139.02999877929688,134.5976104736328,7657000.0,4.0,1.360273705479159,137.34890802815616,129.95479985758604,53.14903707775288,63.68721964277527,14.935497969330827,131.6318623860677,131.60135815938312,17.329999923706055,33.503456599391946
205,2021-04-26,AAPL,134.8300018310547,135.05999755859375,133.55999755859375,132.75448608398438,66905100.0,0.0,2.542075921501862,137.98418642625006,118.08457044020503,56.38277984109883,95.14826426644832,24.82926812745043,125.51698252360026,125.93966941833496,17.639999389648438,21.989081976724236
205,2021-04-26,AMGN,256.6499938964844,256.75,254.4199981689453,235.78097534179688,1782700.0,0.0,3.6745598719597297,240.1370291856465,225.72229240859178,59.0219132684384,94.7956602399398,27.73235081702644,230.65108540852864,222.29825693766276,17.639999389648438,21.989081976724236
205,2021-04-26,AXP,146.8000030517578,151.1199951171875,145.55999755859375,145.50967407226562,4821100.0,0.0,1.7007221914252,146.30494699818615,137.0220412220287,59.62689422900368,109.07996210471934,4.994538327148259,140.07640584309897,134.69071426391602,17.639999389648438,21.989081976724236
205,2021-04-26,BA,240.24000549316406,244.64999389648438,240.10000610351562,241.44000244140625,10599600.0,0.0,-1.2258316806157836,263.55489956198767,233.18709872902798,51.95766132247623,-80.36899035731432,5.198037390626608,249.5836664835612,234.195166015625,17.639999389648438,21.989081976724236
205,2021-04-26,CAT,230.57000732421875,232.85000610351562,229.9600067138672,219.4900360107422,1864800.0,0.0,2.0546692128001496,222.25081507673585,216.22876866349853,58.518685218144775,45.59821609302344,4.874325533037862,217.74459126790364,207.26738255818685,17.639999389648438,21.989081976724236
205,2021-04-26,CRM,234.0399932861328,235.8000030517578,232.4199981689453,235.4600067138672,3459600.0,0.0,4.107401294807062,241.52741400367867,209.7015853249346,56.41780319611915,110.18421834219114,30.199009596030297,220.95333251953124,224.82333272298177,17.639999389648438,21.989081976724236
205,2021-04-26,CSCO,51.650001525878906,51.77000045776367,51.5,47.91926193237305,13778200.0,0.0,0.6595631726309179,48.925896215069784,47.33665833510112,59.233272239100934,29.921946671451135,10.230528774643902,47.42235476175944,45.163120142618816,17.639999389648438,21.989081976724236
205,2021-04-26,CVX,101.2699966430664,102.66999816894531,101.26000213623047,91.80867004394531,5639700.0,0.0,-0.4774840226683068,96.45885007202749,90.5244461315858,51.427342876307364,-93.3484992415403,11.58154533260792,94.1358413696289,91.23237686157226,17.639999389648438,21.989081976724236
205,2021-04-26,DIS,183.9600067138672,185.60000610351562,183.25999450683594,184.27000427246094,6178300.0,0.0,-1.4261789174605894,190.3414476962511,181.74655279203014,49.94227456179499,-80.23538825410108,0.493969927110347,187.65600026448567,188.00716654459634,17.639999389648438,21.989081976724236
205,2021-04-26,GS,341.94000244140625,345.8999938964844,340.8900146484375,322.69195556640625,2171500.0,0.0,2.663919860283954,323.84552993129324,300.94459458042553,59.493881566073966,99.01259072165726,19.89354324025051,314.1803293863932,304.44934743245443,17.639999389648438,21.989081976724236
205,2021-04-26,HD,323.67999267578125,324.0,319.32000732421875,301.3460388183594,2848500.0,0.0,8.807975963111062,313.463541874375,284.4878832965235,63.621081127586926,66.52156570711841,30.292541370526976,289.898637898763,271.1605344136556,17.639999389648438,21.989081976724236
205,2021-04-26,HON,225.58999633789062,225.74000549316406,221.25999450683594,210.93251037597656,3611400.0,0.0,3.406655501903259,224.0967028295348,203.21973698980113,54.979177133778244,24.133407714514888,0.36704308383806594,210.18251241048176,202.13892288208007,17.639999389648438,21.989081976724236
205,2021-04-26,IBM,136.1567840576172,137.31358337402344,135.2581329345703,119.87010955810547,4927497.0,0.0,2.6400478734723407,121.14941659782889,108.96191000129221,62.599606399830655,176.75872020243372,49.55093815971032,113.56120223999024,108.19712244669596,17.639999389648438,21.989081976724236
205,2021-04-26,INTC,59.099998474121094,59.52000045776367,58.459999084472656,54.336795806884766,39645900.0,0.0,-0.5639880833141362,63.67870170238316,55.210332187387344,45.79983216832937,-273.9100964966285,27.308895684852757,59.353431447347006,57.602699025472006,17.639999389648438,21.989081976724236
205,2021-04-26,JNJ,165.2100067138672,165.41000366210938,163.75999450683594,153.55712890625,6027800.0,0.0,0.8559102258876976,156.79914868127221,148.88642718542698,54.36885812147227,70.75058843447181,5.7113377578849756,152.19298655192057,151.4418197631836,17.639999389648438,21.989081976724236
205,2021-04-26,JPM,150.77999877929688,152.4600067138672,150.3800048828125,140.0724334716797,10799100.0,0.0,-0.20563019600268717,146.06966960621483,137.61987659739847,53.44077887162724,-62.10716530891664,11.196797288949163,141.90089213053386,138.21179656982423,17.639999389648438,21.989081976724236
205,2021-04-26,KO,54.470001220703125,54.5099983215332,53.58000183105469,49.780853271484375,11684600.0,0.0,0.6716709358287645,50.737390948534056,48.497764157056764,57.5299640751163,79.70808356348057,19.60980365108579,48.9681812286377,47.51387011210124,17.639999389648438,21.989081976724236
205,2021-04-26,MCD,234.77999877929688,235.35000610351562,231.91000366210938,219.86337280273438,2490100.0,0.0,3.2043081729879646,223.7471385983829,212.61599158960541,60.51332980478081,88.2823697817281,28.688923102463093,215.8893315633138,207.36704076131184,17.639999389648438,21.989081976724236
205,2021-04-26,MMM,202.97999572753906,202.99000549316406,199.5800018310547,179.25572204589844,2578900.0,0.0,3.047673500667031,181.71010003058316,172.24425940545197,63.25945091444452,119.056671267156,35.02941073389035,174.87854766845703,167.42288004557292,17.639999389648438,21.989081976724236
205,2021-04-26,MRK,74.29389190673828,74.34160614013672,73.7595443725586,68.36334991455078,7834219.0,0.0,0.49038031969153906,69.70533240400029,66.27716729082393,52.31786095926547,60.47522976911005,9.605378228423842,67.91835708618164,66.64470698038737,17.639999389648438,21.989081976724236
205,2021-04-26,MSFT,261.6600036621094,262.44000244140625,260.1700134277344,255.81431579589844,19763300.0,0.0,6.00197371650043,265.12812076898695,228.68202479986073,62.13953073142271,95.61806317368548,37.337909754669255,241.16934305826823,236.48169377644857,17.639999389648438,21.989081976724236
205,2021-04-26,NKE,130.49000549316406,131.6999969482422,129.32000732421875,128.27008056640625,8217800.0,0.0,-1.673167074051861,134.70127779804253,124.64402402080512,46.66471905628019,-75.73671540344628,23.318826367334456,131.45504659016927,133.25476201375326,17.639999389648438,21.989081976724236
205,2021-04-26,PG,133.49000549316406,133.75999450683594,131.1699981689453,124.14253997802734,9910600.0,0.0,0.8482042762523037,130.4269564740458,125.35481995417685,48.34675071281458,-45.50058373696751,32.47974045017049,126.19981282552084,122.86556358337403,17.639999389648438,21.989081976724236
205,2021-04-26,TRV,157.83999633789062,158.11000061035156,155.42999267578125,147.3548583984375,1033200.0,0.0,1.3881196360225942,149.8197492986219,141.01991134590935,56.03940796262215,81.41145719947379,16.962051409657626,145.1454299926758,142.16084976196288,17.639999389648438,21.989081976724236
205,2021-04-26,UNH,399.80999755859375,400.0,395.2099914550781,382.36737060546875,1642300.0,0.0,10.29707163276214,392.1753630719953,343.70359505788747,65.5162537038569,137.33850602111653,55.27677699841349,362.5493479410807,342.4418497721354,17.639999389648438,21.989081976724236
205,2021-04-26,V,230.77000427246094,232.9499969482422,229.52000427246094,226.25546264648438,5650000.0,0.0,3.613357696032921,228.64767502661383,207.16178542260494,60.57134995383922,134.36261723143215,35.37733457117174,215.47803955078126,211.45316518147786,17.639999389648438,21.989081976724236
205,2021-04-26,VZ,57.36000061035156,57.38999938964844,56.849998474121094,49.1486701965332,15073600.0,0.0,0.2378943767066204,50.69830707790855,49.156794316744765,50.26543612607364,-29.196655530627808,3.5997596415523407,49.38679847717285,48.42389539082845,17.639999389648438,21.989081976724236
205,2021-04-26,WBA,52.880001068115234,52.970001220703125,52.279998779296875,46.800418853759766,3552300.0,0.0,0.2342874163271631,50.04527476895875,46.061106456627186,53.87558305863454,-70.15493691077121,1.6999116107948167,47.70837898254395,45.59508984883626,17.639999389648438,21.989081976724236
205,2021-04-26,WMT,139.91000366210938,140.0,137.63999938964844,132.68301391601562,7615400.0,0.0,1.1278976065378004,137.10157977760585,130.46959026633945,49.826461208000524,34.15978920369365,1.7959471736185328,131.77129058837892,131.5172974904378,17.639999389648438,21.989081976724236
206,2021-04-27,AAPL,135.00999450683594,135.41000366210938,134.11000061035156,132.42929077148438,66015800.0,1.0,2.503418896914525,137.97157982583758,119.3782088399339,56.02898520789562,90.24587555210341,26.407169758036282,125.85859095255533,125.98281186421713,17.559999465942383,20.672289240373292
206,2021-04-27,AMGN,255.19000244140625,256.5299987792969,253.75999450683594,235.4210968017578,2184900.0,1.0,3.4531750774766863,240.15590187717055,225.71910575222398,58.65213393650677,82.74262887227307,24.63336611673946,231.2407221476237,222.5363560994466,17.559999465942383,20.672289240373292
206,2021-04-27,AXP,150.6999969482422,150.8800048828125,148.85000610351562,145.52899169921875,2692100.0,1.0,1.8298934778017326,146.55772834655698,137.58387931945862,59.64123208091003,128.22003843333036,4.994538327148261,140.1993403116862,135.24640731811525,17.559999465942383,20.672289240373292
206,2021-04-27,BA,241.8800048828125,243.49000549316406,239.41000366210938,242.47000122070312,10583300.0,1.0,-1.1770448504715887,263.3381880788393,232.59880990700051,52.34438998724655,-76.55941275390633,6.396297885801166,248.8116663614909,234.9998326619466,17.559999465942383,20.672289240373292
206,2021-04-27,CAT,230.2899932861328,230.86000061035156,228.0800018310547,219.28062438964844,1959300.0,1.0,1.941796603109907,222.26423991390024,216.32538868717396,58.344005175883325,8.518724922737796,1.7282073694579403,217.7648473103841,208.0340929667155,17.559999465942383,20.672289240373292
206,2021-04-27,CRM,235.4600067138672,235.89999389648438,231.91000366210938,234.2100067138672,3445200.0,1.0,4.149295765187816,241.50384376476057,212.06915580799335,55.596944797028065,97.8469287119146,27.9745564203586,221.66699930826823,224.96749954223634,17.559999465942383,20.672289240373292
206,2021-04-27,CSCO,51.58000183105469,51.66999816894531,51.349998474121094,47.6687126159668,13601000.0,1.0,0.5799859785376995,48.90583747044398,47.284693688003294,58.079727078538305,14.835946574860204,7.14956981237245,47.493859481811526,45.273040517171225,17.559999465942383,20.672289240373292
206,2021-04-27,CVX,101.80999755859375,103.0999984741211,101.51000213623047,92.87579345703125,6898900.0,1.0,-0.4243681953112173,95.8648976554891,90.73676784133707,53.0152407803865,-66.19300732583025,7.415911622940789,93.90824890136719,91.5140422821045,17.559999465942383,20.672289240373292
206,2021-04-27,DIS,184.99000549316406,185.80999755859375,184.14999389648438,184.63999938964844,4870000.0,1.0,-1.3513273703248956,190.34423682476057,181.72276299213394,50.254498292047046,-65.68137897627143,1.3505204752576696,187.2520004272461,188.28166656494142,17.559999465942383,20.672289240373292
206,2021-04-27,GS,344.0,347.54998779296875,343.6600036621094,325.61334228515625,2088600.0,1.0,3.251290531859979,325.8337270567325,300.9196695497128,60.50971829994898,127.89788738545097,22.20240806365823,314.1984883626302,305.6473704020182,17.559999465942383,20.672289240373292
206,2021-04-27,HD,320.5,322.4700012207031,320.3800048828125,301.9111633300781,3335800.0,1.0,8.160218849027785,312.686943054801,286.99633636414427,63.86824608475381,62.97386590860824,30.292541370526965,291.21864013671876,271.9681752522786,17.559999465942383,20.672289240373292
206,2021-04-27,HON,222.02000427246094,223.75,221.11000061035156,212.275146484375,2786500.0,1.0,2.9210950245459344,224.021029579296,203.68105171953215,56.003022162582745,18.74787150912851,0.16048122839859563,210.39612477620443,202.58996658325196,17.559999465942383,20.672289240373292
206,2021-04-27,IBM,135.45889282226562,136.29063415527344,134.5602264404297,120.24267578125,4062664.0,1.0,2.7169900906373243,121.83619347178659,108.79586524403372,62.96535091843628,153.30955322549764,43.73097498852187,113.94025090535482,108.54245236714681,17.559999465942383,20.672289240373292
206,2021-04-27,INTC,58.560001373291016,58.630001068115234,57.77000045776367,53.60627365112305,38167700.0,1.0,-0.8703854294863618,64.11369829817897,54.171491139687234,44.7564404645981,-264.9756220456625,30.958989814645133,59.174034881591794,57.64577452341715,17.559999465942383,20.672289240373292
206,2021-04-27,JNJ,163.75999450683594,163.91000366210938,162.47000122070312,152.67764282226562,6217700.0,1.0,0.7434478875663899,156.48470131140158,148.93328117150855,52.87348670752648,23.164777970501518,2.2137741816491934,152.27906494140626,151.4583635965983,17.559999465942383,20.672289240373292
206,2021-04-27,JPM,150.5,151.57000732421875,150.11000061035156,140.71438598632812,12821200.0,1.0,-0.188494254606411,146.06626381039183,137.5734120929285,54.0689090962566,-63.97797984043444,12.28495180832128,141.80133666992188,138.573597462972,17.559999465942383,20.672289240373292
206,2021-04-27,KO,53.560001373291016,53.70000076293945,53.31999969482422,49.706634521484375,9852400.0,1.0,0.6067502713104957,50.714431565008695,48.49567509392685,57.1200686593887,50.053105621743235,12.873198698896385,49.047036234537764,47.603973134358725,17.559999465942383,20.672289240373292
206,2021-04-27,MCD,232.57000732421875,235.6300048828125,232.41000366210938,222.39028930664062,2623800.0,1.0,3.207044379041008,224.2211219171327,212.86412588560168,62.64176477363759,102.28500636951378,29.886170613119116,216.34739888509114,207.81518681844076,17.559999465942383,20.672289240373292
206,2021-04-27,MMM,191.50999450683594,195.86000061035156,188.6300048828125,174.6043701171875,5225000.0,1.0,2.5171523560458127,181.7422502580344,172.09627208083276,56.31860078308871,-38.23175874996522,16.670293262228878,175.02730662027994,167.7255709330241,17.559999465942383,20.672289240373292
206,2021-04-27,MRK,73.8740463256836,74.37023162841797,73.6832046508789,68.21343231201172,9095802.0,1.0,0.4426630220980883,69.59560639726975,66.30400450360916,51.7847116366811,49.362836022139234,8.283077795752813,67.95156936645508,66.65883331298828,17.559999465942383,20.672289240373292
206,2021-04-27,MSFT,261.5799865722656,263.19000244140625,260.1199951171875,256.2251281738281,31014200.0,1.0,5.932196082351254,265.05223024869935,231.37229978059753,62.33931345815358,92.2714933962355,39.225206412039775,242.05482381184896,236.97958119710287,17.559999465942383,20.672289240373292
206,2021-04-27,NKE,132.0,132.7899932861328,131.41000366210938,128.7671661376953,5833100.0,1.0,-1.5218257592156021,134.64523556587193,124.56555850151089,47.16817872540507,-48.984462690088094,17.535955730703467,131.03820139567057,133.23512293497723,17.559999465942383,20.672289240373292
206,2021-04-27,PG,131.24000549316406,131.88999938964844,130.2899932861328,124.06687927246094,8296800.0,1.0,0.5308558901601685,130.5991766005547,124.66096133889843,48.22028068960131,-76.91477658290712,36.205453486390056,126.30817642211915,122.92522735595703,17.559999465942383,20.672289240373292
206,2021-04-27,TRV,155.7100067138672,156.44000244140625,154.55999755859375,146.85337829589844,1339400.0,1.0,1.2890171373026362,149.9300048622828,141.0373962607641,55.41748478878943,56.028750047793444,11.387582522109517,145.07793324788412,142.47064005533855,17.559999465942383,20.672289240373292
206,2021-04-27,UNH,394.6600036621094,396.3299865722656,392.29998779296875,381.0537109375,1758500.0,1.0,9.929332603187788,393.5962493412207,343.77408452108403,64.66304882704569,110.70155795742907,45.73788186855725,363.85719604492186,343.4415878295898,17.559999465942383,20.672289240373292
206,2021-04-27,V,231.02999877929688,231.16000366210938,228.99000549316406,225.83309936523438,6642100.0,1.0,3.6928135610535264,229.40008650487675,207.92206773096308,60.15936017949709,117.97534006514934,32.76735564908607,215.69544779459636,212.05823440551757,17.559999465942383,20.672289240373292
206,2021-04-27,VZ,56.58000183105469,56.720001220703125,56.20000076293945,48.61351013183594,21858600.0,1.0,0.13057123467920206,50.799798027859545,48.892699225558424,47.46383823334378,-89.34732657174023,14.694589890377516,49.42340342203776,48.45486520131429,17.559999465942383,20.672289240373292
206,2021-04-27,WBA,52.75,53.13999938964844,52.45000076293945,46.60515594482422,4096800.0,1.0,0.1465550887090714,50.07089765198988,46.00530664793688,53.27469934302923,-62.819368640528836,3.770215207273709,47.63323351542155,45.63554000854492,17.559999465942383,20.672289240373292
206,2021-04-27,WMT,138.0,138.9499969482422,137.5500030517578,133.13522338867188,5383800.0,1.0,0.969056716507481,137.02172901318525,130.71396129443193,50.58130385255534,26.311355887538955,0.9968344927286146,131.94782994588215,131.49283078511556,17.559999465942383,20.672289240373292
207,2021-04-28,AAPL,134.30999755859375,135.02000427246094,133.0800018310547,131.63116455078125,107760100.0,2.0,2.38093487546476,137.28855542289185,121.40927782906127,55.15035998403382,75.05621400832256,18.577250046407116,126.12169672648112,125.97690264383952,17.280000686645508,57.11267667127105
207,2021-04-28,AMGN,241.52000427246094,243.97000122070312,233.75999450683594,218.42404174804688,7550800.0,2.0,1.8844825979990674,242.01217934761155,222.65956290092362,44.90614203915344,-204.02400132816314,30.21247277632152,231.1296839396159,222.50643666585287,17.280000686645508,57.11267667127105
207,2021-04-28,AXP,150.67999267578125,153.4600067138672,149.44000244140625,147.63897705078125,2584500.0,2.0,2.0785604854544317,147.32896474629356,137.73018594950722,61.19824502008808,154.4493321671073,12.70977101293401,140.51129964192708,135.8248826344808,17.280000686645508,57.11267667127105
207,2021-04-28,BA,239.0,239.64999389648438,232.85000610351562,235.4600067138672,19054100.0,2.0,-1.6846097749725857,263.35349293824345,230.92850626829957,49.53691800625743,-124.65071856869594,17.051445739794705,248.15333302815756,235.6601661682129,17.280000686645508,57.11267667127105
207,2021-04-28,CAT,230.0500030517578,233.72000122070312,229.3800048828125,221.14649963378906,2965300.0,2.0,1.9800796594024348,222.3080337427058,216.30718689938408,59.45943838374043,60.19645897552301,7.719416007128239,217.98250376383464,208.80220667521158,17.280000686645508,57.11267667127105
207,2021-04-28,CRM,235.0,238.3300018310547,233.52999877929688,236.8800048828125,4274500.0,2.0,4.347824953291621,241.2117566285712,215.04924343246392,56.98002213289443,106.27640895526461,33.74049075292124,222.41366628011068,225.1078328450521,17.280000686645508,57.11267667127105
207,2021-04-28,CSCO,51.560001373291016,51.77000045776367,50.91999816894531,47.42744827270508,14984000.0,2.0,0.4917834887909436,48.928447504953624,47.23503439812255,56.974447426974265,-4.425029382495499,1.3036452549663669,47.549337259928386,45.36634826660156,17.280000686645508,57.11267667127105
207,2021-04-28,CVX,103.54000091552734,105.86000061035156,103.37000274658203,95.15473175048828,8718400.0,2.0,-0.19612147872648222,95.71456248600312,90.82289555232695,56.18002438094332,50.29477638673092,14.4879374931867,93.83529841105143,91.81570650736491,17.280000686645508,57.11267667127105
207,2021-04-28,DIS,184.7899932861328,184.7899932861328,182.82000732421875,183.38999938964844,5199300.0,2.0,-1.3769983533915138,190.3932720539529,181.45972782397678,49.18238263718015,-92.90918370802312,4.2308221788714295,186.8903335571289,188.48866653442383,17.280000686645508,57.11267667127105
207,2021-04-28,GS,348.0,350.1199951171875,346.0899963378906,327.00360107421875,2140900.0,2.0,3.785333320035818,327.9673125009969,300.2984589833781,60.99132699325207,144.53356511058314,25.764916528640164,314.3988861083984,306.8130467732747,17.280000686645508,57.11267667127105
207,2021-04-28,HD,321.95001220703125,322.9599914550781,319.29998779296875,301.0823669433594,2713400.0,2.0,7.493608078095747,311.89450891896104,289.1910104902187,63.216624632922006,57.26133049128179,25.66720095774598,292.39989115397134,272.7737014770508,17.280000686645508,57.11267667127105
207,2021-04-28,HON,222.74000549316406,224.13999938964844,222.5,212.218017578125,2167900.0,2.0,2.5028240252683247,223.86225909132875,204.2949766264447,55.94701822201876,22.1455439733707,1.2816450678557754,210.7471710205078,203.03705546061198,17.280000686645508,57.11267667127105
207,2021-04-28,IBM,136.63479614257812,137.09368896484375,135.85086059570312,121.08091735839844,3941433.0,2.0,2.813177878437841,122.64259810979725,108.69054474298595,63.78953594422806,160.19010169815002,46.30140431095345,114.35683720906576,108.88183886210123,17.280000686645508,57.11267667127105
207,2021-04-28,INTC,57.52000045776367,58.15999984741211,57.150001525878906,53.28261947631836,30387400.0,2.0,-1.1263399747112857,64.479136612117,53.23734745770722,44.29395400618061,-238.2706405573485,34.13571181805844,58.953333918253584,57.665379206339516,17.280000686645508,57.11267667127105
207,2021-04-28,JNJ,162.86000061035156,163.1999969482422,161.64999389648438,151.5548553466797,7448000.0,2.0,0.557296936269978,156.2897431324142,148.84474020498814,51.02024013713238,-11.740863334997238,6.953755840848164,152.29808909098307,151.46270319620768,17.280000686645508,57.11267667127105
207,2021-04-28,JPM,152.42999267578125,152.88999938964844,151.39999389648438,141.62612915039062,8943700.0,2.0,-0.1001889284065669,145.97481454702978,137.5396843543374,54.96163768621031,-17.498250638614316,5.527368188138586,141.78951568603514,138.93594983418782,17.280000686645508,57.11267667127105
207,2021-04-28,KO,53.97999954223633,54.04999923706055,53.439998626708984,49.715911865234375,10868100.0,2.0,0.5497120428125868,50.72679921002106,48.52412585406585,57.159538590455234,58.968798368890695,19.405032946627642,49.1203249613444,47.68917071024577,17.280000686645508,57.11267667127105
207,2021-04-28,MCD,235.1999969482422,235.4499969482422,232.25999450683594,219.9580078125,2777000.0,2.0,2.9786124625523485,223.94450689531203,213.84393457197314,59.45085741149582,82.06416707000618,28.649200059331108,216.74331868489583,208.22138392130535,17.280000686645508,57.11267667127105
207,2021-04-28,MMM,195.0,197.30999755859375,194.80999755859375,175.9333038330078,2516900.0,2.0,2.1788281960684515,181.71888245758527,172.2354724008132,57.6906539434287,20.57425438731702,10.6721764291485,175.29908142089843,168.0646603902181,17.280000686645508,57.11267667127105
207,2021-04-28,MRK,74.05534362792969,74.45610809326172,73.3396987915039,67.97537231445312,11628398.0,2.0,0.38124254102051225,69.60082975499236,66.31024278529085,50.93210721575193,28.722567169508224,2.344143198134382,67.95979868570963,66.66476720174154,17.280000686645508,57.11267667127105
207,2021-04-28,MSFT,256.0799865722656,256.5400085449219,252.9499969482422,248.9775848388672,46903100.0,2.0,5.231772016541186,262.8017730567832,235.84395295640041,56.86318436607596,44.17822477273348,6.458250596045197,242.6041732788086,237.23160832722982,17.280000686645508,57.11267667127105
207,2021-04-28,NKE,132.25999450683594,132.3300018310547,130.35000610351562,127.40259552001953,8195400.0,2.0,-1.4947653964751169,134.63152771504514,124.36093673197631,45.93677982324104,-65.42080959895591,21.369063793123114,130.5852933247884,133.15837135314942,17.280000686645508,57.11267667127105
207,2021-04-28,PG,131.7100067138672,131.85000610351562,130.8800048828125,124.27494049072266,6262800.0,2.0,0.2927689510585907,130.805754966668,124.15278308875195,48.60275664707144,-75.5947935320183,36.205453486390056,126.4115717569987,122.97645530700683,17.280000686645508,57.11267667127105
207,2021-04-28,TRV,155.72999572753906,155.88999938964844,152.85000610351562,145.51918029785156,1167500.0,2.0,1.0902513263552862,149.91698718207024,141.0277058110938,53.77495559587746,24.748378121063766,1.2487274847093348,144.99340362548827,142.7282366434733,17.280000686645508,57.11267667127105
207,2021-04-28,UNH,395.17999267578125,396.989990234375,393.29998779296875,381.1406555175781,1886500.0,2.0,9.534998941354445,394.9175042825684,344.4841497701659,64.69452842626993,103.8790085911488,46.534195550165414,365.14476114908854,344.4360361735026,17.280000686645508,57.11267667127105
207,2021-04-28,V,230.9499969482422,236.27000427246094,230.6699981689453,229.31031799316406,10111400.0,2.0,3.9903669234993515,230.26422252015962,209.17471790952786,62.34087661668228,146.91154969654846,43.91209761768512,215.98194224039713,212.63773040771486,17.280000686645508,57.11267667127105
207,2021-04-28,VZ,56.369998931884766,56.65999984741211,56.34000015258789,48.708465576171875,12862500.0,2.0,0.052572953896138586,50.85502929991219,48.70485458070304,47.995865207542884,-91.87155274275796,14.694589890377513,49.46317354838053,48.49410705566406,17.280000686645508,57.11267667127105
207,2021-04-28,WBA,52.529998779296875,52.91999816894531,52.33000183105469,46.507537841796875,3204700.0,2.0,0.06836159202936898,50.111273441802695,45.91345457028227,52.9691682103072,-68.39758650745121,2.1469025946738,47.564892578125,45.69517021179199,17.280000686645508,57.11267667127105
207,2021-04-28,WMT,138.35000610351562,138.58999633789062,137.8699951171875,132.66380310058594,4762200.0,2.0,0.7959591675308957,136.79128415040464,131.15125887938052,49.773745547813576,19.57282220698585,0.9968344927286191,132.10993245442708,131.4799882253011,17.280000686645508,57.11267667127105
208,2021-04-29,AAPL,136.47000122070312,137.07000732421875,132.4499969482422,131.53256225585938,151101000.0,3.0,2.2499727396859726,136.6709364607819,123.14336407632747,55.04005161994172,75.38382066691562,28.058133267817443,126.40812199910482,125.95541063944499,17.610000610351562,60.10318225981358
208,2021-04-29,AMGN,235.07000732421875,236.0,231.02999877929688,216.5785369873047,4053400.0,3.0,0.4867546904517326,243.62406148812968,219.74660348989764,43.754339210113606,-253.67139438564413,34.42318304217149,230.83563537597655,222.44484303792316,17.610000610351562,60.10318225981358
208,2021-04-29,AXP,153.85000610351562,155.0800018310547,152.08999633789062,149.66183471679688,2636000.0,3.0,2.4110653282211274,148.20231089826115,138.1334633326959,62.628152799330856,182.9808930377955,17.221819119434418,140.84629923502604,136.37804845174153,17.610000610351562,60.10318225981358
208,2021-04-29,BA,237.0,237.67999267578125,231.8000030517578,235.94000244140625,12296100.0,3.0,-2.02478651219991,262.7384036509433,229.66559567766996,49.72791000749834,-121.95396308620803,18.636151070881464,247.2316665649414,236.2434995015462,17.610000610351562,60.10318225981358
208,2021-04-29,CAT,235.0,235.1999969482422,223.1999969482422,216.5484161376953,5442400.0,3.0,1.620709813112427,222.38168509249914,215.91399209255945,55.65993970225911,-23.14055258409926,11.30700505284879,217.8203903198242,209.37080052693685,17.610000610351562,60.10318225981358
208,2021-04-29,CRM,237.32000732421875,237.6699981689453,232.1699981689453,234.36000061035156,4140800.0,3.0,4.252793919919725,240.13162122450447,218.37837938584707,55.29828225382054,88.7681726848358,27.627911267071614,223.12166646321614,225.1104995727539,17.610000610351562,60.10318225981358
208,2021-04-29,CSCO,51.18000030517578,51.599998474121094,50.97999954223633,47.752227783203125,13916600.0,3.0,0.4429829408092445,48.923315238399724,47.25112361963251,58.08524090238729,-4.923845622207342,1.3036452549663755,47.62331873575847,45.45846602121989,17.610000610351562,60.10318225981358
208,2021-04-29,CVX,106.41999816894531,107.6500015258789,105.75,96.67401885986328,9740300.0,3.0,0.10613599146785191,96.1771712616615,90.55110251153187,58.12524916221433,151.98996551707353,25.07949967796807,93.80123469034831,92.13303171793619,17.610000610351562,60.10318225981358
208,2021-04-29,DIS,184.8000030517578,185.5500030517578,182.75,185.3300018310547,5958300.0,3.0,-1.2266606285208184,190.3945933770214,181.53940625676768,50.86532897685738,-65.35631504449242,0.838669270520245,186.56000010172525,188.62816645304363,17.610000610351562,60.10318225981358
208,2021-04-29,GS,350.54998779296875,353.8299865722656,347.4800109863281,331.5689697265625,2584400.0,3.0,4.524794162582339,330.8101492370924,299.89516387325915,62.543138373328034,169.83316643268796,30.6643786723959,314.65001017252604,307.86393076578776,17.610000610351562,60.10318225981358
208,2021-04-29,HD,321.7099914550781,325.7900085449219,321.0799865722656,306.3843994140625,3261900.0,3.0,7.308891596218189,311.300555153263,291.6769198223229,65.54312969747929,73.03378401209032,32.39009966942205,293.8222259521484,273.6349952697754,17.610000610351562,60.10318225981358
208,2021-04-29,HON,223.7100067138672,224.16000366210938,221.67999267578125,213.19876098632812,1789700.0,3.0,2.224832556685044,223.56679709878253,205.24079414877608,56.71572379020894,19.68266059823432,1.893206849723175,211.0921859741211,203.42844212849934,17.610000610351562,60.10318225981358
208,2021-04-29,IBM,137.7915802001953,142.1988525390625,136.69215393066406,122.13084411621094,4554179.0,3.0,2.94023451476302,123.53837938171367,108.72446012634296,64.80442282870854,184.78256197332541,59.02217335925716,114.78612391153972,109.25404307047526,17.610000610351562,60.10318225981358
208,2021-04-29,INTC,57.880001068115234,58.29999923706055,57.470001220703125,53.89292526245117,23290600.0,3.0,-1.2653530175212282,64.63266330273129,52.55487751452945,45.39465204239164,-189.36272830075103,32.66231897655808,58.72215283711751,57.67508754730225,17.610000610351562,60.10318225981358
208,2021-04-29,JNJ,161.89999389648438,164.25999450683594,161.80999755859375,153.63198852539062,6394300.0,3.0,0.5707984452509152,156.27367467746376,148.84677057400108,54.099210112282115,27.685331117333753,0.2396331229378425,152.40506337483723,151.52428817749023,17.610000610351562,60.10318225981358
208,2021-04-29,JPM,153.5399932861328,155.27999877929688,153.1999969482422,144.37994384765625,12976900.0,3.0,0.18981543610064477,146.28458106765277,137.58822319260116,57.54019132723219,71.9734866108387,5.482276193383762,141.8207763671875,139.28269335428874,17.610000610351562,60.10318225981358
208,2021-04-29,KO,53.540000915527344,54.36000061035156,53.43000030517578,50.33748245239258,15391000.0,3.0,0.5483434258104651,50.78683942393308,48.6078810350513,59.72873675517831,80.16194786213453,24.746622855134,49.213714345296225,47.77736727396647,17.610000610351562,60.10318225981358
208,2021-04-29,MCD,233.99000549316406,235.8000030517578,232.6199951171875,222.60801696777344,3146700.0,3.0,2.977094027974232,223.61616799033342,215.21996939980332,61.652486795762535,98.42302926424554,30.30467140025995,217.09349619547527,208.6430585225423,17.610000610351562,60.10318225981358
208,2021-04-29,MMM,196.80999755859375,199.41000366210938,196.27000427246094,178.73489379882812,1887000.0,3.0,2.1124181170511065,181.67732984253232,172.8490144567841,60.403094062150856,64.79578615347604,2.512923168697759,175.62084299723307,168.44569295247396,17.610000610351562,60.10318225981358
208,2021-04-29,MRK,72.04198455810547,72.27098846435547,69.51335906982422,64.96854400634766,30602753.0,3.0,0.08891548948953698,69.9241759448001,65.68621376467256,41.915107351834116,-258.9372550828466,38.08851221102584,67.85339864095052,66.61461461385092,17.610000610351562,60.10318225981358
208,2021-04-29,MSFT,255.4600067138672,256.1000061035156,249.0,246.97254943847656,40589000.0,3.0,4.463439545387729,260.4478338802295,239.835181561665,55.468698492884826,27.632817773194258,6.500651822103087,243.10853220621746,237.45249455769857,17.610000610351562,60.10318225981358
208,2021-04-29,NKE,131.77000427246094,134.1199951171875,131.22999572753906,129.88804626464844,6612500.0,3.0,-1.258260319013175,134.6525509685987,124.37597457461419,48.47149741381407,-19.638262740651395,11.973718079785636,130.20971043904623,133.06014137268068,17.610000610351562,60.10318225981358
208,2021-04-29,PG,131.30999755859375,132.99000549316406,131.30999755859375,125.32475280761719,6786800.0,3.0,0.18664291349699624,130.84510741396517,123.9186918719235,50.51084411212425,-57.54428526599405,25.920142366930165,126.56625061035156,123.04799919128418,17.610000610351562,60.10318225981358
208,2021-04-29,TRV,154.75999450683594,155.82000732421875,154.32000732421875,147.32647705078125,877000.0,3.0,1.066270431101998,149.97873587135763,141.4674555348924,55.61828441403258,58.913045095233876,1.2487274847093464,144.9233830769857,142.99054667154948,17.610000610351562,60.10318225981358
208,2021-04-29,UNH,396.75,402.1600036621094,396.29998779296875,387.8634338378906,1996500.0,3.0,9.653677118559983,397.09389212055254,345.1552808530802,67.04295969735713,121.26400311338726,52.38529589829937,366.734336344401,345.46681518554686,17.610000610351562,60.10318225981358
208,2021-04-29,V,235.22999572753906,237.5,233.14999389648438,232.65985107421875,7411400.0,3.0,4.4452177304740985,231.48910912326124,210.4182715530083,64.28939677158226,159.1389524391654,46.20648170189879,216.43509419759116,213.20358301798504,17.610000610351562,60.10318225981358
208,2021-04-29,VZ,56.54999923706055,57.52000045776367,56.529998779296875,49.4766845703125,18169200.0,3.0,0.052146494651154285,50.853302119936686,48.688365818295736,52.059082775614314,-42.56585638249808,2.3046919965120085,49.52541948954264,48.54302139282227,17.610000610351562,60.10318225981358
208,2021-04-29,WBA,52.29999923706055,53.029998779296875,52.119998931884766,46.80929946899414,4004300.0,3.0,0.030391984070632816,50.05288644151811,45.780132052134235,53.81616422850416,-60.054376968729535,0.7573826019443456,47.52465718587239,45.76554438273112,17.610000610351562,60.10318225981358
208,2021-04-29,WMT,137.89999389648438,140.0,137.89999389648438,134.33782958984375,6532000.0,3.0,0.7848112446264395,136.5124871665973,131.79565187148862,52.556276157897244,41.62857419344346,13.196244918491953,132.36328531901043,131.47109387715656,17.610000610351562,60.10318225981358
209,2021-04-30,AAPL,131.77999877929688,133.55999755859375,131.07000732421875,129.5420684814453,109839500.0,4.0,1.9629405346104818,135.71883377384347,124.9291253631194,52.83324423247443,43.73933609190549,18.157786904478453,126.7671407063802,125.9179630279541,18.610000610351562,17.75374228061617
209,2021-04-30,AMGN,234.27000427246094,240.66000366210938,234.1999969482422,221.127685546875,3420900.0,4.0,-0.25098329721024015,244.07258057006544,218.41870360962207,47.207246485241896,-175.48133753898645,21.09165998366796,230.68861033121746,222.51112442016603,18.610000610351562,17.75374228061617
209,2021-04-30,AXP,153.60000610351562,154.0399932861328,152.47999572753906,148.42294311523438,2712700.0,4.0,2.54526933279152,148.9017546010062,138.2838090586618,61.1992779298314,156.4220496295662,17.221819119434407,141.20755004882812,136.9147476196289,18.610000610351562,17.75374228061617
209,2021-04-30,BA,233.67999267578125,236.77000427246094,232.6999969482422,234.30999755859375,10380400.0,4.0,-2.3982611372924225,262.2973898418613,228.24160857122467,49.07541057200797,-117.68132653663488,18.636151070881482,246.5066665649414,236.69216613769532,18.610000610351562,17.75374228061617
209,2021-04-30,CAT,225.52000427246094,228.38999938964844,224.8800048828125,217.15768432617188,3953500.0,4.0,1.3692852042666743,222.25515955015683,215.69945013001896,56.044947218265385,-58.932619535335846,11.30700505284879,217.7717778523763,209.96613362630208,18.610000610351562,17.75374228061617
209,2021-04-30,CRM,232.8000030517578,234.5,229.52000427246094,230.32000732421875,5024800.0,4.0,3.8075958519178243,239.51785816616047,220.15214305454265,52.71782699896301,60.49896892114823,16.53402240857044,223.8163335164388,225.0354995727539,18.610000610351562,17.75374228061617
209,2021-04-30,CSCO,51.220001220703125,51.22999954223633,50.40999984741211,47.241851806640625,19930200.0,4.0,0.35898690148743384,48.969615618199974,47.13986619332346,55.74563562114928,-65.95187908500388,11.838828423825284,47.6993288675944,45.54299882253011,18.610000610351562,17.75374228061617
209,2021-04-30,CVX,104.9800033569336,105.38999938964844,102.97000122070312,93.21039581298828,13730000.0,4.0,0.06543745877573315,95.84518189734933,90.64072813683035,52.61672223423286,6.789602679586351,3.746124576128708,93.7695826212565,92.36439158121745,18.610000610351562,17.75374228061617
209,2021-04-30,DIS,184.2899932861328,186.32000732421875,183.5399932861328,186.02000427246094,7866300.0,4.0,-1.0398526934412757,190.0164084915224,181.62259144744243,51.456830284004376,-38.36918866015779,2.594539545398776,186.35133361816406,188.78799997965496,18.610000610351562,17.75374228061617
209,2021-04-30,GS,351.1199951171875,352.82000732421875,347.20001220703125,327.3230285644531,2101100.0,4.0,4.713871662613371,332.23568384453023,300.42445409492285,60.23762844381035,151.80000750082195,29.972329374747396,314.6641001383463,308.8194091796875,18.610000610351562,17.75374228061617
209,2021-04-30,HD,325.04998779296875,325.8299865722656,321.6099853515625,304.8116760253906,3118700.0,4.0,6.95541907831506,310.4579307079291,294.0187904834771,64.29527307682457,69.20383249330615,32.48231213650469,295.09388326009116,274.4387250264486,18.610000610351562,17.75374228061617
209,2021-04-30,HON,223.02000427246094,223.5800018310547,221.0399932861328,212.37989807128906,2216900.0,4.0,1.9163563580860625,223.13254974554118,206.26922027399004,55.87361051133903,9.101183792488397,4.393582696985882,211.34674224853515,203.8216651916504,18.610000610351562,17.75374228061617
209,2021-04-30,IBM,137.3804931640625,137.50477600097656,134.3690185546875,120.13257598876953,9280321.0,4.0,2.846867361948256,123.93698875117627,109.05826118778856,61.41536779875072,110.71660640293486,42.59091420967551,115.11973063151042,109.59739863077799,18.610000610351562,17.75374228061617
209,2021-04-30,INTC,57.61000061035156,58.43000030517578,57.06999969482422,53.19939041137695,30731800.0,4.0,-1.415171110207062,64.74201068013075,51.79637318522571,44.3641657092402,-171.6548106861489,34.84806967786789,58.53104311625163,57.67813911437988,18.610000610351562,17.75374228061617
209,2021-04-30,JNJ,164.14999389648438,164.3300018310547,162.52000427246094,152.25662231445312,9079100.0,4.0,0.465155901896253,156.27034656941913,148.84074351847147,51.865905162333235,17.21593460305023,0.20266438355239888,152.47554829915364,151.5745730082194,18.610000610351562,17.75374228061617
209,2021-04-30,JPM,154.10000610351562,154.49000549316406,153.00999450683594,143.09605407714844,11705100.0,4.0,0.3124451367298775,146.36122694155802,137.60460862973105,55.99404115145451,53.35239200020421,4.55527727070281,141.73031768798828,139.58445409138997,18.610000610351562,17.75374228061617
209,2021-04-30,KO,54.25,54.27000045776367,53.689998626708984,50.077720642089844,14912600.0,4.0,0.5203004797497783,50.762674331902126,48.76841926550998,58.21928771750358,75.72481081914891,24.746622855134,49.31916389465332,47.86414788564046,18.610000610351562,17.75374228061617
209,2021-04-30,MCD,234.0,236.2899932861328,233.8699951171875,223.43138122558594,2640400.0,4.0,3.007658853039345,223.34023345780204,216.5246698014753,62.31022634987962,110.61933002929108,32.643392990997995,217.50929158528646,209.09491704305012,18.610000610351562,17.75374228061617
209,2021-04-30,MMM,197.66000366210938,198.99000549316406,196.1300048828125,177.01983642578125,2507100.0,4.0,1.8995005938509166,181.40746881322607,173.51756170435206,58.04643511850309,42.77476828329665,3.0224329534262586,175.80462239583332,168.79131317138672,18.610000610351562,17.75374228061617
209,2021-04-30,MRK,70.20992279052734,71.64122009277344,70.114501953125,65.69160461425781,18052114.0,4.0,-0.08344890967710228,70.00823747048469,65.37377546896843,44.36532845158622,-205.43659365886063,38.08851221102584,67.7719825744629,66.58306833902995,18.610000610351562,17.75374228061617
209,2021-04-30,MSFT,249.74000549316406,253.0800018310547,249.60000610351562,246.64976501464844,30945100.0,4.0,3.784855067849435,259.0869691245221,242.1574858315326,55.24308004455334,18.125584738146834,6.500651822103079,243.80817667643228,237.61124114990236,18.610000610351562,17.75374228061617
209,2021-04-30,NKE,132.44000244140625,133.8800048828125,132.0500030517578,129.26426696777344,5643600.0,4.0,-1.108385341048546,134.65587348720598,124.38142585971785,47.88857781050022,-12.068009899965892,11.973718079785614,129.86694310506184,132.9670785268148,18.610000610351562,17.75374228061617
209,2021-04-30,PG,132.75,133.6699981689453,132.25999450683594,126.18540954589844,9188600.0,4.0,0.17002512628458533,130.84524256753764,123.9179570479409,52.02143638928114,-40.70286189937123,20.1357402362129,126.74084650675455,123.13138135274251,18.610000610351562,17.75374228061617
209,2021-04-30,TRV,155.52999877929688,156.60000610351562,153.89999389648438,146.34242248535156,952300.0,4.0,0.9568306711273635,149.89882730496967,141.9296394919053,54.39645921926509,58.54882682696172,5.721651063674804,144.85493927001954,143.25480575561522,18.610000610351562,17.75374228061617
209,2021-04-30,UNH,401.0,401.8599853515625,398.3500061035156,385.2071228027344,2328100.0,4.0,9.424745726175104,398.12254603309947,347.1914737422912,65.26839370309696,108.86699809773825,52.38529589829937,367.91758422851564,346.4666361490885,18.610000610351562,17.75374228061617
209,2021-04-30,V,235.32000732421875,235.92999267578125,232.2899932861328,229.4183807373047,10260200.0,4.0,4.492345740623847,232.2608900132584,211.28688067765955,61.12331149497023,127.38733693763298,41.868945463309984,216.8574681599935,213.73584314982097,18.610000610351562,17.75374228061617
209,2021-04-30,VZ,57.349998474121094,57.86000061035156,56.959999084472656,49.88236999511719,16861500.0,4.0,0.08358048218266134,50.85921277574842,48.69199724622423,54.021600868093216,-8.027524777630319,8.063338502930037,49.58524754842122,48.59456965128581,18.610000610351562,17.75374228061617
209,2021-04-30,WBA,52.470001220703125,53.41999816894531,52.470001220703125,47.12881088256836,8396800.0,4.0,0.02578545830181156,49.9823841390185,45.704189271015686,54.7095740744765,-36.3548654265848,4.625896076574986,47.53649113972982,45.83450336456299,18.610000610351562,17.75374228061617
209,2021-04-30,WMT,139.7100067138672,139.99000549316406,139.11000061035156,134.60720825195312,6560000.0,4.0,0.788622295229942,135.96789846330083,132.75297861189446,52.989812257759645,51.6483083872526,13.196244918491939,132.68077748616537,131.45982246398927,18.610000610351562,17.75374228061617
210,2021-05-03,AAPL,132.0399932861328,134.07000732421875,131.8300018310547,130.60629272460938,75135100.0,0.0,1.800583441375096,135.16981440351827,126.13245534135478,53.85651730947857,50.48183050550902,20.583396478483024,127.17937088012695,125.84167569478353,18.309999465942383,20.08023270158049
210,2021-05-03,AMGN,240.6699981689453,247.02000427246094,240.5500030517578,226.4242706298828,3587700.0,0.0,-0.40360332881704153,243.92659401474313,217.95198417129203,50.84203290941368,-81.68362724553644,5.785497437254046,230.6713857014974,222.66354522705078,18.309999465942383,20.08023270158049
210,2021-05-03,AXP,154.58999633789062,156.0500030517578,154.00999450683594,149.82635498046875,2726200.0,0.0,2.7333620853620175,149.8953382895517,138.13614211816318,62.20964834425996,175.8242690531991,22.874056977282613,141.67573038736978,137.40310757954916,18.309999465942383,20.08023270158049
210,2021-05-03,BA,234.11000061035156,237.10000610351562,233.80999755859375,235.19000244140625,9887800.0,0.0,-2.5933390308323396,260.2902983505727,227.83170177149762,49.44588300370282,-102.33197790285016,17.82772488904224,245.81899973551432,237.1013328552246,18.309999465942383,20.08023270158049
210,2021-05-03,CAT,230.0,230.92999267578125,227.2100067138672,217.2147979736328,3182900.0,0.0,1.1612517965152733,221.9068246326673,215.6205023326647,56.08192755397913,-17.674134262807677,2.7809765369500914,217.895339457194,210.55925979614258,18.309999465942383,20.08023270158049
210,2021-05-03,CRM,230.77000427246094,231.4600067138672,223.07000732421875,223.75999450683594,5835700.0,0.0,2.8920966752941126,239.07603336584043,220.940967976933,48.88591324284721,16.448742841004496,4.960210322763469,224.20166676839193,224.79849955240886,18.309999465942383,20.08023270158049
210,2021-05-03,CSCO,51.209999084472656,51.400001525878906,50.810001373291016,47.483123779296875,13465900.0,0.0,0.3083337870000591,48.90344225764379,47.090973788498786,56.60050812932044,-54.10189903003809,8.158023656751286,47.77785326639811,45.608826382954916,18.309999465942383,20.08023270158049
210,2021-05-03,CVX,103.9800033569336,105.72000122070312,103.22000122070312,95.4350814819336,7938100.0,0.0,0.21027322061344478,96.01577802350866,90.5623752052511,55.42368168237575,53.82189385252759,5.785175710845259,93.83439381917317,92.63223508199056,18.309999465942383,20.08023270158049
210,2021-05-03,DIS,187.69000244140625,189.22000122070312,185.25,185.50999450683594,7542800.0,0.0,-0.9223275667086739,189.67342985569516,181.66656953395326,50.98749580510353,12.245331810350143,14.336403922869719,186.16366678873698,188.8759999593099,18.309999465942383,20.08023270158049
210,2021-05-03,GS,350.3399963378906,354.05999755859375,349.260009765625,328.9293518066406,1871700.0,0.0,4.936429715716997,333.3099645054491,301.85077463029313,60.80311349261748,159.7798930785834,31.68518417536462,314.85071919759116,309.72056681315104,18.309999465942383,20.08023270158049
210,2021-05-03,HD,326.2799987792969,331.6199951171875,325.67999267578125,311.0271301269531,3683700.0,0.0,7.095037585742773,311.6582588488224,294.21882550176355,66.8736966444168,101.99347751188137,44.25345972820881,296.3862589518229,275.27351608276365,18.309999465942383,20.08023270158049
210,2021-05-03,HON,224.24000549316406,224.77999877929688,222.25999450683594,212.53224182128906,2218700.0,0.0,1.6649866855873086,222.92418400113593,206.85180324251644,55.99934744055105,16.546293297560034,0.6799161981374696,211.67334899902343,204.19451726277669,18.309999465942383,20.08023270158049
210,2021-05-03,IBM,137.48565673828125,139.34034729003906,137.23709106445312,122.56267547607422,5997241.0,0.0,2.9351276160014663,124.75054761954613,108.99150941780738,63.79719239277294,139.38194231580198,47.19895302419026,115.56708094278972,109.95479685465494,18.309999465942383,20.08023270158049
210,2021-05-03,INTC,57.86000061035156,57.880001068115234,56.84000015258789,52.9497184753418,22281700.0,0.0,-1.536339501251966,64.53633919836207,51.14390105127171,43.992255186276445,-157.79898039833097,36.12250950759655,58.33068631490072,57.654558690388996,18.309999465942383,20.08023270158049
210,2021-05-03,JNJ,163.60000610351562,165.32000732421875,163.1199951171875,154.57699584960938,6594100.0,0.0,0.5621876282616824,156.46035268141085,148.81728098558133,55.10078853641318,66.81599025126422,6.443015949034882,152.63679046630858,151.64043986002605,18.309999465942383,20.08023270158049
210,2021-05-03,JPM,154.85000610351562,155.47999572753906,153.1300048828125,142.6774139404297,11801100.0,0.0,0.37156611478684454,146.33956651758538,137.6020792954029,55.49107369892581,62.47357335062141,9.009101907842416,141.70328776041666,139.83129717508953,18.309999465942383,20.08023270158049
210,2021-05-03,KO,54.27000045776367,54.79999923706055,54.15999984741211,50.54157257080078,10417900.0,0.0,0.5294025934768953,50.82784821463326,48.858172064297406,60.08276005878192,118.52726473113432,33.373405918530594,49.43265368143717,47.954979197184244,18.309999465942383,20.08023270158049
210,2021-05-03,MCD,237.99000549316406,238.17999267578125,235.3800048828125,222.93922424316406,2458000.0,0.0,2.958069952677363,223.52686216235256,216.97309053540133,61.656299593385555,126.90369289288489,40.8301724932406,217.923193359375,209.50220158894857,18.309999465942383,20.08023270158049
210,2021-05-03,MMM,197.99000549316406,199.47000122070312,196.66000366210938,178.33984375,1779800.0,0.0,1.8163378696989412,181.42179108976075,173.8300948965674,59.31041950068767,57.939804133152194,1.0861358260329639,176.10094248453777,169.1348871866862,18.309999465942383,20.08023270158049
210,2021-05-03,MRK,70.85877990722656,72.53816986083984,70.82061004638672,66.99661254882812,12543302.0,0.0,-0.11343806057212191,69.98135317105279,65.31071836215033,48.42718540883042,-109.64120938698746,24.87394099842721,67.7270123799642,66.59206517537434,18.309999465942383,20.08023270158049
210,2021-05-03,MSFT,253.39999389648438,254.35000610351562,251.1199951171875,246.33680725097656,19626600.0,0.0,3.1851030194812324,258.8260085068773,242.69132700337659,55.01862324400791,20.315207293907804,1.9415836716104702,244.50945231119792,237.78087259928387,18.309999465942383,20.08023270158049
210,2021-05-03,NKE,133.3699951171875,134.4499969482422,132.58999633789062,129.6638946533203,5053000.0,0.0,-0.9464516216759478,134.45159358247213,124.3819978787095,48.3006329340607,9.642447994243188,8.906096699873082,129.72203852335613,132.8482519785563,18.309999465942383,20.08023270158049
210,2021-05-03,PG,134.02999877929688,135.67999267578125,134.02999877929688,127.67973327636719,8070300.0,0.0,0.27427319598423594,130.7979657399818,123.91013591407093,54.51512486013487,13.243442514849283,4.908283198637816,126.9868677775065,123.23841603597005,18.309999465942383,20.08023270158049
210,2021-05-03,TRV,156.11000061035156,158.0800018310547,155.7100067138672,148.16860961914062,1094300.0,0.0,1.0058619619209708,150.11208597831782,142.14785664863533,56.24189667947115,102.86967297131093,13.654324959225681,145.08487091064453,143.466845703125,18.309999465942383,20.08023270158049
210,2021-05-03,UNH,401.0,406.7699890136719,400.5299987792969,392.0651550292969,2568500.0,0.0,9.685058508321049,400.2142228275757,348.55004719195557,67.56159569721885,123.44763637822192,57.43984249111889,369.2157755533854,347.718234761556,18.309999465942383,20.08023270158049
210,2021-05-03,V,234.0500030517578,235.74000549316406,231.38999938964844,228.48524475097656,8174400.0,0.0,4.403636373705041,232.85039738025102,212.03030940685835,60.23983865907936,112.32863879872869,37.31184103777858,217.69927317301432,214.1235829671224,18.309999465942383,20.08023270158049
210,2021-05-03,VZ,58.22999954223633,58.33000183105469,57.869998931884766,49.99457931518555,17559100.0,0.0,0.11620693689589956,50.82524850312745,48.698047853073724,54.55391329590042,43.9530168168532,15.42962397299121,49.650808334350586,48.643006324768066,18.309999465942383,20.08023270158049
210,2021-05-03,WBA,53.439998626708984,54.560001373291016,53.41999816894531,48.19386672973633,4696400.0,0.0,0.10684422554132311,49.50994688925195,45.95473931375098,57.54182249813444,30.784615773780125,18.270331320085297,47.58856035868327,45.915791829427086,18.309999465942383,20.08023270158049
210,2021-05-03,WMT,139.67999267578125,142.74000549316406,139.67999267578125,136.73342895507812,9046500.0,0.0,0.9522340599665426,136.41056365610018,132.5691162145053,56.253846997274465,103.6239826402142,31.898240140360485,133.01366271972657,131.4627503712972,18.309999465942383,20.08023270158049
211,2021-05-04,AAPL,131.19000244140625,131.49000549316406,126.69999694824219,125.98472595214844,137564700.0,1.0,1.2841891278875437,134.814320301841,126.64955832975077,49.07370105970104,-7.341526436818285,8.557077606054685,127.3258684794108,125.69534263610839,19.479999542236328,21.66525474804115
211,2021-05-04,AMGN,247.27000427246094,247.5800018310547,242.8699951171875,228.25131225585938,3555900.0,1.0,-0.37283104918529375,243.89424671303215,217.82377239097178,52.02081411693548,-56.27564511289019,4.541743412873625,230.59971872965494,222.8601552327474,19.479999542236328,21.66525474804115
211,2021-05-04,AXP,154.47999572753906,155.74000549316406,152.83999633789062,149.56504821777344,3025100.0,1.0,2.828733792655413,150.6645973358682,138.17796247858493,61.89918203034234,152.9319771506538,17.866281552552394,142.1596471150716,137.86491813659669,19.479999542236328,21.66525474804115
211,2021-05-04,BA,235.75,236.64999389648438,225.64999389648438,233.6300048828125,17807200.0,1.0,-2.841068364851651,258.9662296070234,227.00177118643356,48.79490704727991,-124.85770246061986,30.369537354240205,245.23233337402343,237.52966639200847,19.479999542236328,21.66525474804115
211,2021-05-04,CAT,227.0,234.0,225.35000610351562,222.20321655273438,4040700.0,1.0,1.382965545510018,222.44127436459002,215.44855412662093,59.184576231626025,38.71991596998743,6.475005705748065,218.16212158203126,211.21420237223307,19.479999542236328,21.66525474804115
211,2021-05-04,CRM,221.6699981689453,222.0,214.36000061035156,217.17999267578125,6727500.0,1.0,1.6169664429801003,239.81102345020017,219.81497752636236,45.45738847878561,-51.85580899238606,24.943980070965996,224.26866658528647,224.43666610717773,19.479999542236328,21.66525474804115
211,2021-05-04,CSCO,51.11000061035156,51.22999954223633,50.29999923706055,47.056270599365234,18164800.0,1.0,0.23108355717067042,48.923326433671896,46.94860082768064,54.667776488905886,-117.55727904410082,16.92595669864712,47.80161005655925,45.654794438680014,19.479999542236328,21.66525474804115
211,2021-05-04,CVX,105.95999908447266,106.51000213623047,104.8499984741211,95.9595947265625,8704300.0,1.0,0.3631937689682161,96.37843655995222,90.4285145814052,56.05856848349799,97.65000114064614,10.629984769923972,93.94201024373372,92.9049560546875,19.479999542236328,21.66525474804115
211,2021-05-04,DIS,184.8699951171875,185.6300048828125,182.30999755859375,184.25,7069300.0,1.0,-0.9202510028144104,188.954879557425,181.83712025946954,49.8260229350696,-75.60406183115688,1.1256020465859071,185.8766667683919,188.92749989827473,19.479999542236328,21.66525474804115
211,2021-05-04,GS,348.8999938964844,351.7799987792969,342.57000732421875,328.6287536621094,2831400.0,1.0,5.030563612280275,334.32654661465386,302.97407289218205,60.636174706101464,119.17298530512493,15.405397906505808,315.1798126220703,310.62061309814453,19.479999542236328,21.66525474804115
211,2021-05-04,HD,329.1199951171875,333.2300109863281,328.8800048828125,313.38140869140625,3954400.0,1.0,7.311375873504403,312.9962356001562,294.6692032426173,67.78526930772009,115.90703584579651,47.00003481182773,297.7621317545573,276.14692204793295,19.479999542236328,21.66525474804115
211,2021-05-04,HON,222.13999938964844,225.60000610351562,220.75,214.65565490722656,2827000.0,1.0,1.6184595053216242,222.68141022642482,207.68875273744237,57.73582799885826,18.827566178291033,5.497888861077737,212.09549255371093,204.56594492594402,19.479999542236328,21.66525474804115
211,2021-05-04,IBM,138.0592803955078,140.14340209960938,137.9827880859375,123.4094009399414,6642623.0,1.0,3.038373691183523,125.59900197204632,109.11932383361773,64.58518512182422,137.44605490037358,49.10929700816554,115.99608561197917,110.31558418273926,19.479999542236328,21.66525474804115
211,2021-05-04,INTC,56.880001068115234,56.97999954223633,55.810001373291016,52.616817474365234,35323600.0,1.0,-1.6403200641000666,64.38776484433119,50.491664400663936,43.489382533733036,-155.70934795473687,41.59189574264342,58.061591720581056,57.63483136494954,19.479999542236328,21.66525474804115
211,2021-05-04,JNJ,164.8300018310547,167.85000610351562,164.6699981689453,156.97225952148438,10179500.0,1.0,0.8228781041874527,157.1296431351378,148.55780345910048,58.10729991716625,150.8085414674242,20.092709974098913,152.8635274251302,151.70810419718424,19.479999542236328,21.66525474804115
211,2021-05-04,JPM,152.8699951171875,155.63999938964844,152.13999938964844,144.64974975585938,12977700.0,1.0,0.5709889277171669,146.63719460324782,137.5779726330803,57.35788351894595,73.63268355567486,3.829773050131348,141.8705622355143,140.11517461140951,19.479999542236328,21.66525474804115
211,2021-05-04,KO,54.56999969482422,54.619998931884766,53.939998626708984,50.22615051269531,14151000.0,1.0,0.5053389275911258,50.85681082115062,48.917341553116955,58.2550118880362,92.22806969500645,26.917484217546928,49.52975374857585,48.03073965708415,19.479999542236328,21.66525474804115
211,2021-05-04,MCD,234.6300048828125,236.1300048828125,233.24000549316406,221.33030700683594,2529700.0,1.0,2.757161377100573,223.63232394401345,217.0521792298147,59.54303415576847,84.18716490706197,22.769313560593936,218.20049438476562,209.85837122599284,19.479999542236328,21.66525474804115
211,2021-05-04,MMM,198.49000549316406,199.55999755859375,197.5399932861328,179.03121948242188,1879000.0,1.0,1.7856353622551353,181.45564430383223,174.20390464636307,59.96397850042069,68.38897973224886,0.7067771170000334,176.3975616455078,169.4616335550944,19.479999542236328,21.66525474804115
211,2021-05-04,MRK,72.59542083740234,72.96755981445312,72.07061004638672,67.00543975830078,10418587.0,1.0,-0.1349369277761241,69.9784850564572,65.33122334808382,48.453519094977196,-58.43624318466509,19.044174935873574,67.68233642578124,66.6045597076416,19.479999542236328,21.66525474804115
211,2021-05-04,MSFT,250.97000122070312,251.2100067138672,245.75999450683594,242.35606384277344,32756100.0,1.0,2.361362162475899,258.8375201000289,242.67296879157269,52.22642106777431,-16.16226819713852,17.814060312662004,244.89415893554687,237.88106842041014,19.479999542236328,21.66525474804115
211,2021-05-04,NKE,132.22999572753906,132.58999633789062,130.47999572753906,128.22132873535156,6129500.0,1.0,-0.9238711840376652,133.77935945510475,124.5074271965066,46.91534310390171,-47.04681300113192,17.81558184964493,129.50370712280272,132.63275362650555,19.479999542236328,21.66525474804115
211,2021-05-04,PG,134.97999572753906,135.8300018310547,134.2100067138672,127.24467468261719,9624000.0,1.0,0.3181178847547841,130.7188646277616,123.88593502433802,53.67490573794582,5.739521005656151,3.8580591770464223,127.15041097005208,123.32974166870117,19.479999542236328,21.66525474804115
211,2021-05-04,TRV,156.38999938964844,158.69000244140625,155.97000122070312,150.0042724609375,1389900.0,1.0,1.179248619159921,150.60099850463658,142.30048464966032,58.00886700522541,123.29996019458697,16.740872648231775,145.42992604573567,143.69520772298176,19.479999542236328,21.66525474804115
211,2021-05-04,UNH,405.4800109863281,412.4700012207031,403.5,397.3197021484375,3237200.0,1.0,10.197802384083957,402.1547777845018,351.146397142256,69.17477528731706,136.18004010735683,62.39386001433155,370.647905476888,349.1345692952474,19.479999542236328,21.66525474804115
211,2021-05-04,V,231.60000610351562,232.38999938964844,230.22999572753906,227.9154815673828,5884500.0,1.0,4.23849964852522,233.1216852665109,213.07329306600866,59.694839519997906,89.41659426156147,31.492342103949994,218.48606923421224,214.50967254638672,19.479999542236328,21.66525474804115
211,2021-05-04,VZ,57.97999954223633,58.650001525878906,57.95000076293945,50.5815315246582,22067700.0,1.0,0.1872670769636784,50.84587126363811,48.68771066080037,57.23318487216468,79.64661189316269,20.089536252530745,49.7259713490804,48.69866371154785,19.479999542236328,21.66525474804115
211,2021-05-04,WBA,54.2599983215332,54.400001525878906,52.720001220703125,48.03411102294922,6695000.0,1.0,0.15639016371415693,49.258157899265626,46.06629621755566,56.98882659923058,6.2150946208230105,8.117763104669185,47.61844100952148,45.986505063374835,19.479999542236328,21.66525474804115
211,2021-05-04,WMT,141.5399932861328,142.02999877929688,140.10000610351562,135.3865203857422,6361400.0,1.0,0.9621225474915889,136.47816906307276,132.56116199161477,53.80566435136879,86.10421251795833,31.89824014036049,133.2814468383789,131.41400769551595,19.479999542236328,21.66525474804115
212,2021-05-05,AAPL,129.1999969482422,130.4499969482422,127.97000122070312,126.23108673095703,84000900.0,2.0,0.8846247663092299,134.77710435248287,126.70648405694095,49.32188374925885,-8.248523833980286,8.557077606054678,127.50849863688151,125.55065129597982,19.149999618530273,21.202161496584583
212,2021-05-05,AMGN,246.2899932861328,249.97999572753906,245.91000366210938,230.08761596679688,2765100.0,2.0,-0.19798716029148977,243.92590979155463,217.9056118148907,53.1879365081401,-20.334573799948675,0.80145577820113,230.73228810628254,223.06828816731772,19.149999618530273,21.202161496584583
212,2021-05-05,AXP,154.8699951171875,156.72999572753906,154.32000732421875,151.365234375,3001600.0,2.0,3.0148235269500105,151.7561282583636,137.98267636810127,63.20776986114535,171.38364946281703,20.786356904804563,142.8280507405599,138.32923011779786,19.149999618530273,21.202161496584583
212,2021-05-05,BA,232.4499969482422,233.49000549316406,227.55999755859375,228.17999267578125,14913500.0,2.0,-3.4375402599877987,258.374761946612,225.1532379313177,46.578657832524,-132.5119709654646,30.369537354240222,244.79666646321616,237.80016632080077,19.149999618530273,21.202161496584583
212,2021-05-05,CAT,234.6199951171875,239.3300018310547,231.85000610351562,226.45860290527344,3690600.0,2.0,1.8803736271698597,224.18176671124414,214.5179021730332,61.57981155095612,207.41189199131938,19.86772822736716,218.81620330810546,211.86978073120116,19.149999618530273,21.202161496584583
212,2021-05-05,CRM,218.82000732421875,219.57000732421875,214.83999633789062,215.39999389648438,4205800.0,2.0,0.45751161255677175,240.77952992913913,218.30747110845851,44.582396810108186,-62.64424230366797,24.943980070965996,224.28199971516926,224.04449946085612,19.149999618530273,21.202161496584583
212,2021-05-05,CSCO,50.9900016784668,51.25,50.68000030517578,47.446006774902344,16205300.0,2.0,0.19901650726546904,48.91594104692689,46.8965974815155,56.08418215764548,-91.74579891158824,16.459872958492916,47.8472646077474,45.69405225118001,19.149999618530273,21.202161496584583
212,2021-05-05,CVX,107.08999633789062,109.54000091552734,106.81999969482422,98.53697204589844,12872400.0,2.0,0.6844671041906878,97.36895985553927,89.86936259319118,59.025137187140245,202.44889821311662,26.191218136878643,94.15272165934245,93.18763936360678,19.149999618530273,21.202161496584583
212,2021-05-05,DIS,185.00999450683594,185.00999450683594,181.36000061035156,181.50999450683594,5901700.0,2.0,-1.1267128111518048,188.8979221408369,181.28907737088184,47.39715607249952,-125.53522971187397,2.755438569182282,185.63600006103516,188.785999806722,19.149999618530273,21.202161496584583
212,2021-05-05,GS,352.0,359.1400146484375,348.54998779296875,335.93701171875,2786800.0,2.0,5.629981825077266,336.53762177670086,303.68161650454914,63.17878819385672,161.62130649524067,26.14326574219253,315.9892333984375,311.5387578328451,19.149999618530273,21.202161496584583
212,2021-05-05,HD,334.25,334.25,331.1600036621094,312.7034606933594,3227200.0,2.0,7.343469838447788,313.5684415865722,295.9409212063966,67.2341192850678,120.87156989640694,48.71132655941328,299.0827616373698,276.9907778422038,19.149999618530273,21.202161496584583
212,2021-05-05,HON,226.2899932861328,227.27000427246094,225.75999450683594,215.3793487548828,2713900.0,2.0,1.6212931666891848,222.2550331905241,208.84737922402667,58.31582489233697,49.609809499182376,1.63761627492724,212.65412038167318,204.93458201090496,19.149999618530273,21.202161496584583
212,2021-05-05,IBM,139.52198791503906,139.52198791503906,138.5946502685547,122.96061706542969,5229895.0,2.0,3.048838726579561,126.26022907164034,109.32937130067413,63.82349483192592,121.99872881439198,49.109297008165534,116.41267115275065,110.64354654947917,19.149999618530273,21.202161496584583
212,2021-05-05,INTC,56.959999084472656,57.29999923706055,56.459999084472656,52.570579528808594,21001900.0,2.0,-1.706781707981591,64.0331771200918,49.977010791895495,43.41807112707889,-130.426168910481,37.676925578063155,57.85722783406575,57.59922949473063,19.149999618530273,21.202161496584583
212,2021-05-05,JNJ,167.5,168.39999389648438,166.7899932861328,156.31729125976562,7792300.0,2.0,0.9654970703832078,157.56488636939784,148.44629374534824,57.02712082095943,168.52249630824903,22.713001306451318,153.07311045328777,151.75756912231446,19.149999618530273,21.202161496584583
212,2021-05-05,JPM,156.0,158.27999877929688,154.6300048828125,146.5476531982422,10506700.0,2.0,0.8721245807988964,147.10029815462514,137.35582977506238,59.06689189256988,159.36504658921146,15.301210631398757,142.14765370686848,140.3973871866862,19.149999618530273,21.202161496584583
212,2021-05-05,KO,54.13999938964844,54.2400016784668,53.709999084472656,50.096275329589844,9665900.0,2.0,0.4703663664631961,50.869470959695015,48.971477145163384,57.50982382619103,60.856711463972694,20.404254114791208,49.610464604695636,48.1001953125,19.149999618530273,21.202161496584583
212,2021-05-05,MCD,234.1199951171875,235.35000610351562,231.55999755859375,222.4470977783203,2070000.0,2.0,2.657422453481047,223.87683398349844,217.0376496590797,60.514823312210176,71.72832217276805,10.840368719202448,218.53710530598957,210.24883092244465,19.149999618530273,21.202161496584583
212,2021-05-05,MMM,200.0,201.72000122070312,197.8800048828125,180.8809814453125,2018500.0,2.0,1.8887909291066478,181.74421583263927,174.49809678943103,61.668048711402456,103.676639467713,8.138015091545938,176.7899607340495,169.79323348999023,19.149999618530273,21.202161496584583
212,2021-05-05,MRK,72.614501953125,74.16984558105469,72.27098846435547,68.51325225830078,16795143.0,2.0,-0.029961687804600956,70.0641170278541,65.38491022434316,52.719510257481666,19.88182350864957,4.449182411018999,67.72436752319337,66.65325622558593,19.149999618530273,21.202161496584583
212,2021-05-05,MSFT,249.05999755859375,249.5,245.82000732421875,241.06500244140625,21901300.0,2.0,1.5860803859384305,259.3352598007012,241.83974935457226,51.35203986652007,-27.727422271865972,17.81406031266201,245.18399200439453,237.9553555806478,19.149999618530273,21.202161496584583
212,2021-05-05,NKE,132.6999969482422,134.22000122070312,132.0800018310547,128.86463928222656,6234200.0,2.0,-0.8443332911625134,133.1809137572043,124.68382852184843,47.60853996366113,5.828303441517322,9.011095562941327,129.34418156941732,132.4555372873942,19.149999618530273,21.202161496584583
212,2021-05-05,PG,134.3699951171875,134.97000122070312,133.3699951171875,126.22325897216797,8295900.0,2.0,0.26736340606620956,130.5882687213042,123.78853334168409,51.738194563523805,-39.34275070867389,9.293582864015656,127.20409876505533,123.41030896504721,19.149999618530273,21.202161496584583
212,2021-05-05,TRV,158.1199951171875,159.67999267578125,156.25,150.72337341308594,1453200.0,2.0,1.3590183141007515,151.19128826645158,142.37254840347032,58.684948836993684,138.34252538668935,21.602682213050734,145.81755981445312,143.91422373453776,19.149999618530273,21.202161496584583
212,2021-05-05,UNH,410.5,412.75,406.79998779296875,398.4401550292969,2767600.0,2.0,10.572691378279217,403.6696347133478,354.1578158481756,69.50925732675887,132.65405305118665,62.622320290921564,372.0645792643229,350.5723052978516,19.149999618530273,21.202161496584583
212,2021-05-05,V,233.85000610351562,233.85000610351562,228.66000366210938,225.14552307128906,6523200.0,2.0,3.8398516829720393,232.9574980866843,214.21385201097198,57.09691347537001,74.97290471277988,23.895469857921103,219.17562103271484,214.88032608032228,19.149999618530273,21.202161496584583
212,2021-05-05,VZ,58.630001068115234,59.060001373291016,58.54999923706055,50.65921401977539,17882200.0,2.0,0.24700377233138937,50.89895161724352,48.662078961369765,57.5756208763499,117.04518887523778,25.696966156115508,49.79461466471354,48.75945866902669,19.149999618530273,21.202161496584583
212,2021-05-05,WBA,53.47999954223633,54.58000183105469,53.20000076293945,48.34474563598633,4747800.0,2.0,0.218205951485416,49.04451345327374,46.1814219104958,57.8045089490499,24.980566569283855,10.235850205096819,47.69062805175781,46.06063728332519,19.149999618530273,21.202161496584583
212,2021-05-05,WMT,140.7100067138672,141.1999969482422,140.25,135.27108764648438,6117000.0,2.0,0.9496972688027085,136.5451828168725,132.57111662160406,53.59885923617464,75.14637604377099,31.89824014036048,133.49503275553386,131.3526424407959,19.149999618530273,21.202161496584583
213,2021-05-06,AAPL,127.88999938964844,129.75,127.12999725341797,127.84715270996094,78128300.0,3.0,0.6904115153486714,134.82777820418966,126.5947170655857,50.94418189104199,-12.574313876676191,12.512963506374877,127.82547225952149,125.44767608642579,18.389999389648438,13.006815057155963
213,2021-05-06,AMGN,249.27999877929688,251.47999572753906,246.9600067138672,231.88694763183594,2790800.0,3.0,0.08479148560041949,244.05238586878102,218.18698943639475,54.31443975897996,-0.07988636203611742,4.076968857462964,230.91160837809244,223.32045466105143,18.389999389648438,13.006815057155963
213,2021-05-06,AXP,156.86000061035156,157.50999450683594,154.02000427246094,151.8395233154297,2798800.0,3.0,3.164098379244166,152.78381889388118,137.90737068131415,63.54898402635549,160.97296631467887,23.08931461680527,143.43699544270834,138.82251536051433,18.389999389648438,13.006815057155963
213,2021-05-06,BA,229.3000030517578,231.1699981689453,226.5500030517578,229.80999755859375,11857100.0,3.0,-3.7356584178331786,256.7163825420312,224.29761739693362,47.318966902059145,-126.17301541505124,31.84088395579774,244.48233286539713,238.0449996948242,18.389999389648438,13.006815057155963
213,2021-05-06,CAT,238.0,240.97999572753906,236.0,225.68748474121094,4527000.0,3.0,2.1871383546742322,225.28684797382013,214.13891343975408,60.9097481847895,245.77169306440217,23.493163060170165,219.3504430135091,212.51519190470378,18.389999389648438,13.006815057155963
213,2021-05-06,CRM,215.80999755859375,218.27999877929688,213.5,218.0500030517578,5200000.0,3.0,-0.24471023493325106,241.39584570580448,217.05115594214473,46.17794754303835,-65.61359342316656,27.619487243488628,224.56599985758464,223.73366622924806,18.389999389648438,13.006815057155963
213,2021-05-06,CSCO,51.06999969482422,52.709999084472656,50.95000076293945,48.661617279052734,27106800.0,3.0,0.2685965339413059,48.9902859359783,46.871432814021695,60.106107711131415,61.91955945916648,11.170491963966189,47.944495391845706,45.7603266398112,18.389999389648438,13.006815057155963
213,2021-05-06,CVX,108.94999694824219,109.12999725341797,107.41999816894531,98.59122467041016,9654900.0,3.0,0.932704631984862,98.2392784733222,89.54164727741022,59.0852858168717,180.71901541020932,26.191218136878646,94.2829465230306,93.478955078125,18.389999389648438,13.006815057155963
213,2021-05-06,DIS,182.77999877929688,182.99000549316406,179.80999755859375,181.7899932861328,6944900.0,3.0,-1.2532945212026618,188.74199338251293,180.89200472539721,47.66683835816804,-154.4262337374878,8.856255240844066,185.5383331298828,188.67899958292642,18.389999389648438,13.006815057155963
213,2021-05-06,GS,359.7699890136719,366.29998779296875,356.5,343.78076171875,3048700.0,3.0,6.661164392652381,340.70185910186007,302.78919619599145,65.6427531777973,196.78492630475165,34.75549673716273,317.1578084309896,312.58279673258465,18.389999389648438,13.006815057155963
213,2021-05-06,HD,333.6700134277344,337.80999755859375,333.2300109863281,317.9112548828125,3539600.0,3.0,7.700364990329092,315.50847624218596,296.18101045215,69.2227106886128,149.1851847083781,54.225608342157535,300.4900309244792,277.9722796122233,18.389999389648438,13.006815057155963
213,2021-05-06,HON,227.25,228.82000732421875,225.4499969482422,217.73130798339844,2052900.0,3.0,1.7926576755432393,222.06213339069467,209.87822152873895,60.15419954435002,63.19038074873887,7.823228639941961,213.1759292602539,205.3714907328288,18.389999389648438,13.006815057155963
213,2021-05-06,IBM,138.87188720703125,141.97897338867188,138.79541015625,125.67013549804688,7848661.0,3.0,3.2384371480635252,127.35630536678765,109.3594310223725,66.30539337395331,137.56849878347495,54.82362557730863,116.91505788167318,111.01497433980306,18.389999389648438,13.006815057155963
213,2021-05-06,INTC,56.619998931884766,57.25,56.25,53.21070861816406,25529300.0,3.0,-1.688337863917603,63.37379719062353,49.75718501762842,44.71634057006381,-114.23497344781836,38.862769025520116,57.71858812967936,57.58015302022298,18.389999389648438,13.006815057155963
213,2021-05-06,JNJ,166.7899932861328,167.88999938964844,166.24000549316406,156.94418334960938,5529900.0,3.0,1.1162412468445382,158.10576973640588,148.3517131737504,57.80378690601281,149.59456689285258,18.557199699094916,153.25493723551432,151.79656041463215,18.389999389648438,13.006815057155963
213,2021-05-06,JPM,158.07000732421875,160.82000732421875,157.16000366210938,149.49684143066406,13542400.0,3.0,1.333381209807726,148.28909715960293,136.68523145367834,61.54440847635065,236.29128190081556,24.55657743077183,142.48728790283204,140.73738530476888,18.389999389648438,13.006815057155963
213,2021-05-06,KO,54.119998931884766,54.61000061035156,54.04999923706055,50.59723663330078,11572700.0,3.0,0.4775686363431717,50.93099039380385,49.041692177607274,59.57331216506096,103.26740374594142,26.85891676834677,49.70385398864746,48.181373850504556,18.389999389648438,13.006815057155963
213,2021-05-06,MCD,235.5399932861328,235.64999389648438,233.1699981689453,222.27674865722656,1832600.0,3.0,2.535406301914321,223.96602105767397,217.3847617182049,60.28632191202743,81.37063496187584,12.463880480655261,218.87813262939454,210.567472076416,18.389999389648438,13.006815057155963
213,2021-05-06,MMM,201.27999877929688,202.50999450683594,200.4600067138672,181.75196838378906,1840600.0,3.0,2.0175665742492868,182.2074279695751,174.6356063932179,62.44663101717967,137.82448418127777,11.187562133592454,177.14075571695963,170.13667831420898,18.389999389648438,13.006815057155963
213,2021-05-06,MRK,73.89312744140625,74.29389190673828,73.17748260498047,68.58380126953125,12871641.0,3.0,0.05825315566502809,70.12830134799445,65.5226515633825,52.9081501453876,47.02168206147145,3.055680533954824,67.7696314493815,66.70312856038412,18.389999389648438,13.006815057155963
213,2021-05-06,MSFT,246.4499969482422,249.86000061035156,244.69000244140625,244.25352478027344,26491100.0,3.0,1.2149459568692293,259.5304538471973,241.30027430221676,53.34753628822717,-25.723928879371933,20.89857608843678,245.64922688802082,238.06164169311523,18.389999389648438,13.006815057155963
213,2021-05-06,NKE,132.60000610351562,133.83999633789062,131.94000244140625,130.11224365234375,5201000.0,3.0,-0.672871251081034,133.15991787943184,124.68630480733574,48.946048030346816,17.67894531878571,9.631137461950209,129.35490239461262,132.32537778218588,18.389999389648438,13.006815057155963
213,2021-05-06,PG,134.00999450683594,135.3699951171875,133.9199981689453,127.8121566772461,9771100.0,3.0,0.35130129916753106,130.4372231937145,123.82160477869762,54.3867049207092,-5.05655035917869,6.23631641629321,127.31200332641602,123.5251890818278,18.389999389648438,13.006815057155963
213,2021-05-06,TRV,160.0,160.85000610351562,159.16000366210938,151.8683319091797,1007600.0,3.0,1.5757118489809443,151.69350918104098,142.82979404161526,59.752296526544455,182.86398032375646,26.988838810724747,146.17144724527995,144.13726603190105,18.389999389648438,13.006815057155963
213,2021-05-06,UNH,413.0,416.8500061035156,412.55999755859375,400.8260192871094,3058700.0,3.0,10.93624666918896,404.6111960936222,358.0535591554012,70.22104649275806,141.68399880737144,65.86800052973314,373.493169148763,351.9649449666341,18.389999389648438,13.006815057155963
213,2021-05-06,V,229.6300048828125,231.5800018310547,228.66000366210938,227.21812438964844,6124100.0,3.0,3.6490973799949415,233.0364699859613,215.17805180358945,58.49506891586996,69.79114209577953,23.8954698579211,219.93687845865887,215.29157155354818,18.389999389648438,13.006815057155963
213,2021-05-06,VZ,58.90999984741211,59.369998931884766,58.689998626708984,51.177120208740234,14593100.0,3.0,0.33230562255307206,51.13342167962133,48.573484448308356,59.79583445909268,146.03129526990136,29.68489244222538,49.87767486572265,48.829597028096515,18.389999389648438,13.006815057155963
213,2021-05-06,WBA,54.470001220703125,54.560001373291016,53.369998931884766,48.33587646484375,3966100.0,3.0,0.26344293450296874,48.99159571579769,46.205050402366375,57.772148485146964,25.044228859880686,10.235850205096812,47.7699156443278,46.133596102396645,18.389999389648438,13.006815057155963
213,2021-05-06,WMT,140.0,141.36000061035156,139.4499969482422,136.2369384765625,5434000.0,3.0,1.0061875324138896,136.77113325050777,132.52738206931645,55.09286721945372,78.35764743970041,22.51829274312089,133.7674321492513,131.29460029602052,18.389999389648438,13.006815057155963
214,2021-05-07,AAPL,130.85000610351562,131.25999450683594,129.47999572753906,128.52825927734375,78973300.0,4.0,0.5847154863206185,134.81032575559163,126.35903535891032,51.619425474026635,6.69826239926609,3.8777345802671968,128.14872614542642,125.3662353515625,16.690000534057617,14.477626415905752
214,2021-05-07,AMGN,251.77999877929688,255.72999572753906,251.77999877929688,234.5721435546875,2512700.0,4.0,0.5195790853659332,244.36632068141955,218.3584199191664,55.9508791394504,58.432325770314904,12.797890733210846,231.15644429524738,223.58974380493163,16.690000534057617,14.477626415905752
214,2021-05-07,AXP,155.61000061035156,159.25999450683594,155.33999633789062,153.87205505371094,2617800.0,4.0,3.407132793876002,154.1500852085277,137.62512231100354,64.9884451243114,172.81824324088763,28.102433338502507,143.98953297932943,139.32474797566732,16.690000534057617,14.477626415905752
214,2021-05-07,BA,229.8000030517578,235.91000366210938,227.99000549316406,235.47000122070312,12823000.0,4.0,-3.4751449055741546,255.0086706130573,224.3163293869427,49.817042576789696,-87.3344034596179,19.204261233731266,244.09166615804037,238.43749974568684,16.690000534057617,14.477626415905752
214,2021-05-07,CAT,235.63999938964844,241.88999938964844,233.16000366210938,229.41928100585938,3327900.0,4.0,2.700249585600602,227.2829774015488,213.21646717852934,62.92918338228501,251.31497273524516,14.003113137618417,219.9136744181315,213.21585006713866,16.690000534057617,14.477626415905752
214,2021-05-07,CRM,220.50999450683594,221.25,215.08999633789062,216.5,5774700.0,4.0,-0.9157422935350326,241.8657468014495,215.10325496857004,45.38725931352741,-63.96800983215263,17.680506907194797,224.9346664428711,223.39666620890299,16.690000534057617,14.477626415905752
214,2021-05-07,CSCO,52.47999954223633,53.68000030517578,52.220001220703125,49.58028793334961,24146000.0,4.0,0.3933341394125378,49.275283995899066,46.710779389110705,62.771592266836805,232.31223849005838,23.97972529364421,48.045936838785806,45.86126054128011,16.690000534057617,14.477626415905752
214,2021-05-07,CVX,108.08999633789062,110.66999816894531,107.69999694824219,99.49557495117188,10273000.0,4.0,1.1887055136850933,99.20673300878023,89.21627495630766,60.09539978381538,189.06169699388457,32.96965500859797,94.43216298421224,93.76215833028158,16.690000534057617,14.477626415905752
214,2021-05-07,DIS,182.0,185.1199951171875,181.50999450683594,184.83999633789062,6888400.0,4.0,-1.0948805802624122,188.31411543947561,181.01488236325875,50.525059760246066,-63.87502602393706,0.3291717665171894,185.46933288574218,188.59916610717772,16.690000534057617,14.477626415905752
214,2021-05-07,GS,362.29998779296875,371.6499938964844,360.92999267578125,348.4024963378906,3378100.0,4.0,7.761845640083891,345.2747097242429,301.9813358079837,66.9892232835732,202.8797181048236,40.31454750461791,318.4209482828776,313.644292195638,16.690000534057617,14.477626415905752
214,2021-05-07,HD,336.67999267578125,339.80999755859375,335.5299987792969,319.4839172363281,2998100.0,4.0,8.01768479860391,317.88181492595737,295.6930233308786,69.79537755745422,165.10590205478093,57.00187392298975,301.81066080729164,278.9500450134277,16.690000534057617,14.477626415905752
214,2021-05-07,HON,228.1300048828125,229.6999969482422,226.3699951171875,217.8550567626953,1957100.0,4.0,1.9163601685717424,222.20640327302704,209.9063011947464,60.24961934282078,68.37360635730592,11.211807255680084,213.64917500813803,205.80824966430663,16.690000534057617,14.477626415905752
214,2021-05-07,IBM,139.50286865234375,139.71319580078125,138.2122344970703,124.53999328613281,7325661.0,4.0,3.259923858554231,128.08869922475913,109.58850872201822,64.39905004477994,106.8963672178356,50.53493653678953,117.31062494913736,111.3655906677246,16.690000534057617,14.477626415905752
214,2021-05-07,INTC,57.70000076293945,58.0099983215332,57.2400016784668,53.65730667114258,19959000.0,4.0,-1.6190211856934766,62.268150067507,49.91639392358187,45.61692282135692,-90.28011811865139,29.341898727536524,57.59545160929362,57.56728687286377,16.690000534057617,14.477626415905752
214,2021-05-07,JNJ,168.3000030517578,169.17999267578125,167.8300018310547,157.65525817871094,5316200.0,4.0,1.278348878623234,158.69203591251886,148.44378714656318,58.68007159120606,178.85996916457023,24.93133146664687,153.4585952758789,151.8390345255534,16.690000534057617,14.477626415905752
214,2021-05-07,JPM,157.22000122070312,161.5,157.02000427246094,150.0084991455078,14257800.0,4.0,1.7203853811861336,149.31856318700193,136.11721104395508,61.95765519769009,220.93224325366364,26.844269347074263,142.78447519938152,141.08467788696288,16.690000534057617,14.477626415905752
214,2021-05-07,KO,54.439998626708984,54.77000045776367,54.15999984741211,50.569400787353516,10637500.0,4.0,0.4755485394346266,50.974717905836336,49.12134952275253,59.40747644063557,107.67592358895081,29.50160374190125,49.780853525797525,48.263621966044106,16.690000534057617,14.477626415905752
214,2021-05-07,MCD,235.0,235.72000122070312,233.99000549316406,222.25782775878906,1406800.0,4.0,2.4094067234392753,224.10725966127615,217.56152390805977,60.26017727509812,85.01047219702131,12.859711441731925,219.21379750569662,210.91056798299152,16.690000534057617,14.477626415905752
214,2021-05-07,MMM,202.30999755859375,203.8699951171875,201.24000549316406,182.3446502685547,1843600.0,4.0,2.1427464286386737,182.80507529676996,174.49321877061286,62.97600206211938,154.7728166573868,16.300846838991646,177.43917134602864,170.48792266845703,16.690000534057617,14.477626415905752
214,2021-05-07,MRK,74.43701934814453,75.0572509765625,74.32251739501953,69.13931274414062,12237496.0,4.0,0.17101780130762734,70.27802084581593,65.55810281141062,54.39043890686778,107.52109655727209,5.259062858651175,67.83840891520182,66.76444447835287,16.690000534057617,14.477626415905752
214,2021-05-07,MSFT,252.14999389648438,254.3000030517578,251.1699981689453,246.92364501953125,27032900.0,4.0,1.123326626036544,259.49778875700974,241.0013704837129,54.948424168853705,10.794280056089192,4.43572200204424,246.30518595377603,238.22788060506184,16.690000534057617,14.477626415905752
214,2021-05-07,NKE,135.0,139.36000061035156,134.72000122070312,134.32293701171875,10566700.0,4.0,-0.19497107988664197,133.72969654288255,124.34655544076003,53.12420312475384,177.21356602305835,14.830856259297882,129.65283432006837,132.25453402201336,16.690000534057617,14.477626415905752
214,2021-05-07,PG,135.0800018310547,136.02999877929688,134.75999450683594,127.82161712646484,6299100.0,4.0,0.41381585182941194,130.40204109690998,123.82339683033614,54.40211773203092,16.9532670521773,1.2411235644429062,127.39140421549479,123.64727528889973,16.690000534057617,14.477626415905752
214,2021-05-07,TRV,158.3000030517578,161.10000610351562,158.13999938964844,152.1616668701172,1057300.0,4.0,1.7509290957113706,152.26856594267824,143.12147769745846,60.025995154356046,164.65750940763098,19.347558170096026,146.42471923828126,144.38448893229167,16.690000534057617,14.477626415905752
214,2021-05-07,UNH,415.0,419.0199890136719,414.07000732421875,403.4146423339844,1851000.0,4.0,11.30295368809476,407.0069983361138,359.6518181922066,70.98138398413437,141.52332186975732,67.46631473837913,374.9922688802083,353.34025217692056,16.690000534057617,14.477626415905752
214,2021-05-07,V,232.33999633789062,233.22000122070312,230.7100067138672,228.00390625,4528700.0,4.0,3.5207443009384463,233.2704720022582,215.8870246408082,59.018862785502016,80.81345737531163,28.805185563572756,220.72760365804035,215.71722081502278,16.690000534057617,14.477626415905752
214,2021-05-07,VZ,58.79999923706055,59.06999969482422,58.599998474121094,50.68511199951172,15678600.0,4.0,0.3561020797107659,51.2335366687933,48.57953858755436,56.870914557937326,102.63147856395294,27.560159760474917,49.93380241394043,48.892104657491046,16.690000534057617,14.477626415905752
214,2021-05-07,WBA,54.5,55.189998626708984,54.38999938964844,48.39799880981445,4119700.0,4.0,0.30083844518956226,49.03669426918208,46.191015691755425,57.942749637709916,61.820827984913755,17.813037015734757,47.853344980875654,46.183999379475914,16.690000534057617,14.477626415905752
214,2021-05-07,WMT,141.6300048828125,141.72000122070312,139.32000732421875,135.4159393310547,7802800.0,4.0,0.9734869520412417,136.8432822916852,132.54861376544372,53.57599020144539,68.98327282730988,25.08116926092364,133.98360239664714,131.2500207265218,16.690000534057617,14.477626415905752
215,2021-05-10,AAPL,129.41000366210938,129.5399932861328,126.80999755859375,125.21163177490234,88071200.0,0.0,0.23066750912306588,135.2186116005456,125.53938553080208,48.27229403082291,-45.229108993667545,16.055383105975558,128.34106012980143,125.23378690083821,19.65999984741211,19.966950227793102
215,2021-05-10,AMGN,256.0,258.80999755859375,252.05999755859375,233.10496520996094,4079900.0,0.0,0.7372636436044786,244.5338982188589,218.53041147352394,54.84054694972123,64.24205759139448,18.53553294925083,231.14906107584636,223.8601089477539,19.65999984741211,19.966950227793102
215,2021-05-10,AXP,159.75,160.69000244140625,158.5,153.5817108154297,2987600.0,0.0,3.5355552844070246,155.23119433374882,137.61931836156367,64.61139546839381,176.13328628828552,31.97546446941717,144.48575185139973,139.82085494995118,19.65999984741211,19.966950227793102
215,2021-05-10,BA,236.83999633789062,241.10000610351562,232.5,232.92999267578125,14813900.0,0.0,-3.4340578507715804,253.72236944999253,223.94362939033948,48.74400667183296,-63.77811102297878,7.1802818955918895,243.69366607666015,238.80866622924805,19.65999984741211,19.966950227793102
215,2021-05-10,CAT,243.5,245.77999877929688,242.58999633789062,230.96151733398438,3752900.0,0.0,3.1945151336058473,229.32090118771868,212.3893954431407,63.73023852505324,338.73915641175995,22.70066072172169,220.36246541341146,213.93226114908853,19.65999984741211,19.966950227793102
215,2021-05-10,CRM,215.5,215.9600067138672,213.22999572753906,213.88999938964844,5263700.0,0.0,-1.6392490286666543,242.62576561280085,212.85623664549993,44.072725185937905,-98.33153432129929,21.75971101893519,225.09466654459635,222.9408327738444,19.65999984741211,19.966950227793102
215,2021-05-10,CSCO,53.970001220703125,54.13999938964844,53.15999984741211,49.329742431640625,23845600.0,0.0,0.4665940565039506,49.47867195201482,46.65493591236506,61.610217135680095,247.46975820262713,29.15822211771474,48.07576115926107,45.95279763539632,19.65999984741211,19.966950227793102
215,2021-05-10,CVX,111.44000244140625,113.11000061035156,109.5199966430664,99.088623046875,13586500.0,0.0,1.343266103692244,99.89743865079078,89.23005158358421,59.41259113712049,215.2222404127929,41.99241276540899,94.49516576131185,94.04601020812989,19.65999984741211,19.966950227793102
215,2021-05-10,DIS,185.6999969482422,186.97000122070312,184.02999877929688,184.3000030517578,8260300.0,0.0,-1.001366209698574,188.1040284919273,181.00596906666647,50.024663091906746,-15.446606258252793,7.570464433118156,185.41533304850262,188.48899943033854,19.65999984741211,19.966950227793102
215,2021-05-10,GS,373.5,376.9800109863281,368.5,346.32647705078125,3396300.0,0.0,8.370140285224352,348.4794963541237,302.2371845540794,65.7911172409986,198.7110361498409,45.279811203955376,319.7138346354167,314.7017537434896,19.65999984741211,19.966950227793102
215,2021-05-10,HD,340.45001220703125,345.69000244140625,339.5400085449219,321.24493408203125,4840600.0,0.0,8.315407532965253,320.3385258089518,295.15086017737633,70.43266469620744,191.90056595158674,63.8856883763155,302.98186543782555,279.9825853983561,19.65999984741211,19.966950227793102
215,2021-05-10,HON,229.0,232.64999389648438,229.0,219.90232849121094,2391600.0,0.0,2.1547543375375255,222.518654977799,209.81686595725958,61.81460737953952,103.80591369370285,21.54688981507454,214.04307200113934,206.27881393432617,19.65999984741211,19.966950227793102
215,2021-05-10,IBM,139.3881378173828,141.8546905517578,139.3881378173828,125.14788055419922,7304636.0,0.0,3.2881004780886656,128.7583629186979,110.03763241211263,64.95962566714775,116.17398069943842,55.38602873929357,117.6330327351888,111.74510714213054,19.65999984741211,19.966950227793102
215,2021-05-10,INTC,57.150001525878906,57.22999954223633,55.880001068115234,52.075599670410156,35046500.0,0.0,-1.6724389200698226,61.732171204413675,49.61131024089883,43.047659522745086,-105.21024750907871,37.534489923124816,57.33174260457357,57.50031719207764,19.65999984741211,19.966950227793102
215,2021-05-10,JNJ,169.89999389648438,171.52999877929688,169.22999572753906,159.3113250732422,8357500.0,0.0,1.5228961044680318,159.57261111641188,148.370668912885,60.64892841328379,212.62599712337425,34.859411176304036,153.62513936360676,151.92073237101238,19.65999984741211,19.966950227793102
215,2021-05-10,JPM,161.5,163.72999572753906,161.1199951171875,149.9899444580078,14014300.0,0.0,2.0025081001442686,150.26149167287238,135.664576442362,61.93268814800595,251.95213879465348,33.873608111281236,143.00273590087892,141.43767293294272,19.65999984741211,19.966950227793102
215,2021-05-10,KO,54.880001068115234,55.5,54.83000183105469,50.940486907958984,15545800.0,0.0,0.49814879746700313,51.08971497048434,49.15107482443754,60.90821616289565,169.3214682700664,40.063511008804056,49.838680775960285,48.34132086435954,19.65999984741211,19.966950227793102
215,2021-05-10,MCD,235.10000610351562,237.9199981689453,235.10000610351562,224.40618896484375,2031500.0,0.0,2.4546107200065705,224.58610220163663,217.66472940236727,62.18637532973233,128.5651080843794,24.350982249124037,219.5892130533854,211.2915074666341,19.65999984741211,19.966950227793102
215,2021-05-10,MMM,205.0,208.9499969482422,204.05999755859375,186.1698455810547,3212700.0,0.0,2.521546836024754,184.3859108116562,173.7654273841446,66.16083150710747,241.06164785792663,31.945662645895172,177.8118169148763,170.9386884053548,19.65999984741211,19.966950227793102
215,2021-05-10,MRK,75.20992279052734,75.55343627929688,74.58015441894531,68.92768096923828,10939758.0,0.0,0.24053494275838716,70.3803355868026,65.6277309720353,53.72399066420366,112.64015134643965,10.288328613879177,67.86133499145508,66.8244187672933,19.65999984741211,19.966950227793102
215,2021-05-10,MSFT,250.8699951171875,251.72999572753906,247.1199951171875,241.75946044921875,29299900.0,0.0,0.6267859124984057,259.81948217837936,239.82582116634725,51.41823717782742,-36.23386959146579,15.637096080355589,246.6540328979492,238.28088887532553,19.65999984741211,19.966950227793102
215,2021-05-10,NKE,138.0,138.89999389648438,136.3000030517578,132.94859313964844,5669300.0,0.0,0.072039754814341,133.67546845990836,124.37739027422246,51.695720904062206,155.62539158846948,14.830856259297883,129.76362431844075,132.14327583312988,19.65999984741211,19.966950227793102
215,2021-05-10,PG,135.88999938964844,138.4199981689453,135.69000244140625,130.2049560546875,8852700.0,0.0,0.6482025428976073,130.69589038601094,123.68280529269997,58.09256340556073,109.77486036015942,14.348309931130391,127.48853810628255,123.80736071268717,19.65999984741211,19.966950227793102
215,2021-05-10,TRV,161.58999633789062,162.7100067138672,161.08999633789062,152.9754180908203,1214500.0,0.0,1.9331685847361655,152.90063977781526,143.4195399707199,60.79118001748088,197.1235634856772,26.781344807229253,146.67799123128256,144.63884353637695,19.65999984741211,19.966950227793102
215,2021-05-10,UNH,419.2699890136719,425.9800109863281,418.2200012207031,406.544189453125,2489300.0,0.0,11.711101650438536,409.3875160649654,361.5802451655034,71.87934672657033,151.9491655220577,71.96708355335211,376.4221455891927,354.77301228841145,19.65999984741211,19.966950227793102
215,2021-05-10,V,231.60000610351562,232.0,225.16000366210938,221.96298217773438,9627400.0,0.0,2.898163252597328,232.94584768481866,216.65367013744697,53.635679845720105,30.462677986866233,4.432893275308725,221.13491719563802,215.9678632100423,19.65999984741211,19.966950227793102
215,2021-05-10,VZ,59.08000183105469,59.849998474121094,59.02000045776367,51.375648498535156,22563000.0,0.0,0.4257734169534473,51.46590899519748,48.51807309098416,59.73083048253941,163.25057975757088,37.10646450124966,49.99017499287923,48.97124506632487,19.65999984741211,19.966950227793102
215,2021-05-10,WBA,55.2400016784668,55.93000030517578,55.060001373291016,48.91278076171875,6248200.0,0.0,0.36777379080601236,49.113340467561855,46.150759416471345,59.35053528854953,105.07573007274465,25.68920097866273,47.94446652730306,46.26481482187907,19.65999984741211,19.966950227793102
215,2021-05-10,WMT,140.4499969482422,142.0800018310547,140.30999755859375,136.0147705078125,8769200.0,0.0,0.984542979216684,136.9953823687469,132.5478503583039,54.52081785734956,102.1140143577067,27.639710901809668,134.1838150024414,131.21717821757,19.65999984741211,19.966950227793102
216,2021-05-11,AAPL,123.5,126.2699966430664,122.7699966430664,124.28378295898438,126142800.0,1.0,-0.12336562652231464,135.41205907800963,124.52744440099428,47.38311947384182,-102.64066713665335,30.331499947444,128.49655380249024,125.08193321228028,21.84000015258789,17.968432749138362
216,2021-05-11,AMGN,253.16000366210938,255.9600067138672,251.6199951171875,232.8096923828125,2307100.0,1.0,0.8758578310147698,244.6472041488169,218.6339512466909,54.61490438658834,46.68319738341776,17.356350849888045,231.06724294026694,224.09218012491863,21.84000015258789,17.968432749138362
216,2021-05-11,AXP,156.4600067138672,157.7899932861328,153.64999389648438,149.46826171875,3900100.0,1.0,3.267741578000681,155.39291372385438,138.27448282155578,59.547958033918,98.89362260949883,10.41191406658943,144.88860066731772,140.22733586629232,21.84000015258789,17.968432749138362
216,2021-05-11,BA,226.55999755859375,230.1300048828125,223.85000610351562,228.8800048828125,16273200.0,1.0,-3.685808525214071,251.48459588287687,223.74240301849034,47.071617943118824,-115.81391032501404,21.3197785409858,242.9723327636719,239.10699971516928,21.84000015258789,17.968432749138362
216,2021-05-11,CAT,238.77999877929688,242.99000549316406,236.5399932861328,227.81045532226562,3163100.0,1.0,3.293988720041483,230.21670656342266,212.5390688882375,60.94662340132451,190.2144647324964,5.038899707181179,220.6834747314453,214.6018404642741,21.84000015258789,17.968432749138362
216,2021-05-11,CRM,209.0,216.57000732421875,208.91000366210938,215.55999755859375,6097900.0,1.0,-2.0541989070599698,242.60752250882305,211.23047950533712,45.12471928687055,-108.31568269282377,30.33099555217518,225.25433298746745,222.5273328145345,21.84000015258789,17.968432749138362
216,2021-05-11,CSCO,53.099998474121094,53.11000061035156,52.11000061035156,49.023521423339844,20220900.0,1.0,0.49424622955722697,49.594234325008685,46.64794325677842,60.201929339492224,123.4767519385006,10.749931647420265,48.09691365559896,46.043684260050455,21.84000015258789,17.968432749138362
216,2021-05-11,CVX,109.05999755859375,109.58000183105469,106.20999908447266,96.49314880371094,12754800.0,1.0,1.2420063288449654,100.06907496270584,89.46175084295821,55.269360422054405,101.54679181565209,18.80270478293017,94.48853403727213,94.27872708638509,21.84000015258789,17.968432749138362
216,2021-05-11,DIS,181.8000030517578,182.25,178.42999267578125,181.6699981689453,10865600.0,1.0,-1.1264893435301815,188.10702068474887,180.620976141423,47.647082023392436,-161.30247635887858,12.904485840286753,185.30933278401693,188.38899943033854,21.84000015258789,17.968432749138362
216,2021-05-11,GS,363.0,368.6300048828125,358.6199951171875,338.0975646972656,3734300.0,1.0,8.09490074213113,349.10514518121215,304.6400574555066,61.29584824339923,130.18450928872383,24.720688407554896,320.7843994140625,315.5596862792969,21.84000015258789,17.968432749138362
216,2021-05-11,HD,337.54998779296875,338.0,328.2099914550781,311.3944396972656,5500900.0,1.0,7.6681091826635,320.5896686205981,295.8659435620191,62.769185072340726,95.75474183960827,23.244686496682437,303.87525939941406,280.8439313252767,21.84000015258789,17.968432749138362
216,2021-05-11,HON,228.05999755859375,229.25999450683594,224.25,218.2073974609375,3380200.0,1.0,2.181766617502717,222.53616084050648,209.81459446955213,59.7982926948879,44.65953140534979,1.2593413199031789,214.3693608601888,206.69916737874348,21.84000015258789,17.968432749138362
216,2021-05-11,IBM,138.61376953125,138.8049774169922,136.6156768798828,123.47833251953125,7454214.0,1.0,3.1395216276297333,128.67332273717133,111.36323732142242,62.17793984072577,73.46116810724585,36.81685125103399,117.91446533203126,112.09835039774576,21.84000015258789,17.968432749138362
216,2021-05-11,INTC,55.04999923706055,55.630001068115234,54.29999923706055,51.210304260253906,35968100.0,1.0,-1.7642577028549908,61.17637187604268,49.25708797808329,41.71791905862077,-119.35971453465785,45.396949260599165,57.05059547424317,57.40120213826497,21.84000015258789,17.968432749138362
216,2021-05-11,JNJ,170.64999389648438,170.8699951171875,168.27999877929688,158.0107879638672,8217900.0,1.0,1.5933914424365696,159.81783193428882,149.00494791190258,58.388704106656085,163.79568193567593,27.568736616601036,153.71371307373047,151.97269617716472,21.84000015258789,17.968432749138362
216,2021-05-11,JPM,161.0800018310547,162.38999938964844,158.0399932861328,147.49658203125,15451700.0,1.0,2.0018231068784758,150.74508732909172,135.59498225098642,58.64738157747057,162.33765747360872,17.241136836106875,143.21218566894532,141.71859029134114,21.84000015258789,17.968432749138362
216,2021-05-11,KO,55.029998779296875,55.13999938964844,54.04999923706055,50.39313888549805,12986700.0,1.0,0.46651555285198043,51.06220713269418,49.29269093859487,57.65574103740379,90.48674099296429,19.597935951557556,49.853214772542316,48.403916867574054,21.84000015258789,17.968432749138362
216,2021-05-11,MCD,237.74000549316406,237.8000030517578,232.1999969482422,221.33030700683594,3028500.0,1.0,2.216684683971721,224.54808412420545,217.9431374944469,58.021074241235105,70.15422158444075,4.865063911584263,219.79458618164062,211.62698338826496,21.84000015258789,17.968432749138362
216,2021-05-11,MMM,206.60000610351562,206.91000366210938,202.39999389648438,182.92825317382812,2552500.0,1.0,2.531003637405803,184.82247349728118,173.97986872683992,61.5214759177951,160.3847399936194,23.85871146703267,178.05066731770833,171.31312891642253,21.84000015258789,17.968432749138362
216,2021-05-11,MRK,74.26526641845703,75.0572509765625,73.61640930175781,68.30162048339844,12148102.0,1.0,0.242316653654143,70.41128140687107,65.68760622740626,51.7822834773547,59.723639285369124,0.6605729258967272,67.83664499918619,66.87017084757487,21.84000015258789,17.968432749138362
216,2021-05-11,MSFT,244.5500030517578,246.60000610351562,242.57000732421875,240.8302764892578,33641600.0,1.0,0.1564924915528536,259.87925039798415,238.56693948238694,50.81063365337543,-84.53925451443743,26.047070817700067,247.0123326619466,238.31027908325194,21.84000015258789,17.968432749138362
216,2021-05-11,NKE,138.3800048828125,138.3800048828125,135.00999450683594,133.65040588378906,8045400.0,1.0,0.3364003740720136,134.27196572904768,124.12983557100115,52.3722578234558,126.99000026138266,8.373403916012137,129.88156305948894,132.06673520406088,21.84000015258789,17.968432749138362
216,2021-05-11,PG,138.49000549316406,138.7899932861328,136.47000122070312,129.5618438720703,10973700.0,1.0,0.7731495194186238,130.9794975915892,123.65823891964125,56.809120955200754,114.31781618293255,16.476660320773686,127.4978240966797,123.96784820556641,21.84000015258789,17.968432749138362
216,2021-05-11,TRV,161.8699951171875,161.91000366210938,156.32000732421875,148.26324462890625,1180100.0,1.0,1.6780185226543551,152.69461792953575,144.04947081558146,54.537485112933176,90.95462219866707,1.8651183018060093,146.76756693522137,144.82062149047852,21.84000015258789,17.968432749138362
216,2021-05-11,UNH,421.0,422.2900085449219,410.6099853515625,397.66748046875,3024000.0,1.0,11.189302309926404,408.96708644095315,365.59388462838274,65.89612316153429,112.06025581821547,48.03139504709571,377.4730631510417,356.1353083292643,21.84000015258789,17.968432749138362
216,2021-05-11,V,223.74000549316406,226.4199981689453,222.0399932861328,221.48165893554688,7633300.0,1.0,2.338962420445057,232.50183478717116,217.5357720243523,53.235453225984664,-10.138788973629142,6.229523744691533,221.49410044352214,216.2219431559245,21.84000015258789,17.968432749138362
216,2021-05-11,VZ,59.790000915527344,59.790000915527344,58.290000915527344,50.52974319458008,17971900.0,1.0,0.40802747838700526,51.51925827365422,48.544134746975665,55.10064817659029,94.97814208724037,21.135809871819582,49.99984804789225,49.04198010762533,21.84000015258789,17.968432749138362
216,2021-05-11,WBA,55.25,55.45000076293945,53.90999984741211,48.140625,5204200.0,1.0,0.3544283878236101,49.06632870661042,46.16582041753509,56.4200856603363,38.73799650111051,8.427600151834001,47.98558985392253,46.328951327006024,21.84000015258789,17.968432749138362
216,2021-05-11,WMT,140.8699951171875,140.8699951171875,138.32000732421875,134.78814697265625,8821400.0,1.0,0.8841349352622956,137.00699197360217,132.6062877505189,52.26675694116075,14.450045986878125,6.2074542206351255,134.29375254313152,131.15670636494954,21.84000015258789,17.968432749138362
217,2021-05-12,AAPL,123.4000015258789,124.63999938964844,122.25,121.18434143066406,112172300.0,2.0,-0.6465850356088083,136.23397118554593,122.81359198584082,44.5475370642562,-144.68142059826917,31.924410629572975,128.59767456054686,124.91422513326009,27.59000015258789,29.949280513478413
217,2021-05-12,AMGN,251.41000366210938,253.72000122070312,249.67999267578125,231.4532470703125,2431900.0,2.0,0.8662552710825082,244.6890445513972,218.70376550719655,53.567480365668125,17.641220049687995,12.100410703039788,231.100461324056,224.36885096232098,27.59000015258789,29.949280513478413
217,2021-05-12,AXP,154.72000122070312,155.89999389648438,152.07000732421875,147.4066619873047,3487400.0,2.0,2.856218706051351,155.40462147524613,138.73509257504685,57.22293152734785,62.32618786157872,4.467836388414736,145.18670450846355,140.58240877787273,27.59000015258789,29.949280513478413
217,2021-05-12,BA,227.25,229.74000549316406,220.6300048828125,220.77999877929688,14931200.0,2.0,-4.48719989920059,250.0060671770696,222.05593233464913,43.95167718015981,-134.72917269700918,25.816587550435337,241.93133290608725,239.16699981689453,27.59000015258789,29.949280513478413
217,2021-05-12,CAT,241.27000427246094,243.22999572753906,236.44000244140625,225.92550659179688,3668500.0,2.0,3.184019252624097,230.7067596316549,212.59989320037636,59.34265263755414,152.79722930912763,5.61499163944649,220.85130564371744,215.1706637064616,27.59000015258789,29.949280513478413
217,2021-05-12,CRM,213.33999633789062,213.3699951171875,209.0,210.5399932861328,5482500.0,2.0,-2.756348595261784,243.34056273832653,208.74943817720083,42.631114180884836,-135.44371194635013,30.330995552175178,225.27233276367187,221.8931660970052,27.59000015258789,29.949280513478413
217,2021-05-12,CSCO,52.18000030517578,52.43000030517578,51.470001220703125,47.88214111328125,22123300.0,2.0,0.41922832069620597,49.59416080779731,46.66935962372125,55.32569874522092,0.6046114776637628,1.3392048645266144,48.103053665161134,46.127525393168135,27.59000015258789,29.949280513478413
217,2021-05-12,CVX,107.0,110.1500015258789,106.72000122070312,97.09906005859375,11661900.0,2.0,1.196852630093801,100.30430257477488,89.50686991057668,56.010206691876256,114.54472916632577,21.17254090243529,94.5319424947103,94.4933573404948,27.59000015258789,29.949280513478413
217,2021-05-12,DIS,180.6999969482422,182.4600067138672,177.5800018310547,177.85000610351562,8988100.0,2.0,-1.5164115152156512,188.35039999385555,179.41659677128115,44.47123540990785,-188.59605222551477,15.513675638299901,185.05333302815754,188.24733276367186,27.59000015258789,29.949280513478413
217,2021-05-12,GS,363.07000732421875,368.1300048828125,353.2699890136719,332.9122314453125,3309800.0,2.0,7.373362826536038,349.42388266862463,306.11081276594564,58.68217023545552,98.40700155181227,15.27778090413325,321.4854787190755,316.2432413736979,27.59000015258789,29.949280513478413
217,2021-05-12,HD,326.5199890136719,328.79998779296875,316.2699890136719,298.5302734375,5822000.0,2.0,6.047379443811508,320.83865575100765,295.3325539657892,54.724959993888035,-23.301896038189458,3.6667623245935457,304.2576029459635,281.5239418029785,27.59000015258789,29.949280513478413
217,2021-05-12,HON,226.63999938964844,227.25999450683594,219.88999938964844,209.5232696533203,4197100.0,2.0,1.4853157112552253,222.65060588994442,208.81078937372746,50.983808475571,-46.39074657846498,12.990471852206326,214.4312540690104,206.97683919270833,27.59000015258789,29.949280513478413
217,2021-05-12,IBM,137.51434326171875,137.81069946289062,134.93307495117188,120.9782943725586,6233742.0,2.0,2.787902429618441,128.31163255460547,112.59271238558009,58.31000945226311,45.06875623226881,26.97285946795737,118.14473927815756,112.4202278137207,27.59000015258789,29.949280513478413
217,2021-05-12,INTC,54.38999938964844,54.650001525878906,53.41999816894531,49.88911056518555,30232300.0,2.0,-1.9214843635855203,60.82097599037532,48.665589027324884,39.77713937700553,-126.11931140962447,49.203578220903374,56.74791005452474,57.26989510854085,27.59000015258789,29.949280513478413
217,2021-05-12,JNJ,168.5399932861328,169.8000030517578,167.9499969482422,157.3745574951172,6758300.0,2.0,1.5797110978399758,159.86118164643227,149.73630675688804,57.30787340289693,129.96801929847192,25.058257222147713,153.81320343017578,152.03745727539064,27.59000015258789,29.949280513478413
217,2021-05-12,JPM,159.61000061035156,160.77999877929688,157.02999877929688,146.4824981689453,14381700.0,2.0,1.8975780535447484,151.0779366331896,135.84266273204474,57.3670276507748,116.48388459785392,12.348307357579435,143.33233896891275,141.93019587198893,27.59000015258789,29.949280513478413
217,2021-05-12,KO,54.36000061035156,54.560001373291016,53.880001068115234,50.13338851928711,15836500.0,2.0,0.4156944282524222,50.99070572265688,49.45325294128356,56.18289255903179,45.97010627468977,15.660654317767737,49.8807367960612,48.468624114990234,27.59000015258789,29.949280513478413
217,2021-05-12,MCD,232.11000061035156,233.57000732421875,227.57000732421875,215.72750854492188,3198200.0,2.0,1.5580671467094476,225.00716484147762,217.2597602073505,51.51866432900979,-79.18365633269121,17.261888694401208,219.88796742757162,211.85136337280272,27.59000015258789,29.949280513478413
217,2021-05-12,MMM,203.58999633789062,203.6999969482422,198.77000427246094,178.57325744628906,2230600.0,2.0,2.162162399397431,184.78084635238662,174.21185842056258,56.058253831392726,57.28021658707559,8.337408413177169,178.17727661132812,171.6459653218587,27.59000015258789,29.949280513478413
217,2021-05-12,MRK,74.15076446533203,74.9332046508789,73.7595443725586,68.77777862548828,13379711.0,2.0,0.27893526294253945,70.48026935400414,65.75970028100564,53.11550672382822,69.68583269916759,0.6605729258967268,67.86721242268881,66.93478495279948,27.59000015258789,29.949280513478413
217,2021-05-12,MSFT,242.1699981689453,244.3800048828125,238.07000732421875,233.7588348388672,36684400.0,2.0,-0.7778580125416852,261.10059623378413,235.7229740176807,46.48595016421317,-149.86408854136803,34.581330271355554,247.2454396565755,238.24279200236003,27.59000015258789,29.949280513478413
217,2021-05-12,NKE,135.4199981689453,136.82000732421875,133.33999633789062,130.01475524902344,5865100.0,2.0,0.24966348240857883,134.3377977878641,124.17414297751677,48.71580534897141,41.96096493761524,0.5487291311807316,129.89585851033527,131.93624738057454,27.59000015258789,29.949280513478413
217,2021-05-12,PG,136.49000549316406,137.0,135.49000549316406,128.19046020507812,8853700.0,2.0,0.7528335017258172,131.0380160743247,123.67557340321439,54.16912551630496,43.315626379966076,8.82052019317223,127.5278081258138,124.10078035990396,27.59000015258789,29.949280513478413
217,2021-05-12,TRV,157.66000366210938,157.6699981689453,153.66000366210938,145.48133850097656,1343300.0,2.0,1.2370734720983592,152.77149815325114,143.8136260532918,51.31364537949271,-2.8240007193737147,13.514136697003037,146.75873616536458,144.93313547770182,27.59000015258789,29.949280513478413
217,2021-05-12,UNH,409.2900085449219,410.8500061035156,404.67999267578125,391.55322265625,2888100.0,2.0,10.165224684198506,407.14437458803013,370.2892313690011,62.20650091389362,71.15753106028937,32.651763951684444,378.49725545247395,357.45377044677736,27.59000015258789,29.949280513478413
217,2021-05-12,V,223.6300048828125,225.0,220.30999755859375,216.71766662597656,7721300.0,2.0,1.4941536934034048,232.71406568904675,217.19093614200793,49.45681106323967,-50.57757716003135,11.58033820147477,221.77994079589843,216.43034769694012,27.59000015258789,29.949280513478413
217,2021-05-12,VZ,58.25,58.900001525878906,58.150001525878906,50.41753005981445,14718600.0,2.0,0.3805226043335779,51.555448928960125,48.56922911059066,54.520677566883364,50.99458486502273,18.310568370567573,50.012612406412764,49.111556688944496,27.59000015258789,29.949280513478413
217,2021-05-12,WBA,54.13999938964844,54.33000183105469,52.939998626708984,47.075557708740234,5481600.0,2.0,0.2549708848984551,48.97950218464741,46.12572814677349,52.70669378656429,-50.62098106433168,3.519443828793191,47.987365086873375,46.39350617726644,27.59000015258789,29.949280513478413
217,2021-05-12,WMT,138.8699951171875,138.97999572753906,135.91000366210938,131.30128479003906,8666100.0,2.0,0.5172378043739911,137.35777192768316,131.98167661968014,46.60114737940679,-156.9832982761725,12.757099927463154,134.3172861735026,131.01911760965984,27.59000015258789,29.949280513478413
218,2021-05-13,AAPL,124.58000183105469,126.1500015258789,124.26000213623047,123.35592651367188,105861300.0,3.0,-0.875914423164744,136.15241159331444,121.97697225678323,46.85277560463008,-111.99970443508812,23.18177948723826,128.69727579752603,124.8213057200114,23.1299991607666,15.474040962621839
218,2021-05-13,AMGN,250.1699981689453,254.08999633789062,249.7899932861328,232.5974578857422,3275300.0,3.0,0.940136119419634,244.43835084145326,218.67209532553892,54.33176061560096,24.344299406381023,12.895728460718987,231.2007329305013,224.62199223836262,23.1299991607666,15.474040962621839
218,2021-05-13,AXP,152.41000366210938,154.80999755859375,151.80999755859375,149.12948608398438,2269700.0,3.0,2.638684261882588,155.5693721813687,139.10750922732274,58.61966917283677,59.03692381291295,3.487765460519336,145.59450073242186,141.00029080708822,23.1299991607666,15.474040962621839
218,2021-05-13,BA,223.0,229.27000427246094,219.07000732421875,222.63999938964844,16503400.0,3.0,-4.915558335552873,247.89859283700997,221.31640655263845,44.8204699874057,-126.21534549690843,27.94918719023944,240.86199951171875,239.285666402181,23.1299991607666,15.474040962621839
218,2021-05-13,CAT,236.0399932861328,240.99000549316406,234.57000732421875,228.54345703125,2228100.0,3.0,3.270415069588239,231.5967589722482,212.52825323478305,60.8239839485251,124.29407857832092,0.5348782029745371,221.14462585449218,215.78438339233398,23.1299991607666,15.474040962621839
218,2021-05-13,CRM,212.97000122070312,215.63999938964844,210.47000122070312,211.86000061035156,5337000.0,3.0,-3.1697547627726976,243.06034328740398,206.9156576891585,43.48069652309559,-120.10570717276927,22.287085977258187,225.27199961344402,221.2964993794759,23.1299991607666,15.474040962621839
218,2021-05-13,CSCO,52.11000061035156,52.810001373291016,51.880001068115234,48.70802688598633,15864000.0,3.0,0.4215587007992738,49.651898428231675,46.69049849864821,57.879461814568714,74.74102714960131,6.387916465137228,48.13856595357259,46.229123751322426,23.1299991607666,15.474040962621839
218,2021-05-13,CVX,106.06999969482422,107.87000274658203,105.44000244140625,96.4750747680664,9706300.0,3.0,1.0980598500034517,100.45420521065921,89.65178386404781,55.03906493813156,64.51085375120135,13.23892590117269,94.58891626993815,94.65553614298503,23.1299991607666,15.474040962621839
218,2021-05-13,DIS,178.3699951171875,180.75,175.8000030517578,178.33999633789062,12332200.0,3.0,-1.7655375111989713,188.49746000260586,178.51053712874182,44.95805184000669,-192.72294352612522,20.823444784666545,184.8473327636719,188.11233266194662,23.1299991607666,15.474040962621839
218,2021-05-13,GS,353.25,360.8900146484375,353.25,337.05487060546875,2673900.0,3.0,7.0544953575605405,350.2448089604858,307.19304809517826,60.08867391332035,85.38144030007176,15.242932546032625,322.4815226236979,316.9836771647135,23.1299991607666,15.474040962621839
218,2021-05-13,HD,319.0,327.4200134277344,318.69000244140625,306.459716796875,5159800.0,3.0,5.341209125016462,320.8413029967985,295.5822992981234,58.14527808810576,2.5608217447679262,3.6667623245935546,304.89076538085936,282.24985376993817,23.1299991607666,15.474040962621839
218,2021-05-13,HON,218.8300018310547,224.8699951171875,218.74000549316406,213.893310546875,2904700.0,3.0,1.271343867826289,222.28570207771082,208.6795384008048,54.47699363692866,-46.46329453517797,16.311058582913816,214.6711908976237,207.35167770385743,23.1299991607666,15.474040962621839
218,2021-05-13,IBM,135.2294464111328,138.52772521972656,135.06692504882812,123.4355239868164,4807207.0,3.0,2.676664651919424,127.9532643684958,114.06882349161164,60.790061763646044,57.695132387405806,29.290398778183157,118.49812749226888,112.78447036743164,23.1299991607666,15.474040962621839
218,2021-05-13,INTC,54.040000915527344,54.38999938964844,53.459999084472656,50.25197219848633,29192500.0,3.0,-1.9938241599220774,60.08570841725734,48.41349659983251,40.56275495492133,-115.02333594157484,49.20357822090337,56.450230534871416,57.154191398620604,23.1299991607666,15.474040962621839
218,2021-05-13,JNJ,166.97000122070312,170.6999969482422,166.97000122070312,159.02130126953125,8018600.0,3.0,1.6823546492022956,160.12752378827508,150.3653717195374,59.323929675589746,131.3454743922775,17.705014521541127,153.98816782633463,152.12052103678386,23.1299991607666,15.474040962621839
218,2021-05-13,JPM,158.17999267578125,162.4499969482422,157.67999267578125,150.25042724609375,15395000.0,3.0,2.094855296505415,152.03001522369837,135.75859561614536,60.66756287936282,151.82230475052782,18.369637808441407,143.64745686848957,142.1976636250814,23.1299991607666,15.474040962621839
218,2021-05-13,KO,53.970001220703125,54.779998779296875,53.83000183105469,50.569400787353516,15475800.0,3.0,0.4059216548278286,50.973978744988315,49.57944837903513,58.0440161701472,67.07019296001596,19.334311721314375,49.93639920552572,48.54274508158366,23.1299991607666,15.474040962621839
218,2021-05-13,MCD,228.0,231.0800018310547,227.8800048828125,217.45944213867188,2819200.0,3.0,1.1624604495329152,225.1564988037481,216.96751700435738,53.1960039468293,-96.31183522803592,17.26188869440121,220.06558024088542,212.1293795267741,23.1299991607666,15.474040962621839
218,2021-05-13,MMM,198.63999938964844,204.0399932861328,198.38999938964844,182.64993286132812,1684300.0,3.0,2.1737490705404525,185.12250365544517,174.4026825017814,59.53773106954969,86.18039448219056,6.839174463303638,178.49844106038412,172.04644673665365,23.1299991607666,15.474040962621839
218,2021-05-13,MRK,74.32251739501953,75.37213897705078,74.08396911621094,69.38619995117188,10830451.0,3.0,0.3529813416367915,70.62132951071565,65.7976394529074,54.76865647481677,98.01997497644325,4.284665803546457,67.91424001057943,66.9907465616862,23.1299991607666,15.474040962621839
218,2021-05-13,MSFT,241.8000030517578,245.60000610351562,241.4199981689453,237.70045471191406,29624300.0,3.0,-1.1866033120588213,260.88397339521424,234.32871581377017,48.989462032261024,-123.52619218337149,30.226014400834355,247.4821329752604,238.22371978759764,23.1299991607666,15.474040962621839
218,2021-05-13,NKE,133.6999969482422,135.02999877929688,132.49000549316406,130.22918701171875,6284300.0,3.0,0.19596772804499096,134.33244039990498,124.17365167162822,48.933338939286024,12.411961862559602,3.2518367005501507,129.91925023396809,131.77237027486166,23.1299991607666,15.474040962621839
218,2021-05-13,PG,135.88999938964844,138.52999877929688,135.38999938964844,130.25225830078125,8753600.0,3.0,0.8928110168462098,131.2612135619367,123.58028881843438,57.258332361218365,95.52470661493197,17.834022756869935,127.62714538574218,124.25961786905924,23.1299991607666,15.474040962621839
218,2021-05-13,TRV,152.80999755859375,158.74000549316406,152.75,149.27569580078125,1315400.0,3.0,1.1801897729623079,152.8243115627186,144.0825289524181,55.06176431709693,32.393654986319895,8.001444987834704,146.99087626139323,145.09273401896158,23.1299991607666,15.474040962621839
218,2021-05-13,UNH,406.2799987792969,413.17999267578125,404.32000732421875,394.6344909667969,2637500.0,3.0,9.492840829165232,407.3116246939438,371.91375677578276,63.278397030474636,75.05674386012895,35.46775840237314,379.67213033040366,358.7876541137695,23.1299991607666,15.474040962621839
218,2021-05-13,V,221.50999450683594,224.89999389648438,220.88999938964844,220.0917510986328,6650100.0,3.0,1.0843968572903293,232.8217083792948,216.86571990439663,51.95536027494687,-41.34720780422127,11.580338201474758,222.1838175455729,216.70137201944988,23.1299991607666,15.474040962621839
218,2021-05-13,VZ,58.0,59.189998626708984,57.959999084472656,50.76279830932617,13305100.0,3.0,0.3821795279925553,51.629794538161356,48.5906953452615,55.99498369072012,63.8668018596382,22.32211313119984,50.049410883585615,49.14646606445312,23.1299991607666,15.474040962621839
218,2021-05-13,WBA,52.83000183105469,54.529998779296875,52.41999816894531,48.05186080932617,3445300.0,3.0,0.2520244175833497,49.01473837876332,46.12776841139782,55.48496499689499,-28.843054691790293,9.249573285436067,47.9648806254069,46.46817855834961,23.1299991607666,15.474040962621839
218,2021-05-13,WMT,136.22999572753906,138.97999572753906,135.75999450683594,133.52284240722656,7158400.0,3.0,0.4011066108397472,137.33795797374444,131.86900308582585,50.16179913797403,-125.96719628697497,13.78145864588862,134.4119852701823,130.8939634958903,23.1299991607666,15.474040962621839
219,2021-05-14,AAPL,126.25,127.88999938964844,125.8499984741211,125.80387878417969,81918000.0,4.0,-0.850328270204642,135.81371649350922,121.67578851137357,49.310117952878464,-78.00555064782485,13.885280267426268,128.85055567423504,124.78774388631184,18.809999465942383,16.718816211709022
219,2021-05-14,AMGN,252.88999938964844,254.58999633789062,251.14999389648438,233.5917510986328,2286800.0,4.0,1.066623010519237,244.19283715170198,218.68115424234097,54.997642703358224,36.700959324867966,14.019534427139114,231.3230748494466,224.93907216389974,18.809999465942383,16.718816211709022
219,2021-05-14,AXP,155.38999938964844,157.94000244140625,154.52999877929688,152.10084533691406,1892700.0,4.0,2.675212324241784,156.1127758967608,139.25710172775092,60.8976207405763,101.21532060270638,13.884037127275489,146.00036061604817,141.46882146199545,18.809999465942383,16.718816211709022
219,2021-05-14,BA,225.99000549316406,228.80999755859375,224.35000610351562,228.47000122070312,10162400.0,4.0,-4.730077667134452,245.52630831158015,221.71769193256048,47.461134025960156,-94.787530121999,27.94918719023945,240.04566599527996,239.61883316040038,18.809999465942383,16.718816211709022
219,2021-05-14,CAT,242.0,243.35000610351562,240.0800018310547,230.5997314453125,2041600.0,4.0,3.4648676991623972,232.788193597684,212.28120032321445,61.95041847841618,166.48469254506048,6.595942907219089,221.4790049235026,216.46996612548827,18.809999465942383,16.718816211709022
219,2021-05-14,CRM,214.19000244140625,218.27000427246094,214.14999389648438,217.66000366210938,4429000.0,4.0,-2.994847616234779,242.32238540524213,206.22861557132035,47.045280664103146,-81.20825462126882,13.60339511875122,225.23666636149088,220.80733286539714,18.809999465942383,16.718816211709022
219,2021-05-14,CSCO,52.93000030517578,53.220001220703125,52.599998474121094,49.088478088378906,14789400.0,4.0,0.4489297930845666,49.66795450438395,46.68372243653402,58.99644485718395,131.26649837261678,11.604982248009698,48.17846781412761,46.33568096160889,18.809999465942383,16.718816211709022
219,2021-05-14,CVX,107.80000305175781,109.81999969482422,107.80000305175781,98.99818420410156,9124100.0,4.0,1.2094182838613534,100.94118884883477,89.75352626957343,58.0794423368438,126.41950301032365,21.598416489179407,94.70105463663737,94.87363293965657,18.809999465942383,16.718816211709022
219,2021-05-14,DIS,172.92999267578125,174.91000366210938,168.77999877929688,173.6999969482422,33149400.0,4.0,-2.310744011941921,189.17143860605478,176.48055876943351,41.40234526810654,-304.4141119016491,37.407565032333046,184.3383326212565,187.95733261108398,18.809999465942383,16.718816211709022
219,2021-05-14,GS,362.0,369.510009765625,361.70001220703125,346.4110412597656,2732300.0,4.0,7.470638499787924,352.5881082727107,307.3353200720158,63.02908376441025,126.84763400291376,25.609469908894265,323.76939798990884,317.9243392944336,18.809999465942383,16.718816211709022
219,2021-05-14,HD,326.2900085449219,327.32000732421875,321.8599853515625,304.7740173339844,3998000.0,4.0,4.592601549148526,320.7179348114235,295.2866001006859,57.19505228257904,1.3602793063209557,3.6667623245935657,305.3892588297526,282.91444829305016,18.809999465942383,16.718816211709022
219,2021-05-14,HON,225.74000549316406,228.22999572753906,224.86000061035156,217.41232299804688,2081300.0,4.0,1.3699328029218805,221.66498939388475,208.93984611636915,57.02808110351783,30.801038477789728,3.9239185977212454,215.03699798583983,207.7595698038737,18.809999465942383,16.718816211709022
219,2021-05-14,IBM,138.72848510742188,139.28298950195312,137.62905883789062,123.87217712402344,2873780.0,4.0,2.5938419749020056,127.51287066192008,115.58510525971077,61.21420818553585,72.64290451427911,31.72990107812636,118.86691767374674,113.14526570638021,18.809999465942383,16.718816211709022
219,2021-05-14,INTC,54.599998474121094,55.849998474121094,54.2599983215332,51.49873733520508,28158300.0,4.0,-1.928321947741857,59.14584336320564,48.51564536054924,43.19659809575102,-88.7925719932358,31.785931908347603,56.17715644836426,57.06296577453613,18.809999465942383,16.718816211709022
219,2021-05-14,JNJ,171.47999572753906,171.61000061035156,170.1699981689453,159.26454162597656,5797700.0,4.0,1.7630050423883006,160.5323783250039,150.70715567157816,59.61533947753346,153.33805183799367,22.24325252181859,154.21864674886066,152.2063985188802,18.809999465942383,16.718816211709022
219,2021-05-14,JPM,162.38999938964844,164.4499969482422,161.99000549316406,152.5855712890625,10584000.0,4.0,2.4118235410390128,153.37618150482916,135.40882368315914,62.52744850339924,190.67041158808894,24.968282430233497,143.99478454589843,142.4964968363444,18.809999465942383,16.718816211709022
219,2021-05-14,KO,54.900001525878906,55.099998474121094,54.689998626708984,50.773502349853516,11725300.0,4.0,0.409920641833331,51.01837380910379,49.6324619910671,58.8895950866121,121.15291338176547,24.45104287888204,50.00504964192708,48.61045366923015,18.809999465942383,16.718816211709022
219,2021-05-14,MCD,230.7100067138672,232.63999938964844,230.47000122070312,219.30499267578125,1943100.0,4.0,0.9864881746536582,225.16308722478522,216.83221764582026,54.915463638078656,-40.877139913739036,8.451451840651385,220.27095591227214,212.4071139017741,18.809999465942383,16.718816211709022
219,2021-05-14,MMM,204.0,205.1199951171875,203.00999450683594,183.5209197998047,1475400.0,4.0,2.2275353171487495,185.58845607196795,174.45753697002422,60.233685488277565,133.10197344334472,10.595469770830638,178.84803924560546,172.42073771158854,18.809999465942383,16.718816211709022
219,2021-05-14,MRK,75.43893432617188,75.52481079101562,74.63740539550781,69.03349304199219,8273122.0,4.0,0.37883590806798395,70.68536882751779,65.80590467101736,53.63453318128725,99.41281222316965,6.001668684957167,67.9495107014974,67.04272371927897,18.809999465942383,16.718816211709022
219,2021-05-14,MSFT,245.5800018310547,249.17999267578125,245.49000549316406,242.70819091796875,23901100.0,4.0,-1.093845278866354,259.9587930733742,234.02250728062972,51.94419125579212,-74.49249199501367,18.224723157806803,247.67122701009114,238.29479319254557,18.809999465942383,16.718816211709022
219,2021-05-14,NKE,134.33999633789062,136.67999267578125,134.0500030517578,132.490478515625,4367900.0,4.0,0.3320530806011561,134.5666387942809,124.09735275234999,51.191867918285396,71.79573044841642,4.257606550374859,130.02971522013345,131.6283484141032,18.809999465942383,16.718816211709022
219,2021-05-14,PG,137.6699981689453,139.10000610351562,137.6699981689453,130.5265350341797,5989500.0,4.0,1.0141851511079665,131.5280008457498,123.46790522114472,57.651154997321925,134.71053434947737,20.9462548271635,127.77164967854817,124.406267674764,18.809999465942383,16.718816211709022
219,2021-05-14,TRV,157.75999450683594,160.86000061035156,157.42999267578125,151.87774658203125,1001200.0,4.0,1.3297443186054352,153.2746369956306,144.06367477194755,57.388940375046936,120.05694436333478,2.07104157460284,147.3028121948242,145.3076202392578,18.809999465942383,16.718816211709022
219,2021-05-14,UNH,410.989990234375,412.5899963378906,408.5,395.83221435546875,2072900.0,4.0,8.953408724982864,407.4897083227576,373.55062676025017,63.692475362588944,79.51034342575208,35.46775840237313,381.04791564941405,360.1166346232096,18.809999465942383,16.718816211709022
219,2021-05-14,V,225.82000732421875,227.50999450683594,224.9199981689453,223.23956298828125,4777200.0,4.0,1.002112001307097,232.81817509336835,216.95369227723714,54.1431499314415,1.0349504347134624,1.586910124588511,222.52465362548827,216.99473673502604,18.809999465942383,16.718816211709022
219,2021-05-14,VZ,59.0099983215332,59.2599983215332,58.66999816894531,50.65921401977539,13770000.0,4.0,0.3708592310889216,51.66519234708373,48.59068648287233,55.43723857159259,82.54464433709425,23.29405652111962,50.07848637898763,49.1797913869222,18.809999465942383,16.718816211709022
219,2021-05-14,WBA,54.560001373291016,54.90999984741211,54.25,48.55776596069336,2944100.0,4.0,0.2872009647522731,49.13624787551022,46.13140387314701,56.84397935349535,49.13942716584533,4.405690847293209,47.96369743347168,46.553827095031735,18.809999465942383,16.718816211709022
219,2021-05-14,WMT,138.80999755859375,140.24000549316406,138.42999267578125,134.75914001464844,5363900.0,4.0,0.404171648852639,137.29457959947712,131.86022539319868,52.00422200490973,-14.019717922541446,2.9300978932242914,134.55462900797525,130.9417517344157,18.809999465942383,16.718816211709022
220,2021-05-17,AAPL,126.81999969482422,126.93000030517578,125.16999816894531,124.63912963867188,74244600.0,0.0,-0.9135062500603937,135.34862022338822,121.31752510131881,48.212879896839986,-100.79609549091663,16.51732583747169,128.86975377400717,124.73214187622071,19.719999313354492,14.602674754096912
220,2021-05-17,AMGN,252.2899932861328,254.66000366210938,250.63999938964844,234.52099609375,1922200.0,0.0,1.227694984518081,243.99902181263826,218.70745096568203,55.62321557352268,37.7539212337894,12.437836480910935,231.38873036702475,225.28455810546876,19.719999313354492,14.602674754096912
220,2021-05-17,AXP,157.0500030517578,157.3800048828125,155.8800048828125,151.82017517089844,1541400.0,0.0,2.6509547835106844,156.49679620348212,139.67835333265072,60.57179505565923,96.11875861994474,13.8840371272755,146.34879353841146,141.88088734944662,19.719999313354492,14.602674754096912
220,2021-05-17,BA,226.24000549316406,228.25999450683594,223.5800018310547,227.97999572753906,9559300.0,0.0,-4.569942793416459,243.8736681729554,221.7533322542907,47.264469758650016,-95.43389898274117,29.09880292747924,238.99966634114583,239.79399973551432,19.719999313354492,14.602674754096912
220,2021-05-17,CAT,242.74000549316406,245.4499969482422,241.1199951171875,233.0368194580078,1998400.0,0.0,3.7721425330419436,234.37817058415925,211.97124195246187,63.24611224465083,173.34869326298673,11.713262623438983,221.86397806803384,217.03837458292642,19.719999313354492,14.602674754096912
220,2021-05-17,CRM,216.58999633789062,217.72000122070312,212.82000732421875,215.05999755859375,3816100.0,0.0,-3.031090679299041,241.749129567603,205.25787116481888,45.70844531289658,-91.294451857989,16.79725465168603,225.0623331705729,220.28233286539714,19.719999313354492,14.602674754096912
220,2021-05-17,CSCO,52.7599983215332,53.150001525878906,52.68000030517578,49.12559127807617,15731000.0,0.0,0.4682189683485092,49.682766982628365,46.67726147501324,59.10588233812558,124.82304671666252,11.604982248009717,48.19486147562663,46.4529914855957,19.719999313354492,14.602674754096912
220,2021-05-17,CVX,109.08999633789062,110.87999725341797,108.97000122070312,100.20999908447266,12692900.0,0.0,1.3795513688353367,101.60188294769424,89.77560881255968,59.44211307754607,142.39377376723917,25.755183299878276,94.89096628824869,95.09986890157064,19.719999313354492,14.602674754096912
220,2021-05-17,DIS,172.6999969482422,172.99000549316406,168.57000732421875,170.0800018310547,17771600.0,0.0,-3.0003413764370634,190.13380796579395,173.78319032522165,38.91815964492762,-294.52958627377444,37.82399939704752,183.72433268229167,187.73116607666014,19.719999313354492,14.602674754096912
220,2021-05-17,GS,367.7799987792969,370.70001220703125,364.5,346.8619079589844,1826100.0,0.0,7.74750766700015,354.71337528366354,307.66744136672713,63.16436983944205,125.4462755507608,26.92836767563067,325.20068359375,318.78331298828124,19.719999313354492,14.602674754096912
220,2021-05-17,HD,321.0,322.8299865722656,315.30999755859375,301.3648986816406,4388000.0,0.0,3.6817958174507908,320.73845053375817,294.6219407015934,55.30420797322961,-63.58980879668593,15.962859930689605,305.5339721679687,283.5754122416178,19.719999313354492,14.602674754096912
220,2021-05-17,HON,227.86000061035156,227.86000061035156,224.74000549316406,216.56126403808594,2058100.0,0.0,1.3636723330093616,221.14944943500717,209.11842471050062,56.23958666307062,17.9739636880984,4.3129557615500005,215.29603780110676,208.15264536539715,19.719999313354492,14.602674754096912
220,2021-05-17,IBM,138.08795166015625,139.3881378173828,137.9827880859375,124.24034118652344,4471755.0,0.0,2.5287621733937584,126.51460345525663,117.73587414484103,61.5767365267475,73.14537255576364,32.07863669671634,119.17177556355794,113.53675168355306,19.719999313354492,14.602674754096912
220,2021-05-17,INTC,55.290000915527344,55.88999938964844,54.7599983215332,51.48012924194336,20010200.0,0.0,-1.8565117781429876,58.31662588586252,48.60885514746268,43.16706396266446,-81.08932607712441,31.336899143954938,55.84212226867676,56.94985326131185,19.719999313354492,14.602674754096912
220,2021-05-17,JNJ,170.39999389648438,171.88999938964844,170.30999755859375,159.4236297607422,5722600.0,0.0,1.8187922382003876,160.89924387414118,151.0607338480268,59.81014756981161,142.0280410353513,23.62848289892681,154.4357157389323,152.33770065307618,19.719999313354492,14.602674754096912
220,2021-05-17,JPM,163.3699951171875,164.85000610351562,163.02999877929688,153.1995849609375,9886800.0,0.0,2.6816564638170064,154.6743649984167,135.2289125894739,63.003315742320346,176.55980449930186,26.24298822748784,144.33746032714845,142.76810531616212,19.719999313354492,14.602674754096912
220,2021-05-17,KO,54.84000015258789,55.02000045776367,54.5,50.69001007080078,12119800.0,0.0,0.4017219382598327,51.05753464076784,49.65267463352416,58.39158999735059,101.14407226183242,19.634613468505012,50.0616397857666,48.68689130147298,19.719999313354492,14.602674754096912
220,2021-05-17,MCD,230.80999755859375,232.3000030517578,230.25,219.26710510253906,1630900.0,0.0,0.8343537577271718,225.16728199500227,216.8157197139821,54.87265226853743,-56.02741343939048,9.476785917177395,220.36023508707683,212.73422724405924,19.719999313354492,14.602674754096912
220,2021-05-17,MMM,204.60000610351562,205.35000610351562,203.69000244140625,184.17640686035156,1532700.0,0.0,2.296580087074659,186.1153843272048,174.5160625111741,60.75915157312215,133.46734511346534,11.408684682483639,179.15154317220052,172.84830678304036,19.719999313354492,14.602674754096912
220,2021-05-17,MRK,75.0667953491211,76.49809265136719,74.9904556274414,70.42668914794922,12532508.0,0.0,0.5059132673360693,70.97031846437957,65.71582502927276,57.25170026750995,148.90276027864962,16.240849817200306,68.03386611938477,67.13394559224447,19.719999313354492,14.602674754096912
220,2021-05-17,MSFT,246.5500030517578,246.58999633789062,243.52000427246094,239.80328369140625,24970200.0,0.0,-1.2404366238816067,259.3439020924802,233.31113330791035,50.19929549899791,-105.87256363639203,22.429799948893876,247.54440307617188,238.36342061360676,19.719999313354492,14.602674754096912
220,2021-05-17,NKE,136.3300018310547,137.07000732421875,135.5,132.9583740234375,3934200.0,0.0,0.47221357589828017,134.9981641349743,124.04011330032846,51.64959217433265,93.47773512850584,5.985305112553305,130.07162857055664,131.5418956756592,19.719999313354492,14.602674754096912
220,2021-05-17,PG,137.97000122070312,139.07000732421875,137.61000061035156,130.26173400878906,7690700.0,0.0,1.0765974519815416,131.7929372213539,123.39103799837267,57.12678387270121,119.80093831730417,20.43298911533388,127.83935038248698,124.58625132242838,19.719999313354492,14.602674754096912
220,2021-05-17,TRV,159.36000061035156,160.69000244140625,158.9600067138672,151.63177490234375,938000.0,0.0,1.4121412295632183,153.56417095210105,144.32957141850443,57.09977902357207,121.59798302331339,2.0710415746028277,147.56207631429035,145.54632492065429,19.719999313354492,14.602674754096912
220,2021-05-17,UNH,409.30999755859375,412.510009765625,408.57000732421875,394.7021484375,1583900.0,0.0,8.338595878107697,407.14729778512697,375.7079939629199,62.99910423636766,73.9811279019364,35.46775840237314,382.28589884440106,361.48822021484375,19.719999313354492,14.602674754096912
220,2021-05-17,V,226.17999267578125,227.16000366210938,225.32000732421875,222.74771118164062,5534200.0,0.0,0.8869876879550986,232.79851183453135,217.06951337298815,53.74753928928317,-5.471934650100686,1.5869101245885107,222.77771453857423,217.35553817749025,19.719999313354492,14.602674754096912
220,2021-05-17,VZ,58.88999938964844,59.06999969482422,57.869998931884766,50.011844635009766,22387000.0,0.0,0.3061217343758358,51.641091728498566,48.575944328019986,52.08321607247974,25.81036153514446,6.946029217476098,50.06975733439128,49.20987078348796,19.719999313354492,14.602674754096912
220,2021-05-17,WBA,54.849998474121094,55.599998474121094,54.7400016784668,49.08141326904297,3507100.0,0.0,0.35326042699225013,49.3370195288699,46.0646520714719,58.21007756026727,105.00371043905528,3.8674674387073242,47.91931991577148,46.64909051259359,19.719999313354492,14.602674754096912
220,2021-05-17,WMT,140.0,140.39999389648438,138.77000427246094,134.150634765625,6558600.0,0.0,0.3534253579281028,137.28726202415075,131.84112847877893,51.04342568803668,-20.634427069694038,1.6147287310752476,134.55480346679687,130.96854031880696,19.719999313354492,14.602674754096912
221,2021-05-18,AAPL,126.55999755859375,126.98999786376953,124.77999877929688,123.23746490478516,63342900.0,1.0,-1.064408050655615,135.1705148316456,120.70257858266106,46.91332089946673,-112.10461610753812,18.05289069964266,128.83204803466796,124.71673774719238,21.34000015258789,20.478285044276205
221,2021-05-18,AMGN,252.0800018310547,253.10000610351562,250.32000732421875,233.10853576660156,1729400.0,1.0,1.2272252516162325,243.196740435187,218.9084551824888,54.43340605968212,19.984570377549733,11.40132988527928,231.4971181233724,225.60988642374676,21.34000015258789,20.478285044276205
221,2021-05-18,AXP,157.36000061035156,158.3000030517578,154.86000061035156,150.01026916503906,2417800.0,1.0,2.457359310578596,156.19571600989656,140.93665703697843,58.48438419110453,79.78674497996187,9.492038868201883,146.63399403889974,142.19459737141926,21.34000015258789,20.478285044276205
221,2021-05-18,BA,227.25,232.27000427246094,226.42999267578125,227.5500030517578,10081100.0,1.0,-4.426703287649417,243.77456812595554,221.20143285060695,47.08734676911995,-76.07209925457411,18.56720234922577,238.0789998372396,240.03849970499675,21.34000015258789,20.478285044276205
221,2021-05-18,CAT,244.7899932861328,245.5399932861328,239.41000366210938,227.97225952148438,2436200.0,1.0,3.565887065697325,234.6084310500004,212.96564731914023,58.93194462181845,121.35804130615607,6.628280267311622,222.17711334228517,217.39364420572917,21.34000015258789,20.478285044276205
221,2021-05-18,CRM,215.44000244140625,217.35000610351562,213.7899932861328,214.3300018310547,3540600.0,1.0,-3.083177175015777,241.38224599967998,204.26175424446063,45.334284901032,-87.72730439774284,16.797254651686032,224.83700002034504,219.8386662801107,21.34000015258789,20.478285044276205
221,2021-05-18,CSCO,52.79999923706055,53.34000015258789,52.7400016784668,49.11631393432617,20177200.0,1.0,0.4772556683462028,49.79109048890048,46.674724483023354,59.0651166981109,121.86279857248888,14.138857461955576,48.22269999186198,46.57398630777995,21.34000015258789,20.478285044276205
221,2021-05-18,CVX,108.94000244140625,109.05999755859375,105.97000122070312,97.19830322265625,12759900.0,1.0,1.2568758952217962,101.5938026356666,90.33983536482168,54.85754588272363,64.40976895882557,8.372045126872168,95.0085225423177,95.2368724822998,21.34000015258789,20.478285044276205
221,2021-05-18,DIS,170.25999450683594,171.25999450683594,169.4499969482422,169.67999267578125,10401000.0,1.0,-3.5383418495939623,191.13255910706496,171.4734391229155,38.653048456853696,-253.4200056597971,37.82399939704753,183.05599924723307,187.36316604614257,21.34000015258789,20.478285044276205
221,2021-05-18,GS,371.3800048828125,373.0799865722656,364.0,342.45623779296875,2018600.0,1.0,7.5246877971054005,354.8754773631968,310.57519097176413,60.91128411443033,112.39770976560628,29.5969054283298,326.37489318847656,319.5493647257487,21.34000015258789,20.478285044276205
221,2021-05-18,HD,320.0,324.55999755859375,314.7799987792969,298.29486083984375,7010300.0,1.0,2.681340492502102,321.02129554838194,293.66010703950866,53.65183988846389,-75.12912160790745,11.929134285058856,305.62720540364586,284.2443250020345,21.34000015258789,20.478285044276205
221,2021-05-18,HON,225.3699951171875,225.99000549316406,222.22999572753906,212.5928192138672,2400400.0,1.0,1.0266558839036293,221.024337225318,208.85633294069765,52.72320782375923,-47.31535375930182,12.257371822462972,215.4253351847331,208.47863235473633,21.34000015258789,20.478285044276205
221,2021-05-18,IBM,138.41299438476562,138.91014099121094,136.93116760253906,123.21290588378906,4000009.0,1.0,2.3669952714424625,126.11637915644582,118.7571086975581,59.95881051357536,57.09604417570948,25.23910833196097,119.49064865112305,113.88472442626953,21.34000015258789,20.478285044276205
221,2021-05-18,INTC,55.95000076293945,56.13999938964844,54.79999923706055,51.02422332763672,18703400.0,1.0,-1.815461982839075,57.58779440139742,48.64208764816313,42.43176760510607,-77.95523763110278,28.413728239011395,55.522098795572916,56.864590136210126,21.34000015258789,20.478285044276205
221,2021-05-18,JNJ,169.97999572753906,171.3699951171875,169.52999877929688,159.479736328125,5846000.0,1.0,1.846248915642633,161.3254319900159,151.00599348605834,59.880753712885344,120.10081320208894,17.400391914283553,154.65590260823566,152.47149709065755,21.34000015258789,20.478285044276205
221,2021-05-18,JPM,164.67999267578125,165.5,162.24000549316406,151.0412139892578,11098100.0,1.0,2.6903260954456414,155.20367933349627,135.91648668212872,60.22231383727554,143.1827991891346,21.871936464020852,144.64168294270834,142.98231404622396,21.34000015258789,20.478285044276205
221,2021-05-18,KO,54.38999938964844,54.560001373291016,54.099998474121094,50.41169738769531,13232500.0,1.0,0.36851884320938666,51.0641805516597,49.66180058847702,56.73706986852387,45.40647887146315,10.049655174992242,50.09720204671224,48.750716590881346,21.34000015258789,20.478285044276205
221,2021-05-18,MCD,231.88999938964844,233.25,231.64999389648438,219.50372314453125,2913000.0,1.0,0.7245273346220529,225.16490530182838,216.7158808309841,55.09880233307117,-23.154555693368227,4.095256895340928,220.3608657836914,213.06810607910157,21.34000015258789,20.478285044276205
221,2021-05-18,MMM,204.99000549316406,205.17999267578125,202.80999755859375,182.3087158203125,1771800.0,1.0,2.1755135408075432,186.29111984837994,174.76505385767473,58.48137515221449,100.70966437648549,7.412896718806472,179.3966807047526,173.25103302001952,21.34000015258789,20.478285044276205
221,2021-05-18,MRK,75.70610809326172,76.14503479003906,75.27671813964844,69.99462127685547,7943106.0,1.0,0.5652429549108575,71.07810280692155,65.67946326363509,55.85375776630584,128.8512227958357,16.240849817200314,68.13938446044922,67.20893414815266,21.34000015258789,20.478285044276205
221,2021-05-18,MSFT,246.27000427246094,246.41000366210938,242.89999389648438,237.74935913085938,20168000.0,1.0,-1.504997196756193,258.7883334203455,232.38198976080682,48.995469010958466,-113.93346403249967,23.748949092428255,247.38856404622396,238.50312194824218,21.34000015258789,20.478285044276205
221,2021-05-18,NKE,136.44000244140625,137.47000122070312,135.4499969482422,132.12986755371094,5664700.0,1.0,0.5105528942765432,134.83791448902804,125.02398202586454,50.77732042994339,89.31667281490544,7.8091489799325124,130.0196449279785,131.52836850484212,21.34000015258789,20.478285044276205
221,2021-05-18,PG,136.4600067138672,137.8300018310547,136.14999389648438,128.9281768798828,9239100.0,1.0,1.0068464358075602,131.72418078271667,123.40737439306456,54.54226819867667,58.029900892534556,8.459955045230771,127.8610331217448,124.75246709187826,21.34000015258789,20.478285044276205
221,2021-05-18,TRV,159.60000610351562,159.63999938964844,157.1999969482422,148.83096313476562,1377500.0,1.0,1.2371778566371745,153.57762385609905,144.46372898813925,53.90067531902626,59.961588061341764,6.225542169773496,147.7368128458659,145.70760803222657,21.34000015258789,20.478285044276205
221,2021-05-18,UNH,409.69000244140625,412.9599914550781,406.2699890136719,396.3924865722656,2694800.0,1.0,7.896719956085747,407.4429371813832,376.75015058717156,63.6120586547803,70.20243698631619,28.965730130515055,383.7672932942708,362.8388905843099,21.34000015258789,20.478285044276205
221,2021-05-18,V,228.38999938964844,229.17999267578125,225.42999267578125,221.89190673828125,6900000.0,1.0,0.7184131542295233,232.618728467653,217.5064195426009,53.049834025094526,-3.6296088016735295,5.8689143571700875,223.01501922607423,217.64330393473307,21.34000015258789,20.478285044276205
221,2021-05-18,VZ,57.5,57.5,56.63999938964844,49.355838775634766,26579000.0,1.0,0.19958195489977015,51.61791349835342,48.49467919879014,48.976974994739194,-91.62941785715776,12.189798757278346,50.0323294321696,49.22901674906413,21.34000015258789,20.478285044276205
221,2021-05-18,WBA,55.36000061035156,55.959999084472656,55.189998626708984,49.0459098815918,3634100.0,1.0,0.39815847701900964,49.518173006454546,46.05390722425834,58.08112507319092,133.4303006223178,7.936160711263743,47.90630251566569,46.74376220703125,21.34000015258789,20.478285044276205
221,2021-05-18,WMT,143.50999450683594,144.5800018310547,141.2100067138672,137.06759643554688,19394600.0,1.0,0.5423313275060195,137.56728212114783,131.72248228314905,55.15229735588919,224.6138131695188,25.11308826717848,134.63072306315104,131.0543244679769,21.34000015258789,20.478285044276205
222,2021-05-19,AAPL,123.16000366210938,124.91999816894531,122.86000061035156,123.07953643798828,92612000.0,2.0,-1.1831042330811812,134.84698628842762,120.17883005678725,46.766392304923855,-135.9217621073117,25.28523103194262,128.7335662841797,124.70100059509278,22.18000030517578,11.222506617361928
222,2021-05-19,AMGN,248.38999938964844,249.08999633789062,246.75,231.03634643554688,2652500.0,2.0,1.0475689016903402,242.2514553643425,219.07846559513015,52.72186034393246,-28.897148039323056,0.3670420593589381,231.5665766398112,225.88545303344728,22.18000030517578,11.222506617361928
222,2021-05-19,AXP,152.07000732421875,154.77999877929688,151.72000122070312,149.75857543945312,3526800.0,2.0,2.257599719082748,156.00789985828837,141.85521507091087,58.195868608031006,38.27685021193611,2.8385687352409166,146.87918701171876,142.48818969726562,22.18000030517578,11.222506617361928
222,2021-05-19,BA,223.17999267578125,225.1199951171875,220.27999877929688,224.4199981689453,13162700.0,2.0,-4.513718841729826,243.62703117831722,220.1989697982453,45.79503947648885,-117.56833928942677,28.173378651387747,237.1403330485026,240.24349975585938,22.18000030517578,11.222506617361928
222,2021-05-19,CAT,236.10000610351562,237.0800018310547,231.94000244140625,225.49708557128906,3143100.0,2.0,3.166204238381056,234.76489105927308,213.32859648955505,56.96733463062478,24.39501607046385,12.063274688999316,222.41500956217448,217.67417551676434,22.18000030517578,11.222506617361928
222,2021-05-19,CRM,215.85000610351562,221.60000610351562,214.50999450683594,221.33999633789062,8092100.0,2.0,-2.5296479198323993,240.566622461477,204.1553776605933,49.445251563565726,-50.552431183889404,2.9063543631904563,224.85533345540364,219.6003328959147,22.18000030517578,11.222506617361928
222,2021-05-19,CSCO,51.880001068115234,52.65999984741211,51.86000061035156,48.68946075439453,29187900.0,2.0,0.4448459270011611,49.82918954506802,46.6867345271976,57.187768459090606,40.55079201183864,0.046831551166793634,48.24435221354167,46.68663845062256,22.18000030517578,11.222506617361928
222,2021-05-19,CVX,103.81999969482422,104.29000091552734,101.97000122070312,94.47036743164062,14762700.0,2.0,0.9288261488598266,101.53447422848845,90.555907393826,51.16025919187728,-38.537189634156086,9.464942188182944,95.01675949096679,95.30972073872884,22.18000030517578,11.222506617361928
222,2021-05-19,DIS,167.7100067138672,169.39999389648438,167.10000610351562,169.27000427246094,9251000.0,2.0,-3.952234835385241,191.7644422059958,169.45755639019558,38.37587036718255,-235.26693125024872,42.69904325102566,182.446332804362,186.89949951171874,22.18000030517578,11.222506617361928
222,2021-05-19,GS,360.0,360.0,353.92999267578125,336.6509704589844,3696000.0,2.0,6.8012641482135905,354.36156990943175,313.2599816042401,58.08694038541279,53.46206988264581,11.225219337470596,327.37156473795574,320.18217010498046,22.18000030517578,11.222506617361928
222,2021-05-19,HD,312.0,314.75,309.07000732421875,296.12884521484375,5242100.0,2.0,1.6941638149211826,321.3717001649471,292.226703765717,52.506839556171826,-153.16194908264598,21.556247766017293,305.6893595377604,285.01143442789714,22.18000030517578,11.222506617361928
222,2021-05-19,HON,220.6699981689453,221.47000122070312,216.77999877929688,211.6365966796875,3050200.0,2.0,0.6746320149671021,220.40630551193186,208.68969058181813,51.91411036299753,-133.58376838069069,26.433933740597016,215.54465993245444,208.76624603271483,22.18000030517578,11.222506617361928
222,2021-05-19,IBM,136.06118774414062,136.90248107910156,134.72274780273438,122.59646606445312,4498532.0,2.0,2.1641058296652886,126.1452832888644,118.83318884858677,58.99669083134559,28.45373860995241,12.19664190674297,119.76893513997396,114.22453982035319,22.18000030517578,11.222506617361928
222,2021-05-19,INTC,54.06999969482422,55.43000030517578,53.84000015258789,51.50804138183594,23769700.0,2.0,-1.7240162644415946,56.3390338792627,49.15115853406738,43.488528230012825,-81.324235007274,34.40643706660993,55.19693374633789,56.78107172648112,22.18000030517578,11.222506617361928
222,2021-05-19,JNJ,169.91000366210938,170.16000366210938,168.0399932861328,159.13357543945312,5533800.0,2.0,1.8191067098056806,161.65309611773375,151.00486897015685,59.216768609047854,89.03285505870173,6.449770140458469,154.8576899210612,152.6218231201172,22.18000030517578,11.222506617361928
222,2021-05-19,JPM,161.0,161.17999267578125,158.63999938964844,149.8875732421875,13278900.0,2.0,2.574431233332035,155.51436677198024,136.58917021532443,58.78751590557627,81.13459388045199,4.283133332469713,144.83333384195964,143.15879796346027,22.18000030517578,11.222506617361928
222,2021-05-19,KO,54.119998931884766,54.18000030517578,53.61000061035156,50.25397872924805,15126100.0,2.0,0.3257238319608575,51.03074509063523,49.65441611847121,55.810011247516094,-6.88734315724577,0.3997166953110624,50.12472407023112,48.81329352060954,22.18000030517578,11.222506617361928
222,2021-05-19,MCD,230.22999572753906,230.6199951171875,228.17999267578125,217.81907653808594,2967000.0,2.0,0.49583650649418587,225.26654335041496,216.41454643229986,53.13751005394467,-122.2240960639815,19.53863060887618,220.28325856526692,213.38550821940103,22.18000030517578,11.222506617361928
222,2021-05-19,MMM,201.91000366210938,202.6999969482422,199.3300018310547,181.92259216308594,2220200.0,2.0,2.025066769328788,186.40117906067582,174.8094395306328,58.01622465587199,43.12462686272875,6.728425564612023,179.6256556193034,173.64657592773438,22.18000030517578,11.222506617361928
222,2021-05-19,MRK,75.31488800048828,75.76335906982422,74.37976837158203,69.97698974609375,9132796.0,2.0,0.6038783093327851,71.09755009240263,65.67147914343721,55.79624461129811,95.62608297009052,4.2789881725897985,68.23461532592773,67.28931020100912,22.18000030517578,11.222506617361928
222,2021-05-19,MSFT,239.30999755859375,243.22999572753906,238.60000610351562,238.33755493164062,25739800.0,2.0,-1.6482014313192224,257.57963896928334,231.93788269819714,49.35526906907758,-134.1809016302999,32.286027012655,247.18582255045573,238.6728396097819,22.18000030517578,11.222506617361928
222,2021-05-19,NKE,133.47999572753906,133.97000122070312,131.9600067138672,129.59567260742188,5582300.0,2.0,0.33261455376606364,134.7374165726948,125.42274044024468,48.20151547713673,-13.401590211405075,8.708776003966776,129.9033312479655,131.48135922749836,22.18000030517578,11.222506617361928
222,2021-05-19,PG,136.05999755859375,136.8300018310547,135.58999633789062,129.1929931640625,9806800.0,2.0,0.9618491160524485,131.79248747502007,123.39770875300728,54.960855307102726,39.38060903363756,4.212079431519604,127.88402506510417,124.9083735148112,22.18000030517578,11.222506617361928
222,2021-05-19,TRV,156.77000427246094,157.36000061035156,154.11000061035156,148.5565643310547,1332700.0,2.0,1.0641100347422707,153.56421816012448,144.44118039944584,53.5963412429016,-2.468365864892737,18.637185852414916,147.88537038167317,145.8414187113444,22.18000030517578,11.222506617361928
222,2021-05-19,UNH,409.489990234375,410.7200012207031,404.25,395.54241943359375,2783100.0,2.0,7.392718137672091,407.67685120686576,377.54879881754835,63.0685187075851,57.04914016039819,23.40505811668167,385.17946065266926,364.14539489746096,22.18000030517578,11.222506617361928
222,2021-05-19,V,222.75999450683594,224.85000610351562,221.7899932861328,220.92788696289062,9311900.0,2.0,0.5012501824278672,232.68791092200874,217.18835403160452,52.259315962858,-61.06923374076335,7.244442081566965,223.19988861083985,217.85295613606772,22.18000030517578,11.222506617361928
222,2021-05-19,VZ,56.52000045776367,56.939998626708984,56.349998474121094,49.131412506103516,20213500.0,2.0,0.09593322919494085,51.61721120003375,48.39007487174359,47.96458627663588,-120.06872715788852,15.978840413508944,49.990552266438804,49.2361670811971,22.18000030517578,11.222506617361928
222,2021-05-19,WBA,54.77000045776367,55.13999938964844,53.86000061035156,48.646522521972656,4147800.0,2.0,0.3969376330872336,49.59292761777556,46.046607523215656,56.62143649920741,61.4455867112419,7.52128731430197,47.88352216084798,46.83843409220378,22.18000030517578,11.222506617361928
222,2021-05-19,WMT,140.7100067138672,143.72000122070312,140.5,137.07725524902344,11624900.0,2.0,0.6849246696748139,137.7828832409404,131.6297739245869,55.16518706843459,164.20790131102962,19.41016948107649,134.71658477783203,131.17571856180828,22.18000030517578,11.222506617361928
223,2021-05-20,AAPL,125.2300033569336,127.72000122070312,125.0999984741211,125.66567993164062,76857100.0,3.0,-1.0563151032020954,134.5748544561621,120.01602383973636,49.44840287219297,-76.85377282889793,10.132770337699041,128.64048614501954,124.73674201965332,20.670000076293945,6.1464056193193635
223,2021-05-20,AMGN,248.00999450683594,254.38999938964844,247.91000366210938,234.1028594970703,2227400.0,3.0,1.139496519599959,242.0963558530747,219.10912357807766,54.89308499554135,17.426063330873433,13.900944151994999,231.7763916015625,226.25011469523113,20.670000076293945,6.1464056193193635
223,2021-05-20,AXP,155.47000122070312,156.25,153.92999267578125,150.53286743164062,3031100.0,3.0,2.1371321670700922,155.7420448121212,142.9311760130741,58.84202696730883,59.8184496730484,2.647973879997768,147.15309346516926,142.74724299112955,20.670000076293945,6.1464056193193635
223,2021-05-20,BA,225.1300048828125,228.44000244140625,223.77000427246094,227.64999389648438,9218900.0,3.0,-4.27279155293806,243.38344306148372,219.77455712162174,47.337945805353776,-87.15579763659615,20.00424749892268,236.23033294677734,240.2153330485026,20.670000076293945,6.1464056193193635
223,2021-05-20,CAT,237.47999572753906,237.60000610351562,232.58999633789062,223.70736694335938,3339200.0,3.0,2.6742107453681285,234.57064190623268,214.20161151173605,55.581354538240205,18.52533958451528,10.620303014581392,222.59103647867838,217.8887077331543,20.670000076293945,6.1464056193193635
223,2021-05-20,CRM,222.97999572753906,226.8300018310547,222.36000061035156,223.77999877929688,6705500.0,3.0,-1.872499187028609,239.70972134537422,204.2552780442742,50.778107076657115,-4.171878029031378,11.015254334343206,224.83300018310547,219.32216618855793,20.670000076293945,6.1464056193193635
223,2021-05-20,CSCO,50.40999984741211,52.970001220703125,50.099998474121094,49.042076110839844,48830800.0,3.0,0.4425130705982596,49.91290611379833,46.72829147226125,58.31987866479071,-2.769137403427555,21.030063991982367,48.27342758178711,46.801635615030925,20.670000076293945,6.1464056193193635
223,2021-05-20,CVX,103.06999969482422,104.06999969482422,101.97000122070312,94.7999267578125,9706300.0,3.0,0.6875118362895449,101.27772501740725,91.16333028044431,51.56820272912755,-38.42160956609656,9.464942188182933,95.0712506612142,95.33259544372558,20.670000076293945,6.1464056193193635
223,2021-05-20,DIS,169.2100067138672,171.89999389648438,168.97999572753906,171.36000061035156,7400700.0,3.0,-4.064746898889894,191.8763740962276,168.20562511031534,40.6213178891069,-171.28808871040695,31.016947668289408,181.9143325805664,186.4636662801107,20.670000076293945,6.1464056193193635
223,2021-05-20,GS,358.9800109863281,361.95001220703125,353.3500061035156,337.966064453125,1919600.0,3.0,6.2618797373810935,352.6803685352377,317.65877331046545,58.53748034183431,54.48840524288234,13.756000044618993,328.2683471679687,320.6586441040039,20.670000076293945,6.1464056193193635
223,2021-05-20,HD,314.8900146484375,319.7099914550781,314.8900146484375,297.4943542480469,3854700.0,3.0,1.0103575794090602,321.59765300192856,291.47714253029795,53.15877632247285,-102.67537684245285,10.355032709294683,305.7355041503906,285.9146987915039,20.670000076293945,6.1464056193193635
223,2021-05-20,HON,220.49000549316406,222.88999938964844,220.47000122070312,212.4111328125,2207800.0,3.0,0.4529280824922637,219.9056736104628,208.60117605994733,52.52459349663893,-94.59372998889758,20.989374435522475,215.64663492838542,208.97212549845378,20.670000076293945,6.1464056193193635
223,2021-05-20,IBM,136.8260040283203,138.53729248046875,135.90821838378906,123.1872329711914,4301675.0,3.0,2.0276113954239463,126.07442097506981,119.26031718410988,59.638770923978676,45.805098909253836,18.881460196552965,120.06155039469401,114.53892135620117,20.670000076293945,6.1464056193193635
223,2021-05-20,INTC,55.56999969482422,56.2400016784668,55.36000061035156,52.05699157714844,23145200.0,3.0,-1.588932950806786,55.12959809003115,49.78029380144834,44.68044662832588,-61.625006803863926,24.970610381327397,54.865407943725586,56.67479941050212,20.670000076293945,6.1464056193193635
223,2021-05-20,JNJ,169.94000244140625,171.58999633789062,169.69000244140625,160.05984497070312,4853200.0,3.0,1.8510013349641667,162.10814586446918,151.1009132785972,60.43129119386383,108.89855693901447,14.62001282950472,155.11031290690104,152.7540601094564,20.670000076293945,6.1464056193193635
223,2021-05-20,JPM,160.8300018310547,161.86000061035156,159.52000427246094,149.62709045410156,10426000.0,3.0,2.433512914013022,155.2644186741246,138.09136135517224,58.46217402926011,81.98018976235993,6.99345311825408,145.01040903727213,143.29009068806965,20.670000076293945,6.1464056193193635
223,2021-05-20,KO,54.119998931884766,54.79999923706055,54.119998931884766,50.69928741455078,10948400.0,3.0,0.3240062244602484,51.055486135717416,49.64915673232457,57.822893735961756,67.37654704047081,11.026970247593479,50.172037251790364,48.880685297648114,20.670000076293945,6.1464056193193635
223,2021-05-20,MCD,230.72000122070312,234.02000427246094,230.55999755859375,219.74032592773438,1890200.0,3.0,0.46427428184753694,225.25458614838948,216.35268161284097,55.0261885791123,-22.344947873442873,2.2867776895741856,220.34414418538412,213.7043607076009,20.670000076293945,6.1464056193193635
223,2021-05-20,MMM,201.08999633789062,202.19000244140625,200.5,182.40200805664062,1412500.0,3.0,1.9223616860967638,186.55540432197168,174.85580783623143,58.44079767219871,49.33910964711984,6.728425564612003,179.84756418863932,174.02825876871745,20.670000076293945,6.1464056193193635
223,2021-05-20,MRK,75.31488800048828,76.32633972167969,75.28626251220703,70.24151611328125,7345222.0,3.0,0.6483681882785106,71.29423344536886,65.62469508246318,56.491573664463715,126.60579752171547,10.4611524650742,68.35718104044597,67.37365811665853,20.670000076293945,6.1464056193193635
223,2021-05-20,MSFT,243.9600067138672,247.9499969482422,243.86000061035156,241.63145446777344,21800700.0,3.0,-1.4788543423386784,256.74375164828143,231.78387896695293,51.34366800957966,-73.41241847751655,16.92534008456005,246.98365987141926,238.8765904744466,20.670000076293945,6.1464056193193635
223,2021-05-20,NKE,133.77999877929688,134.2100067138672,132.19000244140625,129.89781188964844,4934800.0,3.0,0.21351597270310663,134.50691013823675,126.05189952362846,48.52357931644935,-2.4638110160575777,7.498007948868356,129.89001032511393,131.44716758728026,20.670000076293945,6.1464056193193635
223,2021-05-20,PG,136.7899932861328,138.7100067138672,136.72000122070312,130.51705932617188,8768200.0,3.0,1.021257073722495,132.1469277990877,123.36199172605879,57.00847453287826,99.96574389202254,16.01621894784285,127.9348637898763,125.0841547648112,20.670000076293945,6.1464056193193635
223,2021-05-20,TRV,157.2100067138672,159.63999938964844,156.50999450683594,150.26922607421875,1067100.0,3.0,1.0530115665044377,153.678339915781,144.60525078246116,55.228529957164625,62.3759823623605,7.4226583922044025,148.15188903808593,145.97820841471355,20.670000076293945,6.1464056193193635
223,2021-05-20,UNH,409.5299987792969,413.8299865722656,408.32000732421875,394.7118225097656,2105800.0,3.0,6.847338973906801,407.58672897444524,378.8076832570001,62.52847340824832,65.63436013946294,28.480244669386217,386.5880889892578,365.3947438557943,20.670000076293945,6.1464056193193635
223,2021-05-20,V,225.44000244140625,227.60000610351562,225.24000549316406,222.74771118164062,7478600.0,3.0,0.4705671629116637,232.68646553648531,217.11110831605376,53.60929037906847,-16.336273939889253,2.507920090024188,223.39859873453776,217.97310282389324,20.670000076293945,6.1464056193193635
223,2021-05-20,VZ,56.90999984741211,57.25,56.75,49.019203186035156,20768900.0,3.0,0.004682535612261063,51.63760032022091,48.327391058563265,47.45720320157649,-92.71423101995242,10.52894250271017,49.96724688212077,49.24016628265381,20.670000076293945,6.1464056193193635
223,2021-05-20,WBA,54.279998779296875,54.7599983215332,53.459999084472656,48.877479553222656,5475300.0,3.0,0.40988154836191626,49.676295759781894,46.184258363142916,57.26394626713687,46.190381371518974,11.591697992494712,47.89181251525879,46.925712966918944,20.670000076293945,6.1464056193193635
223,2021-05-20,WMT,141.5,142.8699951171875,140.6999969482422,137.56016540527344,10180300.0,3.0,0.8273604383150541,138.18970005092538,131.54134395542226,55.82190046746758,143.89208846806832,19.410169481076487,134.8214309692383,131.34125022888185,20.670000076293945,6.1464056193193635
224,2021-05-21,AAPL,127.81999969482422,128.0,125.20999908447266,123.80997467041016,79295400.0,4.0,-1.092974579512358,133.8948171858637,119.84102647258356,47.66577425419269,-80.32826753640555,8.727103383203245,128.39883193969726,124.81316146850585,20.149999618530273,5.868994383775648
224,2021-05-21,AMGN,253.7100067138672,254.05999755859375,250.74000549316406,233.2479248046875,2177900.0,4.0,1.1303339482609829,241.5564101095846,219.25643016141152,54.17552390615178,24.04265815955898,13.90094415199499,231.8940394083659,226.63851420084634,20.149999618530273,5.868994383775648
224,2021-05-21,AXP,156.6999969482422,158.80999755859375,156.35000610351562,151.82984924316406,3424100.0,4.0,2.1218569113746355,154.5486503769091,145.3382835220167,59.91563835540162,90.57356046447804,11.443258773150554,147.44635925292968,143.0731056213379,20.149999618530273,5.868994383775648
224,2021-05-21,BA,232.89999389648438,236.3000030517578,231.38999938964844,234.82000732421875,16579000.0,4.0,-3.4633711922370765,242.87641955717982,219.92558087006626,50.56897876982633,-14.339267930669864,3.336430424835448,235.64566650390626,240.52149988810223,20.149999618530273,5.868994383775648
224,2021-05-21,CAT,236.60000610351562,239.39999389648438,235.00999450683594,225.8493194580078,2479100.0,4.0,2.429138428701833,234.61094011239723,214.84007612295434,56.88019618412265,47.749107180869714,5.589452879768163,222.8299321492513,218.1492057800293,20.149999618530273,5.868994383775648
224,2021-05-21,CRM,225.2100067138672,225.77999877929688,222.44000244140625,222.5800018310547,4913600.0,4.0,-1.4320262989420485,238.3208046625192,204.55119545955108,50.106022108249284,-9.228155966352997,11.015254334343199,224.54300028483073,219.18049952189128,20.149999618530273,5.868994383775648
224,2021-05-21,CSCO,52.77000045776367,52.93000030517578,52.2400016784668,48.652339935302734,24468400.0,4.0,0.40455238481983,49.94202719026735,46.74742288297483,56.60831207879876,59.90542495919255,21.030063991982367,48.28394419352214,46.9135155359904,20.149999618530273,5.868994383775648
224,2021-05-21,CVX,104.0999984741211,105.19999694824219,103.68000030517578,95.31255340576172,10352800.0,4.0,0.5315063173168681,101.03915093385417,91.74957892454425,52.21052035197698,-9.960218217881213,3.942367147240443,95.14584401448568,95.37848358154297,20.149999618530273,5.868994383775648
224,2021-05-21,DIS,172.22000122070312,173.1199951171875,171.52000427246094,172.39999389648438,8105700.0,4.0,-4.023613046629208,191.72933400451046,167.29066416443487,41.71457014531891,-130.28957708892344,25.65096252118144,181.39799906412762,186.15399958292645,20.149999618530273,5.868994383775648
224,2021-05-21,GS,361.489990234375,367.1400146484375,360.510009765625,344.05316162109375,2657500.0,4.0,6.253505061525516,352.55580112097033,320.3111788594984,60.5671208951736,85.93584705259074,20.226219469393154,329.3783660888672,321.28148244222007,20.149999618530273,5.868994383775648
224,2021-05-21,HD,317.0,319.2799987792969,314.45001220703125,297.37188720703125,3920600.0,4.0,0.45332845624125184,321.7562012325162,290.55390313760097,53.09116109230922,-105.97569729314279,11.13158931269756,305.62688700358075,286.88954467773436,20.149999618530273,5.868994383775648
224,2021-05-21,HON,223.0,225.6300048828125,222.66000366210938,213.434326171875,2274600.0,4.0,0.3556891089935732,219.8969181731248,208.57635300607444,53.334236701333474,-44.3641525028453,11.119394001938335,215.55672709147134,209.2793291727702,20.149999618530273,5.868994383775648
224,2021-05-21,IBM,137.93499755859375,139.29254150390625,137.93499755859375,123.92353820800781,4219041.0,4.0,1.9563012291356188,126.13855597149958,119.52870782244574,60.43753518527901,65.44631355925007,21.82083990170824,120.36149241129557,114.87601737976074,20.149999618530273,5.868994383775648
224,2021-05-21,INTC,56.41999816894531,56.709999084472656,55.97999954223633,52.177947998046875,17723100.0,4.0,-1.455342002550502,54.766094350885425,49.88352494232747,44.94512892588731,-51.47973518007725,19.755899838376504,54.5006165822347,56.61354268391927,20.149999618530273,5.868994383775648
224,2021-05-21,JNJ,171.3300018310547,172.74000549316406,170.8699951171875,159.95692443847656,6501800.0,4.0,1.8466857841846718,162.49352058279365,151.22452446115167,60.22513818938724,115.6859744349765,20.582628124679093,155.41314849853515,152.88193054199218,20.149999618530273,5.868994383775648
224,2021-05-21,JPM,161.33999633789062,163.22000122070312,160.94000244140625,151.32962036132812,10249000.0,4.0,2.431188834051653,155.42491790355083,139.09100311695695,59.960420755881316,98.44750189152279,12.302402413334143,145.20826161702473,143.48182220458983,20.149999618530273,5.868994383775648
224,2021-05-21,KO,54.79999923706055,55.119998931884766,54.220001220703125,50.67145538330078,16033200.0,4.0,0.31674792293459575,51.072622624983545,49.645935877213724,57.65309901566055,83.6372954095234,16.28375165643585,50.21656735738119,48.95589370727539,20.149999618530273,5.868994383775648
224,2021-05-21,MCD,232.4199981689453,233.39999389648438,230.30999755859375,218.85069274902344,2601100.0,4.0,0.36328727925743465,225.14018678192036,216.15097685333353,53.98399548192665,-48.84765912437086,3.3827654178740514,220.3365732828776,214.0447570800781,20.149999618530273,5.868994383775648
224,2021-05-21,MMM,201.7100067138672,203.75999450683594,201.0800018310547,182.59193420410156,1537200.0,4.0,1.8351382886486647,186.6564563224145,174.85760922934332,58.61232665044078,66.35784958242664,0.054879161126761764,180.00756022135417,174.39619572957358,20.149999618530273,5.868994383775648
224,2021-05-21,MRK,76.26908111572266,76.6603012084961,75.45801544189453,69.8182601928711,10863987.0,4.0,0.6420721147328692,71.41527435629632,65.61828277260992,55.05803552627584,120.10918258307518,13.983885208969282,68.44153620402018,67.45022303263346,20.149999618530273,5.868994383775648
224,2021-05-21,MSFT,247.57000732421875,248.3300018310547,244.74000549316406,240.3472442626953,21863100.0,4.0,-1.4317660771055785,254.92795983825445,232.09209021057367,50.54331423841447,-68.33994662525649,15.768435371884323,246.65392354329427,239.1495719909668,20.149999618530273,5.868994383775648
224,2021-05-21,NKE,133.8300018310547,134.1699981689453,132.41000366210938,129.30325317382812,5329700.0,4.0,0.07034270282818511,134.3495971426207,126.44996264131484,47.91708585421068,-5.57361964898849,7.498007948868348,129.79936396280925,131.40484987894695,20.149999618530273,5.868994383775648
224,2021-05-21,PG,138.1999969482422,138.94000244140625,137.77999877929688,130.51705932617188,10161000.0,4.0,1.056163512652347,132.47425412881157,123.41864977133493,57.00847453287826,110.91932255022915,17.348207077944704,128.01358184814453,125.27685190836588,20.149999618530273,5.868994383775648
224,2021-05-21,TRV,159.08999633789062,160.9499969482422,158.3300018310547,150.5247039794922,907000.0,4.0,1.0526960574338489,153.77857513933307,144.62234954328412,55.47022827160672,94.85130385340922,1.5281680564063471,148.38623708089193,146.16568145751953,20.149999618530273,5.868994383775648
224,2021-05-21,UNH,410.760009765625,418.6300048828125,409.4599914550781,397.5998229980469,4295400.0,4.0,6.57239705863833,407.9178082904688,379.57001824761716,63.648104178129024,79.62030944236689,35.52829975481772,387.7256154378255,366.74580535888674,20.149999618530273,5.868994383775648
224,2021-05-21,V,226.8800048828125,229.30999755859375,226.5500030517578,223.07232666015625,5603900.0,4.0,0.4670604232530877,232.56943167506816,216.94322396458026,53.85009827439611,1.3392744658263833,8.06493010988972,223.5485376993815,218.1916473388672,20.149999618530273,5.868994383775648
224,2021-05-21,VZ,57.060001373291016,57.29999923706055,56.7400016784668,49.12278366088867,15474400.0,4.0,-0.058600705361499195,51.64975943826838,48.281568000086104,47.982658349185044,-84.10518273183231,9.640672996866412,49.95055898030599,49.254716364542645,20.149999618530273,5.868994383775648
224,2021-05-21,WBA,54.650001525878906,55.529998779296875,54.56999969482422,49.128135681152344,4873700.0,4.0,0.4353471383594183,49.807288775508276,46.26029850476517,57.962993855172535,110.60233810024944,2.3240954764904465,47.92650502522786,47.03048280080159,20.149999618530273,5.868994383775648
224,2021-05-21,WMT,142.52000427246094,143.0800018310547,141.60000610351562,136.9130401611328,7642500.0,4.0,0.877904278163669,138.42530436319953,131.53728261189815,54.710986767838804,138.73601686164633,20.6329064273303,134.90246124267577,131.5161163330078,20.149999618530273,5.868994383775648
225,2021-05-24,AAPL,126.01000213623047,127.94000244140625,125.94000244140625,125.45841217041016,63092900.0,0.0,-0.9777415529233622,132.97923492327885,120.02700134381097,49.343909720414594,-60.565272740553944,8.727103383203227,128.26993662516276,124.91262041727701,18.399999618530273,8.391459565617865
225,2021-05-24,AMGN,250.55999755859375,253.47999572753906,247.57000732421875,230.21864318847656,2552000.0,0.0,0.868621902206371,240.9875295598888,219.26907749577526,51.69839684892803,-12.419585446468925,4.224819762849099,231.91101837158203,227.01641133626302,18.399999618530273,8.391459565617865
225,2021-05-24,AXP,157.6999969482422,158.91000366210938,156.9499969482422,153.54299926757812,1956900.0,0.0,2.2223699533172123,154.71748753946994,145.9727788789871,61.29520495497954,99.09406635373341,11.776103593213916,147.80350392659506,143.45679168701173,18.399999618530273,8.391459565617865
225,2021-05-24,BA,235.13999938964844,238.5,232.60000610351562,237.44000244140625,10106000.0,0.0,-2.5807388639095166,242.06274297824126,220.33925744900483,51.68942134347004,10.746406677619115,0.7865917554643884,235.2429997762044,240.9453333536784,18.399999618530273,8.391459565617865
225,2021-05-24,CAT,237.69000244140625,239.7100067138672,236.22000122070312,227.57240295410156,2372700.0,0.0,2.346901668281845,234.77171399201322,215.48753893767426,57.90454033463006,60.04381395486408,4.71269503607946,223.1205790201823,218.53224436442056,18.399999618530273,8.391459565617865
225,2021-05-24,CRM,225.0,227.60000610351562,224.2100067138672,226.99000549316406,5288300.0,0.0,-0.7188119058974962,236.8058773145675,205.21912268543247,52.49634602721016,15.834457067335016,15.557866115063307,224.48400065104167,219.35533294677734,18.399999618530273,8.391459565617865
225,2021-05-24,CSCO,52.959999084472656,53.77000045776367,52.790000915527344,49.54316711425781,21128900.0,0.0,0.44126395998333834,50.095614151429146,46.75622644000151,59.42404788444217,131.4728292053914,8.596767606068566,48.34023984273275,47.05022379557292,18.399999618530273,8.391459565617865
225,2021-05-24,CVX,104.94999694824219,105.83999633789062,104.0,96.66736602783203,6785600.0,0.0,0.5112989396280199,100.74998259136254,92.52461686542458,53.882705588402196,8.771756481573021,0.8616039893260853,95.29996287027994,95.48237190246581,18.399999618530273,8.391459565617865
225,2021-05-24,DIS,172.4499969482422,175.11000061035156,171.75,174.30999755859375,7346700.0,0.0,-3.7931675648706005,191.22635589851103,166.79764159904755,43.6844734036214,-99.577851709319,17.275892593237504,180.99199879964192,185.90849965413412,18.399999618530273,8.391459565617865
225,2021-05-24,GS,367.32000732421875,369.7200012207031,365.510009765625,345.9601135253906,1834300.0,0.0,6.327800210283101,352.8803170485635,322.3134787278037,61.18292001792499,98.82445406788797,23.284564320306295,330.5196990966797,322.0652303059896,18.399999618530273,8.391459565617865
225,2021-05-24,HD,316.8399963378906,318.739990234375,314.5899963378906,296.49609375,2930600.0,0.0,-0.05812037422310823,321.97246294235896,289.85264692092227,52.596246751797516,-108.12279691178408,11.131589312697558,305.4401082356771,287.8015960693359,18.399999618530273,8.391459565617865
225,2021-05-24,HON,224.5,225.52000427246094,223.1699981689453,215.15554809570312,1813500.0,0.0,0.4127567435208448,219.9003532508192,208.99522170035266,54.679243702454734,-25.621072381619026,11.119394001938332,215.47277323404947,209.6539421081543,18.399999618530273,8.391459565617865
225,2021-05-24,IBM,138.68069458007812,138.9961700439453,137.83938598632812,123.90641021728516,3449290.0,0.0,1.8767710741895627,126.05941391068802,120.01147994917525,60.40876610395225,61.183815387489105,21.22638800691793,120.69303919474284,115.26278457641601,18.399999618530273,8.391459565617865
225,2021-05-24,INTC,56.650001525878906,57.38999938964844,56.400001525878906,52.9967155456543,19164400.0,0.0,-1.2687768455314412,54.53459773313511,49.98101353395473,46.72990864511735,-34.739963250620846,12.495904055356013,54.250966262817386,56.560075505574545,18.399999618530273,8.391459565617865
225,2021-05-24,JNJ,170.89999389648438,171.35000610351562,169.77000427246094,160.56887817382812,5195100.0,0.0,1.8710766246084063,162.8516186983081,151.56760127239502,61.04258176737815,96.13824478746399,12.546200958955506,155.7242192586263,153.08705495198566,18.399999618530273,8.391459565617865
225,2021-05-24,JPM,163.36000061035156,164.22999572753906,162.1199951171875,152.1483154296875,9440300.0,0.0,2.4669711263265413,155.5642981827954,140.15921103351317,60.66617969237081,104.6982368192553,16.104115339899135,145.44363861083986,143.74901224772137,18.399999618530273,8.391459565617865
225,2021-05-24,KO,54.630001068115234,54.93000030517578,54.4900016784668,50.83843994140625,10326100.0,0.0,0.32077226201055,51.10134926603655,49.722967903152906,58.411077183713466,92.84176432068624,16.283751656435854,50.261406580607094,49.051979573567706,18.399999618530273,8.391459565617865
225,2021-05-24,MCD,231.52000427246094,232.64999389648438,231.02000427246094,219.48480224609375,1823300.0,0.0,0.3306106156923647,225.13828487624681,216.11502170334302,54.61777915637989,-41.82122328623146,3.38276541787406,220.36654307047527,214.4512456258138,18.399999618530273,8.391459565617865
225,2021-05-24,MMM,202.8000030517578,203.52000427246094,201.9199981689453,183.2703857421875,1529200.0,0.0,1.8000091023625657,186.91502291259792,175.0005090087888,59.23408950561254,73.27303336244587,0.05487916112674624,180.19525960286458,174.8308130900065,18.399999618530273,8.391459565617865
225,2021-05-24,MRK,75.88740539550781,76.00190734863281,75.34351348876953,69.68600463867188,8737910.0,0.0,0.6192719318224249,71.52667002571555,65.63915257560281,54.61008242715362,93.9369712810119,12.363664072439791,68.52412796020508,67.55372021993001,18.399999618530273,8.391459565617865
225,2021-05-24,MSFT,247.7899932861328,251.16000366210938,247.50999450683594,245.84689331054688,21411500.0,0.0,-0.939838696514812,252.9414259827557,233.08188181753727,53.73809274658133,-22.910329102018874,7.315408187580037,246.50555267333985,239.45895334879557,18.399999618530273,8.391459565617865
225,2021-05-24,NKE,133.10000610351562,134.35000610351562,132.80999755859375,130.66781616210938,4313200.0,0.0,0.06622231435227377,134.34076557444837,126.69856776905749,49.41811927623512,22.39286338319605,6.481598325225506,129.7155403137207,131.39315350850424,18.399999618530273,8.391459565617865
225,2021-05-24,PG,138.0,138.8000030517578,137.72999572753906,130.47927856445312,6981300.0,0.0,1.068461960877329,132.55078517439455,123.97579258439453,56.92944243124003,101.50901613310182,16.917259942382433,128.07381184895834,125.51669069925944,18.399999618530273,8.391459565617865
225,2021-05-24,TRV,159.39999389648438,160.1999969482422,158.2899932861328,150.19351196289062,890800.0,0.0,1.0140324514823362,153.85513256407881,144.82965747498366,55.07152560103929,76.06654211371628,1.7042565760337112,148.60355224609376,146.38684539794923,18.399999618530273,8.391459565617865
225,2021-05-24,UNH,412.3699951171875,413.8999938964844,409.9200134277344,396.94305419921875,1883600.0,0.0,6.229695801371804,407.64729763222647,381.29809726523445,63.203825662496364,64.31529861902541,35.52829975481773,388.8418924967448,368.0321807861328,18.399999618530273,8.391459565617865
225,2021-05-24,V,227.9499969482422,230.11000061035156,227.6300048828125,225.5807647705078,4040100.0,0.0,0.6590936767879327,232.51423948529694,216.93094636675383,55.688797385216255,26.699039396268134,10.612978718306355,223.81647084554035,218.47426376342773,18.399999618530273,8.391459565617865
225,2021-05-24,VZ,57.09000015258789,57.29999923706055,56.779998779296875,49.18320083618164,12970700.0,0.0,-0.10269417413110915,51.648026564647104,48.28675393767224,48.2946648181166,-76.7983582544852,9.640672996866405,49.93444633483887,49.287352879842125,18.399999618530273,8.391459565617865
225,2021-05-24,WBA,54.970001220703125,55.31999969482422,54.7599983215332,49.083377838134766,3806300.0,0.0,0.4467671642607911,49.88059530492927,46.415287873781665,57.788384720817774,104.73562174315407,2.3240954764904393,47.94432156880696,47.139535967508955,18.399999618530273,8.391459565617865
225,2021-05-24,WMT,141.75999450683594,142.4199981689453,141.36000061035156,136.92271423339844,6315300.0,0.0,0.9082712663948485,138.5627708723233,131.8237861345126,54.724920875592,109.77549491595728,18.437605258041295,134.98317159016926,131.72355944315592,18.399999618530273,8.391459565617865
226,2021-05-25,AAPL,127.81999969482422,128.32000732421875,126.31999969482422,125.260986328125,72009500.0,1.0,-0.8920659832946427,132.0039207693749,120.285485053379,49.148652277869616,-53.05409723998327,6.616766404704213,128.02967885335286,124.9015432993571,18.84000015258789,10.737925292431317
226,2021-05-25,AMGN,246.66000366210938,247.75,241.77999877929688,224.87550354003906,3210600.0,1.0,0.22744466451376866,240.40210590393207,218.7999418255601,47.71731341190672,-95.3870414778636,10.603107018909778,231.7188273111979,227.27265243530275,18.84000015258789,10.737925292431317
226,2021-05-25,AXP,159.07000732421875,160.0800018310547,157.74000549316406,152.93321228027344,2484200.0,1.0,2.2271493580932997,154.59701103874096,146.83367743782156,60.528141920516866,103.23686389136307,15.736877881313488,148.19129689534506,143.7748285929362,18.84000015258789,10.737925292431317
226,2021-05-25,BA,240.0,243.77999877929688,239.22999572753906,240.74000549316406,12908000.0,1.0,-1.596559572755865,241.62009301522832,220.60890783926388,53.07531064465743,72.6936900945983,9.999227352640851,234.82533315022786,241.21783345540365,18.84000015258789,10.737925292431317
226,2021-05-25,CAT,239.50999450683594,241.88999938964844,236.74000549316406,225.78268432617188,2265700.0,1.0,2.1129562626674385,234.6966091583925,216.21284976494735,56.463297873692525,60.423492435898346,1.439113386290343,223.40147959391277,218.824169921875,18.84000015258789,10.737925292431317
226,2021-05-25,CRM,228.0,229.72000122070312,226.27999877929688,227.7100067138672,6256300.0,1.0,-0.09439811703560963,235.5791511825012,205.7958488174988,52.87763412919679,32.35911325886435,20.60460454949851,224.34100087483725,219.52483317057292,18.84000015258789,10.737925292431317
226,2021-05-25,CSCO,53.369998931884766,53.58000183105469,53.13999938964844,49.46893310546875,20657200.0,1.0,0.45907613970965855,50.20770031192278,46.82416232845809,59.09348228671669,121.83561699093815,8.596767606068578,48.39127680460612,47.16957130432129,18.84000015258789,10.737925292431317
226,2021-05-25,CVX,105.43000030517578,105.62000274658203,103.61000061035156,95.08370208740234,7884000.0,1.0,0.3633080138303768,100.54140892844931,92.95398139137491,51.695392407199634,-14.923733055025611,2.7394097765472076,95.38742650349936,95.52896715799967,18.84000015258789,10.737925292431317
226,2021-05-25,DIS,175.60000610351562,177.4499969482422,175.39999389648438,176.1699981689453,8089700.0,1.0,-3.421016012639967,190.56628956401028,166.610707811478,45.53875052263927,-58.674192958495745,8.209922028334681,180.68133188883465,185.59499969482422,18.84000015258789,10.737925292431317
226,2021-05-25,GS,369.9100036621094,373.7699890136719,364.0899963378906,342.4093017578125,2631000.0,1.0,6.03064133727753,352.76346281803563,324.1099289055972,59.396224347000235,91.0675234099329,27.92150915495532,331.6729309082031,322.60677642822264,18.84000015258789,10.737925292431317
226,2021-05-25,HD,315.5299987792969,317.1000061035156,314.25,298.29486083984375,3523300.0,1.0,-0.31467441514951133,322.0605152572521,289.4029643570057,53.51690686471089,-105.7582244766728,11.80616699177542,305.3255310058594,288.69246571858724,18.84000015258789,10.737925292431317
226,2021-05-25,HON,225.0,225.7100067138672,223.38999938964844,214.237548828125,1804600.0,1.0,0.3795333618363088,219.90365711143028,209.1881580741166,53.82333877255413,-26.99786806368238,10.40572669719281,215.34552307128905,209.95183817545572,18.84000015258789,10.737925292431317
226,2021-05-25,IBM,138.54684448242188,138.62332153320312,136.90248107910156,123.11015319824219,4118311.0,1.0,1.729554340741899,125.90223492856157,120.45540667300094,59.056819876444166,43.61006195381269,15.331290052666876,121.0942881266276,115.61073837280273,18.84000015258789,10.737925292431317
226,2021-05-25,INTC,57.560001373291016,57.560001373291016,56.41999816894531,52.91297149658203,22309900.0,1.0,-1.1148290045390041,54.433632668085394,50.01264838355034,46.57016879378507,-30.759930062753817,10.702389024830081,54.004381306966145,56.47284717559815,18.84000015258789,10.737925292431317
226,2021-05-25,JNJ,170.6699981689453,171.02999877929688,169.74000549316406,160.1263885498047,7444700.0,1.0,1.8335651292962325,162.94071808467442,152.22337645878264,60.118385576071944,85.86584322979593,12.327955944196733,156.08790588378906,153.2713930765788,18.84000015258789,10.737925292431317
226,2021-05-25,JPM,163.85000610351562,165.6999969482422,161.55999755859375,150.5760498046875,12609100.0,1.0,2.341469155871522,155.36210459487268,141.34757100327187,58.61363538298373,93.69318230391099,21.40500647579811,145.68428802490234,143.93866628011068,18.84000015258789,10.737925292431317
226,2021-05-25,KO,54.81999969482422,54.81999969482422,54.349998474121094,50.829166412353516,11916500.0,1.0,0.3195299411682839,51.09561040505131,49.84095995322506,58.351073778439705,75.01008518398449,12.947536096609136,50.31397692362467,49.13395665486654,18.84000015258789,10.737925292431317
226,2021-05-25,MCD,232.1699981689453,232.77000427246094,230.7100067138672,219.7024688720703,2681900.0,1.0,0.3186053182113824,224.94240428519726,216.04212025093557,54.838655825948074,-43.700982347713484,4.894253652060389,220.3924118041992,214.82807947794598,18.84000015258789,10.737925292431317
226,2021-05-25,MMM,202.85000610351562,203.0,201.3699951171875,182.45628356933594,1519400.0,1.0,1.6870306878954295,186.52864855575444,176.17207471084714,58.14970178366406,52.5830279777115,2.427586810992359,180.3965286254883,175.23165842692057,18.84000015258789,10.737925292431317
226,2021-05-25,MRK,75.38167572021484,75.62023162841797,73.91221618652344,68.33688354492188,14331714.0,1.0,0.4867291151481794,71.53009697890555,65.64807074570383,50.2921823748004,22.274630266000628,5.571820272475585,68.55557708740234,67.63822848002116,18.84000015258789,10.737925292431317
226,2021-05-25,MSFT,251.77000427246094,252.75,250.82000732421875,246.7683868408203,17704300.0,1.0,-0.4702056386909135,250.53088417468555,234.54674949230665,54.25034530457426,2.566692713040349,2.807053088075453,246.3037851969401,239.7093599955241,18.84000015258789,10.737925292431317
226,2021-05-25,NKE,134.94000244140625,135.1699981689453,133.85000610351562,130.92123413085938,4885800.0,1.0,0.08245509793266592,134.3609103067215,126.89382983610074,49.69664104651052,49.69447471562331,1.7948064321175787,129.7408821105957,131.33905804951985,18.84000015258789,10.737925292431317
226,2021-05-25,PG,138.0500030517578,138.47999572753906,136.75,130.9237518310547,8142400.0,1.0,1.1013778494334758,132.56472983311974,124.6475351815287,57.64406475462507,84.01306310580993,8.56455815113664,128.20555572509767,125.75203336079916,18.84000015258789,10.737925292431317
226,2021-05-25,TRV,158.83999633789062,159.5,156.0800018310547,148.13075256347656,1238600.0,1.0,0.8076339197837683,153.80540454933933,145.007122916481,52.63400882966172,8.607725437652883,11.092003675627025,148.74043884277344,146.4969342549642,18.84000015258789,10.737925292431317
226,2021-05-25,UNH,411.8500061035156,413.8599853515625,408.8900146484375,398.971435546875,2285600.0,1.0,6.052012179664075,407.0537080976466,383.6834592607518,64.00652692668264,63.01521704906558,32.33069291639748,390.0830942789714,369.3133819580078,18.84000015258789,10.737925292431317
226,2021-05-25,V,229.89999389648438,230.19000244140625,228.4199981689453,225.28565979003906,4689100.0,1.0,0.7784949034597446,232.4742775364508,216.91616435808044,55.42007527427286,26.236244980043175,10.87702990808402,224.08930053710938,218.68254801432292,18.84000015258789,10.737925292431317
226,2021-05-25,VZ,57.0,57.029998779296875,56.290000915527344,48.751625061035156,15935100.0,1.0,-0.17049773230552745,51.63249396179291,48.316098033446345,46.244921900839365,-107.46168237582587,17.101289464758892,49.901646041870116,49.31194254557292,18.84000015258789,10.737925292431317
226,2021-05-25,WBA,55.15999984741211,55.310001373291016,54.060001373291016,48.51045227050781,4998700.0,1.0,0.40491965022170007,49.82132260511559,46.665090206163704,55.571610585155135,62.86013091801613,10.081511221494765,47.94599889119466,47.24022388458252,18.84000015258789,10.737925292431317
226,2021-05-25,WMT,141.8000030517578,142.63999938964844,141.07000732421875,137.48291015625,7168400.0,1.0,0.9664003904343019,138.78208227278776,132.03924341080597,55.544268021125326,110.06319924341312,15.717670682963911,135.09634602864583,131.91718508402508,18.84000015258789,10.737925292431317
227,2021-05-26,AAPL,126.95999908447266,127.38999938964844,126.41999816894531,125.21163177490234,56575900.0,2.0,-0.8187123705002222,131.09087173803456,120.55658080713145,49.09840784708369,-55.08798763109301,6.616766404704216,127.86660842895508,124.93349444071451,17.360000610351562,10.431166226669198
227,2021-05-26,AMGN,241.83999633789062,242.47999572753906,238.3300018310547,221.6696319580078,3812100.0,2.0,-0.5332331797038989,239.9366056733652,219.59000107712308,45.54062605839326,-138.60873101158376,18.030944817606855,231.42992502848307,227.4962237040202,17.360000610351562,10.431166226669198
227,2021-05-26,AXP,158.16000366210938,159.3800048828125,157.3699951171875,153.48489379882812,3731600.0,2.0,2.2495220686362813,154.79313827765193,147.22214187371523,60.98509191912449,96.66394731013618,14.00659837439716,148.5513437906901,144.09337565104167,17.360000610351562,10.431166226669198
227,2021-05-26,BA,241.6999969482422,242.49000549316406,239.8699951171875,241.3699951171875,7240200.0,2.0,-0.7570289379098938,242.73106412246256,220.08893557236166,53.33965894566814,83.3319609389483,9.999227352640844,234.4566665649414,241.52166671752929,17.360000610351562,10.431166226669198
227,2021-05-26,CAT,237.41000366210938,239.5,236.6199951171875,226.29678344726562,2070000.0,2.0,1.9465971851631423,234.73304483111818,216.6914424735693,56.78294072917466,46.964716541862295,1.089621182829094,223.59748128255208,219.18689575195313,17.360000610351562,10.431166226669198
227,2021-05-26,CRM,228.47999572753906,230.24000549316406,228.2899932861328,229.67999267578125,5807100.0,2.0,0.5530406047271867,233.856740682618,206.79825809667886,53.92440197304202,46.41811796180207,21.829586676828903,224.39633382161458,219.7949996948242,17.360000610351562,10.431166226669198
227,2021-05-26,CSCO,53.349998474121094,53.61000061035156,52.81999969482422,49.097755432128906,18671200.0,2.0,0.43819029928910425,50.22872605899342,46.970167297329816,57.44069376995355,92.09507985424695,12.509253086152377,48.438911565144856,47.288874816894534,17.360000610351562,10.431166226669198
227,2021-05-26,CVX,104.5199966430664,104.91000366210938,103.66000366210938,95.31255340576172,9232400.0,2.0,0.2614763906519926,100.53598189992887,92.97519058542268,51.98675665953123,-19.807503388518157,2.739409776547201,95.42132517496745,95.5734987894694,17.360000610351562,10.431166226669198
227,2021-05-26,DIS,176.6199951171875,177.89999389648438,176.1999969482422,176.47000122070312,8086200.0,2.0,-3.0665264788416664,190.03464430617413,166.45035325241963,45.83632144050347,-46.968504694615596,6.517208670656125,180.31499837239582,185.3038330078125,17.360000610351562,10.431166226669198
227,2021-05-26,GS,365.0,368.7900085449219,361.9100036621094,345.1240539550781,2121200.0,2.0,5.945660727869495,352.8961585853886,325.7892784263301,60.31285843695432,76.88792018008071,23.622085367611152,332.6764892578125,323.17759857177737,17.360000610351562,10.431166226669198
227,2021-05-26,HD,317.80999755859375,321.3800048828125,316.67999267578125,298.841064453125,2881600.0,2.0,-0.4685204619366914,322.1127410314796,289.1266083337548,53.798773064761164,-72.74383460218156,1.444142147858693,305.2410898844401,289.61318435668943,17.360000610351562,10.431166226669198
227,2021-05-26,HON,224.9600067138672,224.99000549316406,223.30999755859375,214.45750427246094,1747800.0,2.0,0.3667247835765295,219.9032108317572,209.41255302322324,54.001806397435494,-28.75444699531625,10.663974719459281,215.2135442097982,210.24768676757813,17.360000610351562,10.431166226669198
227,2021-05-26,IBM,137.18930053710938,137.65774536132812,136.74952697753906,122.75912475585938,3225655.0,2.0,1.566501305278095,125.81181989708337,120.71364244422521,58.460153323611685,26.769832303206485,14.360779466670657,121.44291076660156,115.95862719217936,17.360000610351562,10.431166226669198
227,2021-05-26,INTC,57.04999923706055,57.22999954223633,56.59000015258789,52.95948791503906,15173600.0,2.0,-0.9777992837188592,54.38941618860911,50.0245517068987,46.674911911228094,-28.461418251764552,10.702389024830078,53.791095606486,56.41166998545329,17.360000610351562,10.431166226669198
227,2021-05-26,JNJ,170.0,170.0800018310547,168.27999877929688,159.1754913330078,5726400.0,2.0,1.7074254033750833,162.54464954461702,153.38150859747282,58.16082338318295,57.040050028369684,2.034192361967222,156.4061731974284,153.44456125895184,17.360000610351562,10.431166226669198
227,2021-05-26,JPM,163.57000732421875,163.74000549316406,161.30999755859375,150.55743408203125,13058300.0,2.0,2.214972977145038,155.10630494260826,142.49650114870033,58.58935576472324,77.53426783968229,20.026303642152037,146.0136291503906,144.13556315104168,17.360000610351562,10.431166226669198
227,2021-05-26,KO,54.97999954223633,55.04999923706055,54.59000015258789,51.051815032958984,16064300.0,2.0,0.33267638954622925,51.10715138274734,49.963009292301486,59.387267884901384,114.43647942963139,17.123156054141212,50.37427800496419,49.21657791137695,17.360000610351562,10.431166226669198
227,2021-05-26,MCD,233.7899932861328,233.7899932861328,232.16000366210938,219.90122985839844,1564200.0,2.0,0.32142420578139763,224.94107260157037,216.03777413915228,55.04533722810817,-8.926360161514577,0.576416099700305,220.45677032470704,215.20160115559895,17.360000610351562,10.431166226669198
227,2021-05-26,MMM,201.1999969482422,201.7899932861328,200.3000030517578,182.3386688232422,1847300.0,2.0,1.5699070422524812,186.18844058340935,177.15281918221567,57.9910372464229,26.67150962689245,7.215010969532281,180.5854965209961,175.62006759643555,17.360000610351562,10.431166226669198
227,2021-05-26,MRK,73.99809265136719,74.20801544189453,73.44465637207031,68.09881591796875,9686454.0,2.0,0.35834710773877987,71.5313601600665,65.65915192489445,49.576617014441844,-28.41970835043376,10.55725850187345,68.57997233072916,67.71192194620768,17.360000610351562,10.431166226669198
227,2021-05-26,MSFT,251.42999267578125,252.94000244140625,250.75,246.5429229736328,17771600.0,2.0,-0.11488676354824179,250.06287612240664,234.77129135806211,54.09872563172278,4.124132555889917,2.258294496965655,246.18904825846354,240.00605367024738,17.360000610351562,10.431166226669198
227,2021-05-26,NKE,135.1999969482422,137.9199981689453,135.0,133.4261932373047,6781500.0,2.0,0.2940592291957671,134.53648963774003,127.32061027681073,52.378019517600244,120.7541020319539,12.078581619034166,129.89130986531575,131.33694597880046,17.360000610351562,10.431166226669198
227,2021-05-26,PG,138.7899932861328,138.86000061035156,137.8699951171875,130.6305389404297,8122900.0,2.0,1.0912251343842172,132.41085518003922,125.43696967957995,56.9986758092616,93.209456881322,11.19432800956029,128.3121760050456,125.9885976155599,17.360000610351562,10.431166226669198
227,2021-05-26,TRV,157.0,157.83999633789062,156.5800018310547,148.6890411376953,1014000.0,2.0,0.6812577037777316,153.58645265615115,145.54306089365355,53.2138001353974,-3.0871948248160117,11.092003675627028,148.79437408447265,146.63624649047853,17.360000610351562,10.431166226669198
227,2021-05-26,UNH,412.1000061035156,415.29998779296875,411.010009765625,399.1259765625,1903900.0,2.0,5.856160623394089,405.93696064748895,386.5987388154017,64.06830670899032,69.69470632985386,34.63546233138185,391.2930643717448,370.597319539388,17.360000610351562,10.431166226669198
227,2021-05-26,V,228.0500030517578,229.35000610351562,226.3800048828125,223.36746215820312,4295600.0,2.0,0.7101525217773883,231.88333556232675,216.91282074870838,53.678368897171914,-15.050737829616224,2.6144672622482026,224.26675872802736,218.87294158935546,17.360000610351562,10.431166226669198
227,2021-05-26,VZ,56.470001220703125,56.560001373291016,56.27000045776367,48.648040771484375,14045200.0,2.0,-0.2299403182775066,51.63937427675531,48.30317523801519,45.76267248938137,-115.1698722569605,17.39886497502417,49.863091405232744,49.340214284261066,17.360000610351562,10.431166226669198
227,2021-05-26,WBA,54.349998474121094,54.40999984741211,51.119998931884766,46.558929443359375,12868700.0,2.0,0.2118416327806969,49.81211617043939,46.67943580099615,48.95444892031186,-107.08574269128631,33.71629533048176,47.88647168477376,47.31445121765137,17.360000610351562,10.431166226669198
227,2021-05-26,WMT,142.38999938964844,142.8800048828125,141.75999450683594,137.31871032714844,6431400.0,2.0,0.9878314797057044,138.85531782882728,132.43149857742273,55.24113910516784,115.88091005264917,17.395960881378457,135.20564982096354,132.1281941731771,17.360000610351562,10.431166226669198
228,2021-05-27,AAPL,126.44000244140625,127.63999938964844,125.08000183105469,123.66191864013672,94625600.0,3.0,-0.8755353755514363,130.0359948700385,120.82439331355525,47.52041901774743,-68.26395549611624,13.390402159343113,127.57074839274088,124.98987312316895,16.739999771118164,36.542183897774514
228,2021-05-27,AMGN,238.91000366210938,239.4600067138672,234.5800018310547,218.65890502929688,3701100.0,3.0,-1.3633010670114345,239.50124844789028,220.23339510679725,43.608055777602836,-161.25831466794008,25.24768221189735,230.87118530273438,227.69652989705403,16.739999771118164,36.542183897774514
228,2021-05-27,AXP,159.97999572753906,160.2899932861328,158.85000610351562,154.60763549804688,2828400.0,3.0,2.330978406821174,155.30704357849987,147.2028166509923,61.91334962539261,114.20551651154318,17.25861630645461,148.91300455729166,144.3769182840983,16.739999771118164,36.542183897774514
228,2021-05-27,BA,248.11000061035156,252.60000610351562,247.19000244140625,250.6999969482422,18404400.0,3.0,0.6536237447220401,246.28627200705176,218.00972713845607,57.04682451346318,194.3430504711125,25.196922867145737,234.44299977620443,241.89066670735676,16.739999771118164,36.542183897774514
228,2021-05-27,CAT,241.5,243.3699951171875,238.92999267578125,229.6953582763672,3594700.0,3.0,2.0651868152500867,234.44525816292582,218.29392335562886,58.84909205872368,90.17593290435767,11.589649627022307,223.90866444905598,219.62063852945963,16.739999771118164,36.542183897774514
228,2021-05-27,CRM,229.52000427246094,229.52000427246094,225.38999938964844,225.8300018310547,15344100.0,3.0,0.7468689306916474,232.03334122989432,207.76865767147288,51.606742867685895,25.294999627048522,11.567709310550816,224.15733388264974,220.1254997253418,16.739999771118164,36.542183897774514
228,2021-05-27,CSCO,52.93000030517578,53.349998474121094,52.58000183105469,49.10702896118164,56216100.0,3.0,0.4175728961571039,50.260409507705724,47.07396396641537,57.47143667220729,70.83624699966681,15.412079334800048,48.47850379943848,47.41432151794434,16.739999771118164,36.542183897774514
228,2021-05-27,CVX,104.12000274658203,104.91000366210938,102.56999969482422,94.29644775390625,11703400.0,3.0,0.09765713085536731,100.5741708152617,92.69924455949418,50.585296634066694,-41.02637095321728,8.287323469960048,95.44697647094726,95.583762105306,16.739999771118164,36.542183897774514
228,2021-05-27,DIS,177.1999969482422,179.58999633789062,176.7899932861328,179.0399932861328,13567800.0,3.0,-2.5488327308589476,189.25040179978956,166.60559490431203,48.33784593964218,-22.007660517885654,0.22321738722773407,180.08533172607423,185.0834996541341,16.739999771118164,36.542183897774514
228,2021-05-27,GS,371.3299865722656,373.54998779296875,367.29998779296875,348.85333251953125,3897000.0,3.0,6.10881596805757,353.87701849506925,326.5368547959464,61.54648446560466,100.80750906836832,29.17791725166115,333.70415852864585,323.7559356689453,16.739999771118164,36.542183897774514
228,2021-05-27,HD,317.29998779296875,320.4100036621094,317.29998779296875,300.1971740722656,3734800.0,3.0,-0.4755361647366385,321.9742075685237,288.64641926253097,54.50729488123931,-66.02436112743082,1.4441421478586893,305.11646931966146,290.6022064208984,16.739999771118164,36.542183897774514
228,2021-05-27,HON,226.69000244140625,231.74000549316406,226.58999633789062,221.1512451171875,6646900.0,3.0,0.8864840015155266,220.9948776964126,209.11613457165382,58.99144219339706,110.119370616671,12.169401681604745,215.29009043375652,210.64827423095704,16.739999771118164,36.542183897774514
228,2021-05-27,IBM,137.49522399902344,138.4034423828125,137.31358337402344,123.13584899902344,5889294.0,3.0,1.4509534102209471,125.8071528259042,120.81881000368564,58.92092608674333,37.551717177047955,17.958692622804573,121.8055025736491,116.28414764404297,16.739999771118164,36.542183897774514
228,2021-05-27,INTC,57.11000061035156,57.880001068115234,57.0,53.713138580322266,32387600.0,3.0,-0.7991765230683043,54.35248990470707,50.04349932258785,48.37128012164195,-5.5626795788836345,3.4934872130942,53.57734781901042,56.38370583852132,16.739999771118164,36.542183897774514
228,2021-05-27,JNJ,169.25999450683594,170.1699981689453,168.3800048828125,158.9307098388672,8114700.0,3.0,1.5696134145495364,162.34423170896463,154.11179856447285,57.66083781411696,52.9589450401003,2.6221959696702517,156.70162251790364,153.65731302897134,16.739999771118164,36.542183897774514
228,2021-05-27,JPM,163.9499969482422,164.75,162.57000732421875,152.90188598632812,15707500.0,3.0,2.2776462314525645,155.42519882030177,143.02980148487399,60.70973173777562,93.53367364493268,23.765090109222534,146.39134826660157,144.3268305460612,16.739999771118164,36.542183897774514
228,2021-05-27,KO,55.209999084472656,55.56999969482422,54.779998779296875,51.47856140136719,59109600.0,3.0,0.37322757490571945,51.29408924213481,49.890179327811474,61.296507961079705,181.58751125618338,25.732661545203268,50.44107284545898,49.30815162658691,16.739999771118164,36.542183897774514
228,2021-05-27,MCD,233.00999450683594,235.0800018310547,232.39999389648438,222.27674865722656,5242900.0,3.0,0.5094698571369918,224.8936770996991,216.05204280996887,57.45278179134746,46.66186579900226,7.125014381215977,220.56971079508463,215.65966974894206,16.739999771118164,36.542183897774514
228,2021-05-27,MMM,203.0,203.97999572753906,202.6199951171875,183.84022521972656,2457600.0,3.0,1.5800351003173034,186.32052933777206,177.5312635699428,59.45221367174132,81.63624105264074,3.1787620790672952,180.80266672770182,176.01928583780924,16.739999771118164,36.542183897774514
228,2021-05-27,MRK,73.95037841796875,74.0457992553711,72.40457916259766,66.94371795654297,17675149.0,3.0,0.16153461945256709,71.22083226610349,66.16719721387699,46.272087388946325,-82.42171184072198,20.533723518359977,68.55822270711263,67.75980809529622,16.739999771118164,36.542183897774514
228,2021-05-27,MSFT,251.1699981689453,251.47999572753906,249.25,244.40579223632812,24426200.0,3.0,-0.005677142255109402,249.69499433874807,234.88249742150583,52.655694213206985,-14.174330507927559,6.471365601465634,245.87559916178387,240.36998850504557,16.739999771118164,36.542183897774514
228,2021-05-27,NKE,137.5500030517578,138.30999755859375,136.4600067138672,133.1045684814453,12882300.0,3.0,0.4308381637157481,134.78765289102074,127.39109924520973,52.009790235961574,125.89372493882529,13.8583561910236,129.98520634969074,131.3743096669515,16.739999771118164,36.542183897774514
228,2021-05-27,PG,138.1199951171875,138.27999877929688,134.66000366210938,127.66082763671875,33095700.0,3.0,0.8339350669198495,132.15681113668487,125.92462120584445,51.014368725460294,8.45302491979344,11.72991968706167,128.2684326171875,126.18725713094075,16.739999771118164,36.542183897774514
228,2021-05-27,TRV,158.27999877929688,159.47999572753906,157.72999572753906,150.78018188476562,2438800.0,3.0,0.7412960248637717,153.64957261355568,145.82531141964745,55.33238383296308,61.38073694511865,2.769191506443016,148.9517623901367,146.78547286987305,16.739999771118164,36.542183897774514
228,2021-05-27,UNH,414.9200134277344,415.1099853515625,410.3800048828125,398.6333312988281,2041800.0,3.0,5.59667946142639,405.67079002633454,387.9418991826499,63.70770450009753,62.72491861923387,32.52451996896203,392.02361755371095,371.9014404296875,16.739999771118164,36.542183897774514
228,2021-05-27,V,227.75999450683594,228.4199981689453,226.3699951171875,223.16085815429688,5969600.0,3.0,0.6320337834322913,230.32872476125436,217.51753225778862,53.49106031461133,-25.71459194185937,2.57437404351296,224.29653778076172,219.07495346069337,16.739999771118164,36.542183897774514
228,2021-05-27,VZ,56.31999969482422,56.54999923706055,56.02000045776367,48.587623596191406,30754300.0,3.0,-0.2787113461333135,51.6948113873179,48.1588320300405,45.476528424736244,-113.75227481957832,21.179397101534065,49.82252286275228,49.361785952250166,16.739999771118164,36.542183897774514
228,2021-05-27,WBA,52.27000045776367,53.279998779296875,52.119998931884766,47.480979919433594,9045900.0,3.0,0.13170941626410837,49.741344455297224,46.817375561182274,51.761906567535235,-77.64087535684538,33.71629533048178,47.87986780802409,47.40123545328776,16.739999771118164,36.542183897774514
228,2021-05-27,WMT,143.35000610351562,143.67999267578125,141.69000244140625,136.8551025390625,18859000.0,3.0,0.956381922909145,138.96300126109014,132.57554244008173,54.37440887136014,111.43488843080358,22.868491826939277,135.2725626627604,132.37171643575033,16.739999771118164,36.542183897774514
229,2021-05-28,AAPL,125.56999969482422,125.80000305175781,124.55000305175781,123.00056457519531,71311100.0,4.0,-0.9628348020620621,129.39802846028843,120.80820933268033,46.855599162857935,-84.08192028842018,15.967524537482053,127.26401163736979,125.06692657470703,16.760000228881836,10.41576346905845
229,2021-05-28,AMGN,236.2100067138672,240.8699951171875,236.1300048828125,221.102783203125,3239300.0,4.0,-1.803149716226045,239.50476453401214,220.22738878630034,45.548398301283356,-123.85126314500741,20.967067930121747,230.37606811523438,227.9687868754069,16.760000228881836,10.41576346905845
229,2021-05-28,AXP,160.25999450683594,160.63999938964844,158.86000061035156,154.98512268066406,2436400.0,4.0,2.3983465563563584,155.73119754088384,147.43488064515134,62.225941180798124,112.2362299050657,18.525431685593208,149.24014587402343,144.665305074056,16.760000228881836,10.41576346905845
229,2021-05-28,BA,247.47999572753906,248.97999572753906,245.3699951171875,247.02000427246094,11197400.0,4.0,1.4578265875226748,248.39662613533554,217.17037368155897,55.25556472004218,159.62442888473225,21.256681469463647,234.40433349609376,242.2625,16.760000228881836,10.41576346905845
229,2021-05-28,CAT,241.91000366210938,242.25999450683594,238.7899932861328,229.50494384765625,2290700.0,4.0,2.1193742711161576,233.90187120321772,220.0720362674854,58.68647309098685,77.40049699735195,11.133431271152876,224.1869654337565,220.0850087483724,16.760000228881836,10.41576346905845
229,2021-05-28,CRM,239.22000122070312,243.5,237.8300018310547,238.10000610351562,17810800.0,4.0,1.8690211630174929,234.19790592557075,206.38209285372614,57.613015184111674,140.62069950928498,38.33422729332895,224.3636672973633,220.67166646321616,16.760000228881836,10.41576346905845
229,2021-05-28,CSCO,53.18000030517578,53.220001220703125,52.84000015258789,49.088478088378906,14863500.0,4.0,0.39518115289669,50.21283437436976,47.306201727925156,57.385654659388834,72.83975874350408,15.412079334800039,48.481597137451175,47.54821173350016,16.760000228881836,10.41576346905845
229,2021-05-28,CVX,103.62000274658203,104.12000274658203,102.94999694824219,95.01046752929688,7278200.0,4.0,0.02515464864296746,100.40839299786154,93.04502954852518,51.53504903186203,-39.107598188851235,8.28732346996004,95.51029459635417,95.59220975240072,16.760000228881836,10.41576346905845
229,2021-05-28,DIS,179.50999450683594,180.13999938964844,178.0800018310547,178.64999389648438,7124800.0,4.0,-2.1452967516323724,188.23420733810372,166.8847883284002,47.9899078885221,-11.877085843848135,1.7955167995779686,179.79833170572917,184.9271662394206,16.760000228881836,10.41576346905845
229,2021-05-28,GS,372.0,373.07000732421875,368.260009765625,350.64422607421875,2169700.0,4.0,6.30989131481175,354.37814461046884,328.3678484315233,62.131251473587874,99.70329016673217,29.177917251661157,334.6737884521484,324.44459381103513,16.760000228881836,10.41576346905845
229,2021-05-28,HD,320.3699951171875,321.510009765625,318.8500061035156,300.3289794921875,3194000.0,4.0,-0.46509918995951693,321.89824079760234,288.27411638013206,54.577332936524606,-51.39092727584054,1.2438130456372305,304.8286122639974,291.69371973673503,16.760000228881836,10.41576346905845
229,2021-05-28,HON,232.0,232.24000549316406,230.30999755859375,220.80699157714844,2529300.0,4.0,1.256138559367571,221.8002767780657,209.15344484058667,58.65294841091794,142.40407300592926,13.58129394346648,215.28311106363932,211.10771458943685,16.760000228881836,10.41576346905845
229,2021-05-28,IBM,137.86807250976562,137.9827880859375,137.1797332763672,123.0673599243164,2651192.0,4.0,1.3384258350830578,125.46308282693629,121.45635839620824,58.79826483087428,24.433201444105233,17.015411776950288,122.1373046875,116.64027849833171,16.760000228881836,10.41576346905845
229,2021-05-28,INTC,57.54999923706055,57.650001525878906,56.939998626708984,53.14558029174805,20303900.0,4.0,-0.6953977960281392,54.34466227886005,50.04594593647199,47.20149015067378,-7.99916749599075,4.109652911686022,53.35300381978353,56.37047926584879,16.760000228881836,10.41576346905845
229,2021-05-28,JNJ,169.52000427246094,171.00999450683594,169.1699981689453,159.34498596191406,6400800.0,4.0,1.4768013942079392,161.61065952413605,155.55420711404753,58.28863007231361,65.8931444454209,8.124223285070444,156.95318349202475,153.92609024047852,16.760000228881836,10.41576346905845
229,2021-05-28,JPM,164.67999267578125,164.94000244140625,163.25999450683594,152.799560546875,10291300.0,4.0,2.2926304129456696,155.3864667320711,144.03888422007734,60.5697014864655,91.17716153808794,24.475121247317556,146.7306126912435,144.55261815388997,16.760000228881836,10.41576346905845
229,2021-05-28,KO,55.349998474121094,55.709999084472656,55.20000076293945,51.293025970458984,17011600.0,4.0,0.38594459373423007,51.377402724271754,49.928396378511444,60.027315347434055,193.41800326136902,27.888593655064682,50.49085985819499,49.3972464243571,16.760000228881836,10.41576346905845
229,2021-05-28,MCD,234.1300048828125,234.41000366210938,232.4499969482422,222.58126831054688,2853600.0,4.0,0.6752853129410141,224.7465080103381,216.11420060782595,57.752808217846464,39.81289701250163,7.125014381215972,220.63601633707682,216.1382723490397,16.760000228881836,10.41576346905845
229,2021-05-28,MMM,203.8800048828125,204.38999938964844,202.8000030517578,183.65931701660156,1741200.0,4.0,1.5555326669242788,186.0544611450673,178.4612798217296,59.19559399740423,81.0269164822647,5.021442566866733,180.9808822631836,176.421923828125,16.760000228881836,10.41576346905845
229,2021-05-28,MRK,72.53816986083984,72.90076446533203,72.3282470703125,66.9172592163086,13969735.0,4.0,0.003385281893926617,71.0215308169508,66.48906412323474,46.19911811099039,-103.55003970743955,21.223067408367633,68.51178309122722,67.8237154006958,16.760000228881836,10.41576346905845
229,2021-05-28,MSFT,251.0,252.0800018310547,249.55999755859375,244.76849365234375,18270200.0,4.0,0.10888409442034686,249.4131258550136,234.97623876900983,52.87637719353694,-4.905850676380493,4.544514170377764,245.5338129679362,240.75349807739258,16.760000228881836,10.41576346905845
229,2021-05-28,NKE,136.24000549316406,137.35000610351562,136.08999633789062,133.2754669189453,4153500.0,4.0,0.5467242337674065,135.0064830810181,127.57338905032955,52.19452929430309,104.88405613616573,11.567893527366097,130.06400578816732,131.45058530171713,16.760000228881836,10.41576346905845
229,2021-05-28,PG,135.14999389648438,136.1300048828125,134.63999938964844,127.53788757324219,10477100.0,4.0,0.6130438116556718,132.01520980297596,126.20147034228773,50.78602149171811,-18.758262830846203,11.850982988227395,128.22027893066405,126.39968706766764,16.760000228881836,10.41576346905845
229,2021-05-28,TRV,160.39999389648438,160.39999389648438,158.9600067138672,151.11135864257812,963300.0,4.0,0.8063054363109643,153.586457791441,146.36531985748476,55.6613191195454,89.88823208838066,1.6492775763920147,149.07003987630208,146.96672566731772,16.760000228881836,10.41576346905845
229,2021-05-28,UNH,412.70001220703125,415.4700012207031,410.0199890136719,397.87994384765625,2367900.0,4.0,5.269503147980231,404.4261074525274,390.4538638609491,63.14544796443047,57.57866701182664,32.52451996896203,392.6968597412109,373.1779251098633,16.760000228881836,10.41576346905845
229,2021-05-28,V,227.58999633789062,229.42999267578125,227.14999389648438,223.59368896484375,5779700.0,4.0,0.5981547934513003,229.4919241439291,217.7718636978678,53.84014076972932,-8.983421820879316,6.514110681910261,224.33648834228515,219.339022064209,16.760000228881836,10.41576346905845
229,2021-05-28,VZ,56.349998474121094,56.63999938964844,56.290000915527344,48.76025390625,14027800.0,4.0,-0.29997498885174423,51.71425014727086,48.027181661200814,46.46595442393573,-92.21280118333122,19.082003286170607,49.7710205078125,49.39448986053467,16.760000228881836,10.41576346905845
229,2021-05-28,WBA,53.310001373291016,53.709999084472656,52.58000183105469,47.14080810546875,4551900.0,4.0,0.04029059005860347,49.739965127802314,46.81995461096722,50.69773713946513,-59.24523227975638,28.089456351118468,47.87435086568197,47.49374039967855,16.760000228881836,10.41576346905845
229,2021-05-28,WMT,141.92999267578125,142.4499969482422,141.63999938964844,137.18350219726562,7062100.0,4.0,0.9470401411968794,139.1022730196014,132.69390007610173,54.89301819412776,87.24024298740731,22.327007189743103,135.33598937988282,132.62167002360027,16.760000228881836,10.41576346905845
230,2021-06-01,AAPL,125.08000183105469,125.3499984741211,123.94000244140625,122.67481231689453,67637100.0,1.0,-1.0462452474028083,128.26318463723877,121.1499051149585,46.5239514714205,-89.84818037389047,18.935226539185265,126.92408116658528,125.11736450195312,17.899999618530273,16.68265157328071
230,2021-06-01,AMGN,242.1999969482422,242.27999877929688,232.94000244140625,217.0513153076172,3799600.0,1.0,-2.450405786719898,240.53555600547529,218.25930178261066,43.01040224056742,-132.04754912246187,27.00089814994491,229.73790588378907,228.08401311238606,17.899999618530273,16.68265157328071
230,2021-06-01,AXP,162.50999450683594,164.11000061035156,161.5500030517578,158.49844360351562,3827800.0,1.0,2.704061202329541,157.0993471630677,146.93393988527214,64.99229054780702,163.5492504642389,29.899805033722004,149.7311787923177,144.93746185302734,17.899999618530273,16.68265157328071
230,2021-06-01,BA,253.0,255.63999938964844,251.52000427246094,254.72999572753906,13562800.0,1.0,2.686328684851077,252.19772155013172,215.32327759537608,58.106601963194805,228.1666054733148,29.888166603319196,234.7570002237956,242.78766657511395,17.899999618530273,16.68265157328071
230,2021-06-01,CAT,244.00999450683594,244.92999267578125,241.80999755859375,231.10427856445312,2476000.0,1.0,2.265258673819943,233.08976147078866,222.27309405899652,59.65515731491534,106.13012487363144,17.970463336670818,224.5492202758789,220.45930913289388,17.899999618530273,16.68265157328071
230,2021-06-01,CRM,238.0,238.39999389648438,232.4600067138672,236.1999969482422,8103900.0,1.0,2.5753331940427984,236.4862111800054,205.33778784343212,56.48989769562347,98.9343466117368,23.04218200395283,224.553667195638,221.09566650390624,17.899999618530273,16.68265157328071
230,2021-06-01,CSCO,52.959999084472656,53.31999969482422,52.43000030517578,48.828643798828125,15741700.0,1.0,0.35240675370688734,50.15008217514559,47.50350592910245,56.17083878025728,54.388490674157104,20.5574404093599,48.474482727050784,47.65182037353516,17.899999618530273,16.68265157328071
230,2021-06-01,CVX,105.30000305175781,107.43000030517578,105.30000305175781,97.62854766845703,10260600.0,1.0,0.17691374463583998,100.48660860445287,93.18616056058619,54.82824180401403,40.023627852979125,9.604912312194145,95.65183842976889,95.57646649678549,17.899999618530273,16.68265157328071
230,2021-06-01,DIS,180.17999267578125,181.00999450683594,178.74000549316406,178.83999633789062,7475600.0,1.0,-1.789531368005015,187.2519074606197,167.20008838898968,48.177903677519055,0.16422061780223873,5.030055800041229,179.51199849446616,184.74133275349934,17.899999618530273,16.68265157328071
230,2021-06-01,GS,377.70001220703125,383.3599853515625,376.30999755859375,360.4654846191406,3644000.0,1.0,7.178983606424197,357.19087304529626,328.70873327794595,65.13878169147527,151.1803853215384,39.965391290131706,335.9463704427083,325.3269989013672,17.899999618530273,16.68265157328071
230,2021-06-01,HD,320.6600036621094,321.260009765625,315.1700134277344,297.8805236816406,3549800.0,1.0,-0.6469402095372061,321.2908311308163,287.56686540238684,53.00904937302031,-73.74034126926438,7.51936083405732,304.4977518717448,292.70402704874675,17.899999618530273,16.68265157328071
230,2021-06-01,HON,232.88999938964844,233.69000244140625,231.50999450683594,222.7577362060547,2234000.0,1.0,1.6870539405106229,222.93218074696944,209.04409031015945,59.99844864764233,174.7092750806841,17.68337333348211,215.3773396809896,211.54190038045246,17.899999618530273,16.68265157328071
230,2021-06-01,IBM,138.62332153320312,139.4168243408203,137.4282989501953,123.45265197753906,2528705.0,1.0,1.2657460373251723,125.4627200914195,121.54571878187153,59.291456145894,47.606984759271526,23.97777646669944,122.49521560668946,116.96444625854492,17.899999618530273,16.68265157328071
230,2021-06-01,INTC,57.61000061035156,57.81999969482422,56.59000015258789,52.93157958984375,20326400.0,1.0,-0.6232361964075253,54.34242988390614,50.04636444287609,46.76040085102514,-5.6344404235099885,7.781036709783729,53.15604960123698,56.31654300689697,17.899999618530273,16.68265157328071
230,2021-06-01,JNJ,170.14999389648438,170.1999969482422,165.3800048828125,155.84268188476562,10448400.0,1.0,1.107869698108459,161.35790616422327,155.93352907747595,51.59763520332752,-9.299199835037474,15.030959917115219,157.07396647135417,154.08924611409506,17.899999618530273,16.68265157328071
230,2021-06-01,JPM,165.8699951171875,166.91000366210938,165.47999572753906,154.48345947265625,9445400.0,1.0,2.412571433403457,155.31260845218821,145.29334705318286,62.059482591733484,112.10916611565695,31.541868441188438,147.1461659749349,144.80107549031575,17.899999618530273,16.68265157328071
230,2021-06-01,KO,55.34000015258789,55.650001525878906,55.099998474121094,51.28374099731445,13304000.0,1.0,0.39076915941758017,51.464784621050214,49.91523132438435,59.96303880786505,167.60290892357688,25.11530451122833,50.53044204711914,49.4731523513794,17.899999618530273,16.68265157328071
230,2021-06-01,MCD,235.97999572753906,235.99000549316406,232.74000549316406,221.96270751953125,2574300.0,1.0,0.7481582672028253,224.5991510743935,216.16390587140728,56.90954382791892,55.3982336739203,14.963905575629488,220.72176869710287,216.56665751139323,17.899999618530273,16.68265157328071
230,2021-06-01,MMM,204.97999572753906,205.08999633789062,202.5500030517578,183.80404663085938,1567300.0,1.0,1.5301541180594427,185.90322127623702,179.1589399786458,59.340839511539144,82.80981574026379,8.209663967084888,181.1636215209961,176.77953338623047,17.899999618530273,16.68265157328071
230,2021-06-01,MRK,72.57633972167969,72.65267181396484,71.59351348876953,66.29120635986328,15798914.0,1.0,-0.17050101137293439,71.11954496172613,66.32050935956293,44.482113478922976,-126.12417910046788,27.6782483773961,68.43889032999674,67.8632027943929,17.899999618530273,16.68265157328071
230,2021-06-01,MSFT,251.22999572753906,251.2899932861328,246.9600067138672,242.5333709716797,23213300.0,1.0,0.01909881991741713,248.95906006904235,235.0499609270514,51.35049469876462,-27.501943668341617,11.927555546388692,245.18272755940754,241.02036921183267,17.899999618530273,16.68265157328071
230,2021-06-01,NKE,137.85000610351562,138.0500030517578,134.2100067138672,131.37098693847656,5577900.0,1.0,0.4793633587702857,135.01215684168184,127.73842451818146,49.97666521260776,66.27037887088173,0.5786144800710044,130.1358548482259,131.47383867899578,17.899999618530273,16.68265157328071
230,2021-06-01,PG,135.7899932861328,136.0,132.47999572753906,125.67472839355469,9993900.0,1.0,0.28436652540062823,132.242274173529,125.77390548345345,47.45580571675719,-67.40190349222044,23.898262463486827,128.13006846110025,126.521076075236,17.899999618530273,16.68265157328071
230,2021-06-01,TRV,161.1199951171875,161.99000549316406,160.25999450683594,152.2373504638672,901300.0,1.0,0.9378727793275345,153.81951693391224,146.53913479948622,56.78074064131821,135.08480539999246,8.886449286333459,149.2753692626953,147.1143595377604,17.899999618530273,16.68265157328071
230,2021-06-01,UNH,413.7300109863281,413.7300109863281,406.1600036621094,392.85723876953125,2199600.0,1.0,4.552445481378754,404.3453616862428,390.61381800125713,59.52246716544472,18.570304003057313,19.416138649292908,393.24034830729164,374.1575052897135,17.899999618530273,16.68265157328071
230,2021-06-01,V,229.44000244140625,230.0800018310547,226.27999877929688,222.9346160888672,5091500.0,1.0,0.5122192323518391,228.7542745862676,217.95445038931834,53.21102689584337,-17.87651209936707,2.6903973934388095,224.37477111816406,219.52809524536133,17.899999618530273,16.68265157328071
230,2021-06-01,VZ,56.75,56.86000061035156,56.2400016784668,48.66530227661133,14922800.0,1.0,-0.3207905085726708,51.723285191360546,47.88521891325371,45.99107645492324,-84.69368001858558,13.929333705379749,49.71318817138672,49.40853163401286,17.899999618530273,16.68265157328071
230,2021-06-01,WBA,52.9900016784668,53.22999954223633,52.5099983215332,47.30194091796875,4579800.0,1.0,-0.018939098878000493,49.75952031837628,46.711206839216494,51.18946296502851,-67.71021109515226,28.612236004155843,47.85970840454102,47.58390140533447,17.899999618530273,16.68265157328071
230,2021-06-01,WMT,142.2100067138672,142.8000030517578,141.27000427246094,136.82611083984375,6922500.0,1.0,0.900418749335131,139.11225757031897,132.6931837138607,54.199446637742554,75.60829369518521,18.206504840116327,135.41636708577474,132.84027760823568,17.899999618530273,16.68265157328071
231,2021-06-02,AAPL,124.27999877929688,125.23999786376953,124.05000305175781,123.44476318359375,59278900.0,2.0,-1.038251706694865,128.12539044212767,121.03370303321411,47.43370074969326,-80.23894775149743,18.93522653918526,126.66664047241211,125.26373812357585,17.479999542236328,10.192631146725951
231,2021-06-02,AMGN,234.89999389648438,236.69000244140625,233.88999938964844,218.51953125,2266800.0,2.0,-2.8124677521107913,241.06385207241735,216.75782761508268,44.1765019088512,-129.5495870780559,27.000898149944902,229.05118001302083,228.22247899373372,17.479999542236328,10.192631146725951
231,2021-06-02,AXP,164.61000061035156,165.69000244140625,163.32000732421875,158.84693908691406,3384600.0,2.0,2.940565921328016,158.26721695982627,146.69425917542765,65.25340339223791,179.25325565228027,34.360113466635134,150.34480895996094,145.16814295450845,17.479999542236328,10.192631146725951
231,2021-06-02,BA,255.60000610351562,258.3999938964844,254.6199951171875,255.6199951171875,10820400.0,2.0,3.689213998059188,255.7270747160804,213.99292345286491,58.422958282099735,219.84673782874592,33.13505777725083,235.47566680908204,243.31416651407878,17.479999542236328,10.192631146725951
231,2021-06-02,CAT,243.07000732421875,245.10000610351562,240.6999969482422,231.77069091796875,2348500.0,2.0,2.406901756289159,233.2084552019132,223.11114776439538,60.05883764255334,100.17291328659618,14.070343909876554,225.08405659993488,220.822287495931,17.479999542236328,10.192631146725951
231,2021-06-02,CRM,234.39999389648438,238.2899932861328,233.89999389648438,234.6199951171875,5543900.0,2.0,2.9733230073939296,238.3967082276027,205.17129103997542,55.55819391469829,93.45281800487383,23.042182003952814,224.77566680908203,221.54399973551432,17.479999542236328,10.192631146725951
231,2021-06-02,CSCO,52.650001525878906,52.9900016784668,52.400001525878906,49.1441535949707,14529300.0,2.0,0.3400468890344257,49.96388374791021,47.89849265589839,57.306142746452736,49.87166067557564,20.93360941115245,48.51067288716634,47.74133930206299,17.479999542236328,10.192631146725951
231,2021-06-02,CVX,107.20999908447266,108.55999755859375,106.20999908447266,98.93757629394531,9141800.0,2.0,0.3982211461548246,100.72672922010615,93.24383810167119,56.36195490382566,68.43087609022825,14.745555187795784,95.89519627888997,95.57123616536458,17.479999542236328,10.192631146725951
231,2021-06-02,DIS,179.0399932861328,179.10000610351562,176.92999267578125,177.0,7851700.0,2.0,-1.6371846201172673,186.3286799872382,167.39831586237116,46.49429483575044,-24.692497828068802,2.1383432319083973,179.31899871826172,184.32616602579753,17.479999542236328,10.192631146725951
231,2021-06-02,GS,383.3299865722656,384.6700134277344,379.3699951171875,361.40802001953125,2809700.0,2.0,7.8532726006653775,359.42277885475835,329.754754104226,65.41150016442651,154.222041213833,41.18458327685877,337.60138041178385,326.1183385213216,17.479999542236328,10.192631146725951
231,2021-06-02,HD,315.4800109863281,316.9800109863281,312.4100036621094,296.5267333984375,3380100.0,2.0,-0.8900303732847874,320.2477110091779,286.9245179947284,52.15188391342502,-101.07265829836554,13.520497003268733,304.2124847412109,293.60582682291664,17.479999542236328,10.192631146725951
231,2021-06-02,HON,234.02000427246094,234.02000427246094,230.5,220.6444091796875,2225400.0,2.0,1.83685552829985,223.50095262101226,209.07419386336275,57.88733162600878,140.39808669093517,13.66599726588744,215.51665802001952,211.92308959960937,17.479999542236328,10.192631146725951
231,2021-06-02,IBM,138.26004028320312,139.34034729003906,137.7724609375,124.76258087158203,2915097.0,2.0,1.2988744717994791,125.60852278516442,121.53523408129065,60.936043943506974,72.15127303765519,23.977776466699435,122.75454152425131,117.28250439961751,17.479999542236328,10.192631146725951
231,2021-06-02,INTC,56.90999984741211,57.689998626708984,56.7599983215332,53.48052978515625,18483600.0,2.0,-0.5158060250398577,54.45498334117132,50.02018221669001,48.04867544064108,12.76287087312133,7.781036709783725,53.006060155232746,56.28547274271647,17.479999542236328,10.192631146725951
231,2021-06-02,JNJ,165.3000030517578,166.72999572753906,165.11000061035156,156.47344970703125,6806000.0,2.0,0.8565130137883159,161.4059516826407,155.8356025776132,52.61113140610058,-40.1690446323619,16.394463089216817,157.09757283528646,154.2426429748535,17.479999542236328,10.192631146725951
231,2021-06-02,JPM,167.25999450683594,167.44000244140625,165.52999877929688,154.49278259277344,10498600.0,2.0,2.479792351510497,155.38250593715554,146.20775285190695,62.06769121247591,110.29470418117083,33.33575330049786,147.6668477376302,145.01885782877605,17.479999542236328,10.192631146725951
231,2021-06-02,KO,55.5,55.560001373291016,55.2599983215332,51.48784255981445,11328500.0,2.0,0.4063774861276954,51.572990836331975,49.933194313814504,60.91475046888694,167.39120805470657,25.11530451122832,50.571570841471356,49.53942604064942,17.479999542236328,10.192631146725951
231,2021-06-02,MCD,233.97000122070312,234.3300018310547,232.80999755859375,222.47657775878906,3172000.0,2.0,0.8377189397168081,224.7410561506816,216.13662787031447,57.443554985797014,36.39716033315046,14.96390557562948,220.7867919921875,216.9761609395345,17.479999542236328,10.192631146725951
231,2021-06-02,MMM,203.72999572753906,203.97000122070312,202.36000061035156,183.8854217529297,1877400.0,2.0,1.4993244485663126,185.7622202705501,179.7853612113835,59.424846100177255,66.79035223181017,7.16589059889453,181.35775400797527,177.09405085245768,17.479999542236328,10.192631146725951
231,2021-06-02,MRK,71.86068725585938,72.60496520996094,71.82251739501953,66.89962005615234,11830453.0,2.0,-0.2562592538424582,71.13058381557666,66.29888853549757,46.481749390804396,-100.73120181790837,27.67824837739609,68.35953114827474,67.89767977396647,17.479999542236328,10.192631146725951
231,2021-06-02,MSFT,248.1300048828125,249.27000427246094,245.83999633789062,242.4353485107422,19406700.0,2.0,-0.05928287431115109,248.96395838528392,235.05299107760672,51.28335439281849,-39.906673106165066,14.956487538458576,244.84402313232422,241.3542340596517,17.479999542236328,10.192631146725951
231,2021-06-02,NKE,134.58999633789062,135.49000549316406,133.52999877929688,131.03890991210938,5226100.0,2.0,0.3946344391190735,134.8437582891043,128.18858118843474,49.59652234718167,22.877618829977433,3.1113738254254897,130.37402928670247,131.47190106709797,17.479999542236328,10.192631146725951
231,2021-06-02,PG,133.0,133.6300048828125,132.52000427246094,126.22325897216797,8254100.0,2.0,0.0673726119517255,132.33740333171062,125.57663475422687,48.48462521054446,-83.20422939977072,23.898262463486837,128.02243118286134,126.63077608744304,17.479999542236328,10.192631146725951
231,2021-06-02,TRV,161.67999267578125,161.74000549316406,159.88999938964844,151.58447265625,976000.0,2.0,0.9781831770453948,153.95075056065434,146.56592119227537,55.93369978551975,108.99159600407478,6.929196045097689,149.4163564046224,147.19794260660808,17.479999542236328,10.192631146725951
231,2021-06-02,UNH,409.1400146484375,409.1400146484375,404.54998779296875,392.016845703125,2232900.0,2.0,3.8717285409220494,404.50278528222873,389.92610876074,58.937163486950986,-12.165883137936216,14.37206982828528,393.54042561848956,375.07383117675784,17.479999542236328,10.192631146725951
231,2021-06-02,V,229.22000122070312,233.11000061035156,228.77999877929688,225.91519165039062,9081100.0,2.0,0.6768202565424133,228.3649040733902,218.1437919104965,55.636194843283036,49.01095540570469,14.1625360405173,224.59458821614584,219.6872812906901,17.479999542236328,10.192631146725951
231,2021-06-02,VZ,56.310001373291016,56.84000015258789,56.16999816894531,48.89836120605469,13681100.0,2.0,-0.31485163639190716,51.64322643146707,47.79696064128683,47.357147096952666,-76.39718057174152,15.17773566647975,49.66312446594238,49.41521364847819,17.479999542236328,10.192631146725951
231,2021-06-02,WBA,52.939998626708984,53.93000030517578,52.540000915527344,48.18818664550781,4175200.0,2.0,0.0055693692389269245,49.7644961551005,46.72163856474813,53.81061246828227,-23.7583234095317,19.33861202170152,47.88792050679525,47.669898923238115,17.479999542236328,10.192631146725951
231,2021-06-02,WMT,141.38999938964844,141.7100067138672,140.08999633789062,136.52670288085938,7766000.0,2.0,0.8297464399024364,139.1711647623268,132.74829477136458,53.61238748522773,30.168676912841736,6.030337951480487,135.4521286010742,133.07369575500488,17.479999542236328,10.192631146725951
232,2021-06-03,AAPL,124.68000030517578,124.8499984741211,123.12999725341797,121.94438934326172,76229200.0,3.0,-1.1398449745234558,128.00763637625712,120.72278736031515,45.860931495454075,-95.47286160557951,23.58608648564405,126.34637654622396,125.30742225646972,18.040000915527344,18.549927213679812
232,2021-06-03,AMGN,233.6699981689453,236.5800018310547,233.36000061035156,219.05848693847656,2010600.0,3.0,-3.0210900033834776,241.26516810889262,215.45359867577537,44.60691159978066,-118.0253612041825,28.043849756009838,228.39349314371745,228.3517801920573,18.040000915527344,18.549927213679812
232,2021-06-03,AXP,163.67999267578125,165.4199981689453,162.82000732421875,159.23406982421875,2454800.0,3.0,3.1232331426494113,159.36811333490658,146.3802463452692,65.54869693518688,168.14234903666528,31.529089223097824,150.90423940022785,145.4884251912435,18.040000915527344,18.549927213679812
232,2021-06-03,BA,252.97999572753906,254.8000030517578,249.69000244140625,250.32000732421875,10402000.0,3.0,4.010116980785398,257.67412148331454,214.25987815047455,55.82593782691279,151.58587095585025,22.318929423126125,235.9556671142578,243.64266662597657,18.040000915527344,18.549927213679812
232,2021-06-03,CAT,242.42999267578125,246.44000244140625,240.8699951171875,232.1324462890625,1923200.0,3.0,2.5193045797777813,233.72206006422513,223.1649272404624,60.28200572089815,104.09719925600798,17.58633634097557,225.4783716837565,221.26679509480795,18.040000915527344,18.549927213679812
232,2021-06-03,CRM,232.88999938964844,233.17999267578125,229.42999267578125,230.83999633789062,5109000.0,3.0,2.9497160011878805,239.35356083001756,205.7584386817012,53.37929429205768,53.588318136839824,11.335575315077662,224.78500010172527,221.86583302815754,18.040000915527344,18.549927213679812
232,2021-06-03,CSCO,52.79999923706055,53.560001373291016,52.619998931884766,49.48749542236328,17593100.0,3.0,0.35387714779776047,49.82280153882922,48.24372372972547,58.51581760303204,80.20261973010763,10.323217362517791,48.55397707621257,47.830745442708334,18.040000915527344,18.549927213679812
232,2021-06-03,CVX,107.55999755859375,108.08999633789062,106.55999755859375,98.4890365600586,8809300.0,3.0,0.5312910557966433,100.72020626626585,93.2455675069275,55.691695971966745,58.11153991111803,14.745555187795778,96.08139979044596,95.56229832967122,18.040000915527344,18.549927213679812
232,2021-06-03,DIS,176.27000427246094,176.97000122070312,175.4199981689453,176.24000549316406,5583900.0,3.0,-1.5597936002933466,185.81053149054583,167.38946545769636,45.81026839962467,-43.84551399598128,7.752939411141875,179.08999888102213,184.02166620890299,18.040000915527344,18.549927213679812
232,2021-06-03,GS,382.25,391.25,380.1300048828125,366.38458251953125,3003900.0,3.0,8.689056455405193,363.2734025264665,328.948887512596,66.82888291149123,170.32728015737646,46.967183967360974,339.3161285400391,327.04898325602215,18.040000915527344,18.549927213679812
232,2021-06-03,HD,311.0,312.92999267578125,309.69000244140625,294.82275390625,2652500.0,3.0,-1.206272821486209,319.2120912366439,286.17206708855144,51.07647946326875,-125.65292792771298,19.05400092992743,303.807948811849,294.38673146565753,18.040000915527344,18.549927213679812
232,2021-06-03,HON,230.7100067138672,231.63999938964844,228.47000122070312,219.1717987060547,2321300.0,3.0,1.81581541794975,223.78876912897712,209.16562235051506,56.45540022935362,93.86584778268478,5.898890910775344,215.5062733968099,212.2811637878418,18.040000915527344,18.549927213679812
232,2021-06-03,IBM,138.53729248046875,139.46463012695312,137.70555114746094,124.61701965332031,4320608.0,3.0,1.2984160885570617,125.72117877689087,121.58821834835328,60.654364748449865,67.37499630222928,24.604224079151702,122.85688807169596,117.60702718098959,18.040000915527344,18.549927213679812
232,2021-06-03,INTC,56.97999954223633,57.099998474121094,56.09000015258789,52.326812744140625,21831300.0,3.0,-0.5177933638494636,54.43776225877667,50.013026620617865,45.64720379501221,-20.216575675033546,14.907605748490793,52.78678932189941,56.191711807250975,18.040000915527344,18.549927213679812
232,2021-06-03,JNJ,165.88999938964844,167.14999389648438,165.7100067138672,156.3227996826172,5808800.0,3.0,0.6378026407775508,161.40526892198392,155.83683618055517,52.34035231885749,-32.45519752109731,13.36941825718005,157.11272684733072,154.38885065714518,18.040000915527344,18.549927213679812
232,2021-06-03,JPM,165.41000366210938,167.25,164.66000366210938,154.59512329101562,13354400.0,3.0,2.512362501436911,155.62516528975397,146.7698405085859,62.160656515056,102.33651531602602,27.474396888654123,148.15155639648438,145.254993947347,18.040000915527344,18.549927213679812
232,2021-06-03,KO,55.18000030517578,55.7400016784668,55.099998474121094,51.61771774291992,17364300.0,3.0,0.42433556312975895,51.67440348983127,49.98392590164823,61.51691785702155,156.15168744099003,28.31269928747242,50.60342216491699,49.61982491811116,18.040000915527344,18.549927213679812
232,2021-06-03,MCD,232.57000732421875,232.75999450683594,230.14999389648438,221.21087646484375,3249400.0,3.0,0.7973732786114454,224.5924039314028,216.16165795824563,55.68518633768221,-47.06649813541876,1.0953249854344977,220.83328653971355,217.3734026590983,18.040000915527344,18.549927213679812
232,2021-06-03,MMM,202.5,204.6699981689453,201.80999755859375,184.2291717529297,1902100.0,3.0,1.4855054830253493,185.8574258431229,180.0249746695724,59.787912344717626,68.29270406031664,10.563365618734743,181.48612162272136,177.45305836995442,18.040000915527344,18.549927213679812
232,2021-06-03,MRK,73.22000122070312,74.0,72.9000015258789,68.29959106445312,15974400.0,3.0,-0.20884982772088279,71.12553531889468,66.28257091279478,50.707843270431326,-20.506126278078057,8.405516520470307,68.30743891398112,67.95592664082845,18.040000915527344,18.549927213679812
232,2021-06-03,MSFT,245.22000122070312,246.33999633789062,243.0,240.8766326904297,25307700.0,3.0,-0.2443594480557465,248.96042677388417,235.03768571390881,50.203567960799845,-73.3745930124576,22.20823279243715,244.37772521972656,241.55795644124348,18.040000915527344,18.549927213679812
232,2021-06-03,NKE,133.1999969482422,134.69000244140625,132.50999450683594,131.03890991210938,5027400.0,3.0,0.32375412384683955,134.72180217894777,128.52796436157956,49.59652234718167,-3.5172565261484157,8.494309033091765,130.52155736287435,131.44738324483237,18.040000915527344,18.549927213679812
232,2021-06-03,PG,133.22999572753906,135.91000366210938,133.1999969482422,128.48365783691406,11249800.0,3.0,0.07691207510453069,132.20803689866295,125.93204107374912,52.453273091145874,-17.704004973350802,6.364478693568376,128.01833368937176,126.79584821065266,18.040000915527344,18.549927213679812
232,2021-06-03,TRV,159.91000366210938,162.25,158.9499969482422,152.34144592285156,812500.0,3.0,1.059003342655302,154.1437611628092,146.53471784109706,56.7083038989448,104.85052938831022,1.9522090054771875,149.53053436279296,147.31117375691733,18.040000915527344,18.549927213679812
232,2021-06-03,UNH,403.5,409.760009765625,402.8399963378906,394.054931640625,2281200.0,3.0,3.45686339408644,404.39131673924544,389.5990549648561,59.92578185681349,-12.409599575843586,9.138207722183635,393.8350301106771,375.995090230306,18.040000915527344,18.549927213679812
232,2021-06-03,V,229.0,230.38999938964844,227.77000427246094,224.39048767089844,6382400.0,3.0,0.6764393140935852,228.27926116835647,218.15393127549117,54.150900112326674,1.2074395819983454,9.560165086216246,224.62704722086588,219.81958185831706,18.040000915527344,18.549927213679812
232,2021-06-03,VZ,56.70000076293945,57.220001220703125,56.58000183105469,49.18320083618164,14212500.0,3.0,-0.2838883713240037,51.53057503123514,47.7620107231594,48.98844807197257,-45.55358143569709,6.236420438474775,49.62974853515625,49.43504047393799,18.040000915527344,18.549927213679812
232,2021-06-03,WBA,53.79999923706055,54.79999923706055,53.63999938964844,49.0296630859375,4600300.0,3.0,0.09183401763559118,49.83868781359303,46.71593865125072,56.12484975576617,52.42617755250556,8.905784148396478,47.923176829020186,47.770216878255205,18.040000915527344,18.549927213679812
232,2021-06-03,WMT,141.38999938964844,141.85000610351562,140.75,136.76815795898438,6124800.0,3.0,0.7841819707682305,139.2482223793705,132.82094418557088,54.02779903484826,46.604490691254,7.242121173620254,135.4827896118164,133.29501037597657,18.040000915527344,18.549927213679812
233,2021-06-04,AAPL,124.06999969482422,126.16000366210938,123.8499984741211,124.2640380859375,75169300.0,4.0,-1.0214079487680436,127.43903391448211,120.93307835968781,48.58735876081501,-60.62494597280506,13.660486977893083,126.15467580159505,125.40799713134766,16.420000076293945,8.675437522938358
233,2021-06-04,AMGN,236.74000549316406,239.27999877929688,235.75,220.08993530273438,1875700.0,4.0,-3.0678313278485234,241.06882569900165,214.47023985275615,45.43974677449343,-88.89741130684794,18.80074442053394,227.88491516113282,228.483354695638,16.420000076293945,8.675437522938358
233,2021-06-04,AXP,165.0,165.72999572753906,163.32000732421875,159.69862365722656,3239300.0,4.0,3.2678145119286057,160.41559533916453,146.11867437519092,65.90835621481463,165.16188996959323,32.472082397034555,151.47979990641275,145.78991292317707,16.420000076293945,8.675437522938358
233,2021-06-04,BA,251.50999450683594,251.8000030517578,248.49000549316406,249.9199981689453,8799000.0,4.0,4.183927795540086,259.33201567128134,214.61298402354285,55.63285595499251,122.15724796245375,19.786799838654087,236.47533365885417,243.71899998982747,16.420000076293945,8.675437522938358
233,2021-06-04,CAT,245.1199951171875,246.69000244140625,242.32000732421875,232.30380249023438,1837900.0,4.0,2.5923288868235943,234.1539615958476,223.39465748374226,60.39045317039503,108.81759156077527,18.253411225793016,225.99117482503254,221.64687220255533,16.420000076293945,8.675437522938358
233,2021-06-04,CRM,231.6300048828125,237.88999938964844,231.52000427246094,237.47999572753906,6177600.0,4.0,3.427292047338142,241.43836756565392,205.61663121364293,56.480780398143786,89.72503030577163,19.917633989118826,224.9893330891927,222.29116617838542,16.420000076293945,8.675437522938358
233,2021-06-04,CSCO,53.439998626708984,54.16999816894531,53.439998626708984,50.17417526245117,11676700.0,4.0,0.4154579115903019,50.02772105570041,48.19006001119412,60.8130031838544,135.42262134975613,0.26017079178325064,48.63347155253093,47.92545394897461,16.420000076293945,8.675437522938358
233,2021-06-04,CVX,108.23999786376953,108.66999816894531,107.20999908447266,99.27627563476562,6699300.0,4.0,0.6922932068510903,100.82835027912597,93.20592859050294,56.628164827764856,74.03790660450734,17.497373442851046,96.34750264485677,95.53829574584961,16.420000076293945,8.675437522938358
233,2021-06-04,DIS,175.92999267578125,177.52000427246094,175.61000061035156,177.17999267578125,6343400.0,4.0,-1.406399452241999,185.2582714270149,167.4807254601921,46.811479976781314,-32.62214396889864,5.39846658687317,178.90399881998698,183.7236661275228,16.420000076293945,8.675437522938358
233,2021-06-04,GS,389.67999267578125,392.04998779296875,386.32000732421875,368.9577941894531,2514100.0,4.0,9.450122726030884,367.2852073691296,327.4547859170033,67.54037202641044,182.24925755578948,47.63627408426033,341.2550496419271,327.8435653686523,16.420000076293945,8.675437522938358
233,2021-06-04,HD,312.1099853515625,313.45001220703125,309.3500061035156,294.4251403808594,2638700.0,4.0,-1.4720128804046908,316.7732496476996,286.26229722730045,50.82349931995419,-116.88373596799728,17.517252007133195,303.53110555013023,295.1150207519531,16.420000076293945,8.675437522938358
233,2021-06-04,HON,229.75999450683594,230.75,229.19000244140625,219.98458862304688,1300000.0,4.0,1.8434758899090298,224.05071755238518,209.12900199107187,57.06185117408086,98.20967284464213,5.898890910775347,215.56233978271484,212.56867294311525,16.420000076293945,8.675437522938358
233,2021-06-04,IBM,139.579345703125,141.06118774414062,139.3498992919922,126.21807861328125,3261323.0,4.0,1.4109799949189323,125.8719304355977,121.49226100116988,62.620437695565556,157.44899522618337,32.26851406068981,123.0766716003418,117.90616099039714,16.420000076293945,8.675437522938358
233,2021-06-04,INTC,56.54999923706055,57.75,56.540000915527344,53.37818145751953,21493800.0,4.0,-0.42957974773160856,54.463041530139236,50.004494633190845,48.09289622519827,38.61032296075775,6.381861462108142,52.63739547729492,56.12194671630859,16.420000076293945,8.675437522938358
233,2021-06-04,JNJ,167.00999450683594,167.57000732421875,165.8699951171875,156.25692749023438,6510300.0,4.0,0.4539251919803746,161.47313429308954,155.70024522351204,52.218784002690064,-29.538793917541,10.304820632239252,157.16966094970704,154.51134923299153,16.420000076293945,8.675437522938358
233,2021-06-04,JPM,166.2100067138672,166.6699981689453,165.02999877929688,154.8463134765625,8510800.0,4.0,2.529287476990561,156.10145995349367,146.828493049436,62.39466875637199,100.69489631948083,27.474396888654123,148.7429448445638,145.4444475809733,16.420000076293945,8.675437522938358
233,2021-06-04,KO,55.900001525878906,56.47999954223633,55.779998779296875,52.17434310913086,18935100.0,4.0,0.47797271178204426,51.93654855827799,49.87949148078451,63.977502134720794,224.17381422954654,39.638834245619165,50.65908457438151,49.70060710906982,16.420000076293945,8.675437522938358
233,2021-06-04,MCD,233.44000244140625,233.8000030517578,232.07000732421875,222.09591674804688,1615200.0,4.0,0.8272780592702986,224.56694938940083,216.16902930932966,56.64516424612914,10.787424322849406,4.481282478893883,220.88719889322917,217.71031188964844,16.420000076293945,8.675437522938358
233,2021-06-04,MMM,204.11000061035156,206.1199951171875,203.77000427246094,186.38201904296875,1868600.0,4.0,1.6294869265159946,186.40897284722342,179.93643273138986,61.99135551236498,118.81059193622471,17.267739494195457,181.68565317789714,177.79811121622723,16.420000076293945,8.675437522938358
233,2021-06-04,MRK,74.19999694824219,74.4800033569336,73.9000015258789,68.48441314697266,12728500.0,4.0,-0.15458199351898827,71.1220124982507,66.27615492118291,51.23375711425217,14.61902555187719,2.7034245196989404,68.29883524576823,68.00822168986002,16.420000076293945,8.675437522938358
233,2021-06-04,MSFT,247.75999450683594,251.64999389648438,247.50999450683594,245.85665893554688,25281100.0,4.0,0.010689312273967744,249.18529924669198,234.97312665662835,53.443456826388385,10.845741676556498,4.413262981407938,244.1886016845703,241.86684875488282,16.420000076293945,8.675437522938358
233,2021-06-04,NKE,134.5,134.94000244140625,132.27999877929688,130.6189422607422,5217100.0,4.0,0.2310299146344903,134.70301014042911,128.59742626093805,49.0911559624429,-15.094850430508334,6.937702257448946,130.6784792582194,131.38922437032065,16.420000076293945,8.675437522938358
233,2021-06-04,PG,135.6999969482422,136.6199951171875,135.39999389648438,128.57821655273438,6894400.0,4.0,0.0910526680092687,132.20005163423508,126.01663232572588,52.611259820707616,18.12943397094454,1.5793032697163503,128.05994669596353,126.94432767232259,16.420000076293945,8.675437522938358
233,2021-06-04,TRV,160.5800018310547,161.0,159.0500030517578,151.3952178955078,960000.0,4.0,1.0347729933860137,154.08580239068718,146.54536521185187,55.44793661388885,72.77161409082338,1.9522090054771675,149.66079813639323,147.3840326944987,16.420000076293945,8.675437522938358
233,2021-06-04,UNH,410.9599914550781,411.0,404.6499938964844,391.8140563964844,2990900.0,4.0,2.913672864764351,404.0552274076353,389.0339480074038,58.32850922656029,-14.827069656305184,12.250877841776592,394.1280253092448,376.9171798706055,16.420000076293945,8.675437522938358
233,2021-06-04,V,229.35000610351562,230.6999969482422,228.72999572753906,226.38739013671875,5085700.0,4.0,0.8277292075784146,228.11154959226434,218.23856942629033,55.75137753534652,28.80662750922212,10.74079554130854,224.72213948567708,219.93916142781575,16.420000076293945,8.675437522938358
233,2021-06-04,VZ,56.91999816894531,57.369998931884766,56.900001525878906,49.45942306518555,11868100.0,4.0,-0.23435938616423613,51.30209082423747,47.81872521580159,50.526423699255744,-24.540346271418127,2.866870416175125,49.630324300130205,49.44694601694743,16.420000076293945,8.675437522938358
233,2021-06-04,WBA,54.779998779296875,55.09000015258789,54.52000045776367,49.10127639770508,3126100.0,4.0,0.1640864819319674,49.919930878793195,46.71123557933669,56.317534742407595,81.23739418461386,5.615796379749825,48.00430971781413,47.84125595092773,16.420000076293945,8.675437522938358
233,2021-06-04,WMT,141.4600067138672,142.2899932861328,141.25,137.00965881347656,4545300.0,4.0,0.7588117913688279,139.31555380574426,132.83088479288855,54.44985678347117,62.564723241291254,11.093773061300237,135.57056833902996,133.4678145090739,16.420000076293945,8.675437522938358
234,2021-06-07,AAPL,126.16999816894531,126.31999969482422,124.83000183105469,124.27391052246094,71057600.0,0.0,-0.9161878858037369,126.50781143020038,121.43886596848125,48.598755540466925,-49.240872977368106,12.481072349370615,125.88512878417968,125.47621803283691,16.420000076293945,14.778634039116845
234,2021-06-07,AMGN,236.9199981689453,240.57000732421875,235.1999969482422,220.40586853027344,2153800.0,0.0,-3.0442883322513694,240.34399008559527,213.77844796372116,45.69844106699255,-79.1595570505924,14.576512182135811,227.32596689860026,228.6015858968099,16.420000076293945,14.778634039116845
234,2021-06-07,AXP,165.6300048828125,166.64999389648438,165.3699951171875,160.58908081054688,2516400.0,0.0,3.414884081150916,161.46651095860616,145.73946133143292,66.59976575205914,178.6597339514166,35.298954301018284,152.176345316569,146.09015858968098,16.420000076293945,14.778634039116845
234,2021-06-07,BA,251.5,253.1999969482422,248.80999755859375,252.66000366210938,10606000.0,0.0,4.491000207745117,261.2450787123153,214.41892122664947,56.69420026309144,120.85022037641983,21.805528737275043,236.95133361816406,243.73000005086263,16.420000076293945,14.778634039116845
234,2021-06-07,CAT,244.0500030517578,244.3300018310547,238.6199951171875,228.24832153320312,2330700.0,0.0,2.2964853030441645,234.09134447304413,223.3401786592801,56.60634987703511,53.33750311839979,4.829317617162174,226.29739583333333,221.9798917134603,16.420000076293945,14.778634039116845
234,2021-06-07,CRM,236.60000610351562,239.47000122070312,235.83999633789062,238.13999938964844,3510800.0,0.0,3.81505371981973,243.32915480066293,205.8898439175988,56.776454270784896,105.40562853391269,22.60397113189084,225.14366658528647,222.66099955240887,16.420000076293945,14.778634039116845
234,2021-06-07,CSCO,54.31999969482422,54.439998626708984,53.790000915527344,50.034976959228516,14899800.0,0.0,0.4478662475058428,50.11947418640508,48.14377578307734,60.11493343519258,138.82697457658696,3.8878552592960434,48.69564361572266,48.01001110076904,16.420000076293945,14.778634039116845
234,2021-06-07,CVX,108.37000274658203,108.69999694824219,107.56999969482422,98.635498046875,6748600.0,0.0,0.7594289511577301,100.68570395857398,93.26256722062524,55.638008614895334,67.09804390859325,17.644345257104742,96.5741589864095,95.50632654825846,16.420000076293945,14.778634039116845
234,2021-06-07,DIS,177.97000122070312,178.07000732421875,176.39999389648438,176.99000549316406,5178100.0,0.0,-1.2853471804191656,183.93548898658977,168.0185088161446,46.63133905647639,-24.245513447746738,2.992801727370995,178.70299886067707,183.3943328857422,16.420000076293945,14.778634039116845
234,2021-06-07,GS,393.0,393.260009765625,387.54998779296875,365.8568115234375,2188700.0,0.0,9.691334175801671,369.8096842251303,326.67574057955716,65.78140226663913,170.40116280470912,48.68309873929271,342.82445068359374,328.5852111816406,16.420000076293945,14.778634039116845
234,2021-06-07,HD,311.1199951171875,312.3299865722656,307.8800048828125,293.43109130859375,3974800.0,0.0,-1.7427360675966952,313.3070340278976,287.1232302543289,50.18070479652114,-120.3817713082683,20.61371666993112,303.1448486328125,295.78577728271483,16.420000076293945,14.778634039116845
234,2021-06-07,HON,229.50999450683594,230.36000061035156,227.52999877929688,218.20596313476562,2032400.0,0.0,1.7022542732631507,224.08242741805927,209.1323827626048,55.31781358403124,64.4619099875165,0.45705003662177757,215.7102015177409,212.8330451965332,16.420000076293945,14.778634039116845
234,2021-06-07,IBM,141.06118774414062,142.1988525390625,140.69789123535156,126.73181915283203,3621984.0,0.0,1.5240736968484327,126.35057888454085,121.23279513889665,63.23032918975067,199.6008709293197,37.136162671563106,123.28112284342448,118.2241589864095,16.420000076293945,14.778634039116845
234,2021-06-07,INTC,57.40999984741211,57.439998626708984,56.779998779296875,53.1176643371582,17364400.0,0.0,-0.37635301253724407,54.375760270006595,50.03781165992504,47.54451216813731,36.92165968127842,6.381861462108135,52.58196182250977,56.03150278727214,16.420000076293945,14.778634039116845
234,2021-06-07,JNJ,166.0,166.32000732421875,164.6300048828125,155.1930694580078,5362800.0,0.0,0.2198225592468077,161.70544122513056,155.22171941940067,50.26812540951966,-65.00941656781723,17.355190655122403,157.18052775065104,154.61627273559571,16.420000076293945,14.778634039116845
234,2021-06-07,JPM,167.0,167.10000610351562,165.13999938964844,154.12066650390625,7267200.0,0.0,2.4558376283720804,156.3989208710249,146.9422488677446,61.26243725963937,96.80612390737366,29.23142617732415,149.22269337972006,145.63429361979166,16.420000076293945,14.778634039116845
234,2021-06-07,KO,56.310001373291016,56.34000015258789,55.810001373291016,51.988800048828125,14010800.0,0.0,0.49974798056772585,52.10079067889933,49.85718928631063,62.597342655700004,183.61752438813895,39.638834245619165,50.707634607950844,49.78688405354818,16.420000076293945,14.778634039116845
234,2021-06-07,MCD,234.0,234.07000732421875,231.16000366210938,220.48764038085938,1877000.0,0.0,0.7129845098767191,224.38428229566722,216.17467766527028,54.42869783428077,-21.368735294591374,0.6449565075386279,220.83639577229818,218.0478630065918,16.420000076293945,14.778634039116845
234,2021-06-07,MMM,206.35000610351562,206.80999755859375,203.30999755859375,184.28346252441406,1531100.0,0.0,1.5563170311722274,186.51760713766137,180.02167966653784,58.7453487406822,93.1372330939168,20.306610806624693,181.7763219197591,178.10728963216147,16.420000076293945,14.778634039116845
234,2021-06-07,MRK,74.13999938964844,74.19999694824219,72.77999877929688,67.27384185791016,16794400.0,0.0,-0.20687263088125007,71.09996278999185,66.1116575408187,47.77962246569924,-36.97077883463274,13.987888975636409,68.25223083496094,68.04223442077637,16.420000076293945,14.778634039116845
234,2021-06-07,MSFT,249.97999572753906,254.08999633789062,249.80999755859375,248.8172607421875,23079200.0,0.0,0.44656538756601094,249.59522392776842,234.75256354781754,55.23466217917446,63.36666535284476,2.5563695832198445,243.9684087117513,242.1483055114746,16.420000076293945,14.778634039116845
234,2021-06-07,NKE,134.0,135.1999969482422,133.4499969482422,130.8240203857422,3765000.0,0.0,0.17210943118169553,134.2735750349609,128.6769697038086,49.351858581382984,0.6834222399068577,5.25882732324042,130.80942153930664,131.27600135803223,16.420000076293945,14.778634039116845
234,2021-06-07,PG,136.36000061035156,136.83999633789062,135.67999267578125,129.0227813720703,8418000.0,0.0,0.13655770310379012,132.20096713606912,126.13583324845237,53.36490962225532,27.514160195612632,0.08782082512932528,128.13813222249348,127.106951268514,16.420000076293945,14.778634039116845
234,2021-06-07,TRV,160.42999267578125,160.42999267578125,157.63999938964844,149.27569580078125,980500.0,0.0,0.8349181310642564,153.8641234634439,146.47844703216157,52.7321755933761,17.043606641947427,5.580489797507846,149.6582758585612,147.42613932291667,16.420000076293945,14.778634039116845
234,2021-06-07,UNH,406.9599914550781,407.2099914550781,398.69000244140625,386.60772705078125,3353800.0,0.0,2.0395722701708223,403.7221960782999,387.68628780841885,54.816817574569,-87.11371238002859,4.5495665851841895,394.1260935465495,377.6963526407878,16.420000076293945,14.778634039116845
234,2021-06-07,V,232.85000610351562,234.67999267578125,230.0800018310547,227.54815673828125,5421300.0,0.0,1.0294251298626307,227.9982855067563,218.30625856062653,56.661097969633275,81.77450297734981,24.3027518518466,224.77636108398437,220.02930119832357,16.420000076293945,14.778634039116845
234,2021-06-07,VZ,57.22999954223633,57.33000183105469,57.06999969482422,49.373104095458984,11144100.0,0.0,-0.1997697072148128,51.15505400390586,47.834561245727926,50.03871784431054,-23.45741119066215,2.8668704161751206,49.62744700113932,49.479758644104,16.420000076293945,14.778634039116845
234,2021-06-07,WBA,54.849998474121094,55.099998474121094,54.43000030517578,48.841670989990234,3026000.0,0.0,0.19811534329311797,49.95909233964515,46.716441336502314,55.40505778492611,67.82517857625959,6.552321490561738,48.063771947224936,47.893175760904946,16.420000076293945,14.778634039116845
234,2021-06-07,WMT,141.85000610351562,141.97000122070312,140.38999938964844,136.09205627441406,5543600.0,0.0,0.657088379419946,139.3345698598236,132.87948043314515,52.5534268003219,25.879069542734992,2.2247702338097293,135.620383199056,133.62612279256186,16.420000076293945,14.778634039116845
235,2021-06-08,AAPL,126.5999984741211,128.4600067138672,126.20999908447266,125.10305786132812,74403800.0,1.0,-0.7571668192889689,126.49165735696656,121.44416265035767,49.570007169893785,-8.924192356653384,2.050974723885462,125.63008117675781,125.57353185017904,17.06999969482422,9.208299031671393
235,2021-06-08,AMGN,238.92999267578125,239.1199951171875,235.25,220.0620574951172,1638000.0,1.0,-3.0185767421264416,239.72315447643814,213.09499280139391,45.455809317942204,-79.20157197483717,14.57651218213579,226.8020029703776,228.72654418945314,17.06999969482422,9.208299031671393
235,2021-06-08,AXP,164.86000061035156,167.13999938964844,163.6300048828125,161.16014099121094,2486300.0,1.0,3.5367481275045805,162.5407425890233,145.42307271859391,67.04319530147656,159.27235333775943,24.741543306375437,152.69802754720052,146.38721669514973,17.06999969482422,9.208299031671393
235,2021-06-08,BA,256.260009765625,256.30999755859375,250.0,252.75999450683594,15113900.0,1.0,4.688380994576306,263.0286413757261,214.61835874634423,56.73327363752069,122.89048996848668,26.215112572547383,237.32866668701172,243.45616658528647,17.06999969482422,9.208299031671393
235,2021-06-08,CAT,239.39999389648438,241.2100067138672,236.05999755859375,228.629150390625,2212300.0,1.0,2.068907756765782,233.86976329228648,223.32852314570178,56.8688902313169,21.337436496051403,3.290400787713614,226.60203297932944,222.17331212361654,17.06999969482422,9.208299031671393
235,2021-06-08,CRM,238.8000030517578,241.7899932861328,235.6699981689453,236.4199981689453,5827300.0,1.0,3.9381711297156414,244.45115659218646,207.02084200400492,55.755225378849296,104.26886683681983,26.475210420165673,225.17566630045573,223.0644994099935,17.06999969482422,9.208299031671393
235,2021-06-08,CSCO,53.970001220703125,54.38999938964844,53.88999938964844,50.2298583984375,15329700.0,1.0,0.483699602732635,50.277981569528656,48.07527999663345,60.76717983124947,136.48479159466424,3.8878552592960545,48.7726634979248,48.09750912984212,17.06999969482422,9.208299031671393
235,2021-06-08,CVX,107.6500015258789,108.9800033569336,106.30000305175781,99.53260040283203,10559500.0,1.0,0.8749374407488943,100.76600826842663,93.2266606463683,56.73367706828325,62.36789754374657,8.867709926506627,96.83162333170573,95.48373235066732,17.06999969482422,9.208299031671393
235,2021-06-08,DIS,175.97000122070312,177.1199951171875,175.19000244140625,176.3300018310547,5356200.0,1.0,-1.2285076905789936,182.51474381387627,168.6422538667878,45.99524947304742,-35.62479755534256,7.934526166521969,178.4383321126302,183.04716618855795,17.06999969482422,9.208299031671393
235,2021-06-08,GS,385.7900085449219,386.4800109863281,382.2200012207031,362.59564208984375,2452600.0,1.0,9.509724682477213,371.5271491107836,326.5851921978101,63.96897089848492,128.19496256586802,35.89130023186331,344.1545735677083,329.1674514770508,17.06999969482422,9.208299031671393
235,2021-06-08,HD,311.2699890136719,312.2900085449219,308.9800109863281,294.32098388671875,2913500.0,1.0,-1.8639923069696351,307.6993063893589,290.0385628733364,50.757472530879404,-105.94460196066343,20.61371666993112,302.9106801350911,296.4046590169271,17.06999969482422,9.208299031671393
235,2021-06-08,HON,228.30999755859375,230.82000732421875,227.44000244140625,219.75511169433594,1720600.0,1.0,1.69579044989365,224.0616830899202,209.13840541105637,56.515320608647066,73.38177869661601,1.2977765199460594,216.00428822835286,213.09340031941733,17.06999969482422,9.208299031671393
235,2021-06-08,IBM,141.6061248779297,143.5946502685547,141.6061248779297,127.63081359863281,5313785.0,1.0,1.6670261690012609,126.94877701046413,120.88289031741674,64.28520882413848,237.97337226951,42.55097196695674,123.53981297810873,118.55050760904948,17.06999969482422,9.208299031671393
235,2021-06-08,INTC,57.45000076293945,57.63999938964844,56.599998474121094,53.0339241027832,33254500.0,1.0,-0.3370423639158844,54.45360926750217,50.055795105666775,47.36492228104377,41.46312519193262,3.6772088497646225,52.53853276570638,55.94598210652669,17.06999969482422,9.208299031671393
235,2021-06-08,JNJ,165.27999877929688,165.66000366210938,162.07000732421875,153.82791137695312,7746800.0,1.0,-0.0749977840815177,162.0059459331747,154.37287334172765,47.89319522480469,-108.96793003679313,29.572367957274633,157.1895538330078,154.6912701924642,17.06999969482422,9.208299031671393
235,2021-06-08,JPM,164.49000549316406,165.75999450683594,163.16000366210938,153.50660705566406,10370700.0,1.0,2.3213198977898912,156.57315262089864,147.1196833776365,60.30448112981874,70.36680785544502,15.463066035015755,149.67049916585287,145.78569564819335,17.06999969482422,9.208299031671393
235,2021-06-08,KO,56.25,56.25,55.54999923706055,51.62699508666992,10968300.0,1.0,0.4822513083550888,52.17157527190062,49.85505551118044,59.98691546869703,137.9135395494484,31.309514357670114,50.76917266845703,49.86867694854736,17.06999969482422,9.208299031671393
235,2021-06-08,MCD,231.5,233.97999572753906,231.33999633789062,221.3916778564453,2106200.0,1.0,0.6874300517389997,223.79330876529843,216.46420008479924,55.44253406731727,-5.82586093392754,0.6449565075386176,220.88733927408853,218.38833541870116,17.06999969482422,9.208299031671393
235,2021-06-08,MMM,202.0,204.0399932861328,201.13999938964844,184.1568145751953,1701400.0,1.0,1.4711514131598165,186.15253655923345,180.18544714437985,58.55393411571898,40.05359319545762,7.083533203540085,181.93969167073567,178.40911966959635,17.06999969482422,9.208299031671393
235,2021-06-08,MRK,72.94999694824219,73.16999816894531,72.08000183105469,66.90420532226562,13657700.0,1.0,-0.27497023130615617,71.10568567691432,65.90358708919895,46.78334095739201,-74.14511696096496,20.173349767444662,68.20359268188477,68.0609748840332,17.06999969482422,9.208299031671393
235,2021-06-08,MSFT,255.16000366210938,256.010009765625,252.50999450683594,247.6016845703125,22455000.0,1.0,0.6860056335561922,250.26876090410596,234.66324898358934,54.34656158729298,95.886133701935,7.7367388384188285,243.6946543375651,242.43199869791667,17.06999969482422,9.208299031671393
235,2021-06-08,NKE,134.69000244140625,134.72000122070312,132.41000366210938,130.23806762695312,4915200.0,1.0,0.07724262798984682,134.0998955421702,128.5795966453298,48.61599408348066,-35.21951183584552,11.218726674517603,130.87502110799153,131.1650338490804,17.06999969482422,9.208299031671393
235,2021-06-08,PG,136.67999267578125,136.75,134.75,127.5284194946289,6911500.0,1.0,0.05144522809018781,132.11045892817654,125.9586878003391,50.56839227915556,-8.869755631174767,6.304383586216858,128.25099487304686,127.22540384928385,17.06999969482422,9.208299031671393
235,2021-06-08,TRV,157.19000244140625,157.92999267578125,155.8300018310547,149.06752014160156,988300.0,1.0,0.652215344398229,153.45114301066278,146.5006376900208,52.471054945721654,-44.818231943895114,14.272051864947885,149.71536458333333,147.43039728800457,17.06999969482422,9.208299031671393
235,2021-06-08,UNH,400.7200012207031,402.75,398.75,388.0469665527344,3051300.0,1.0,1.4463037615121266,401.72864182781,387.8301197688697,55.58157437801693,-106.53704259521434,4.549566585184185,394.31541341145834,378.43238067626953,17.06999969482422,9.208299031671393
235,2021-06-08,V,232.14999389648438,232.85000610351562,230.16000366210938,228.2662353515625,4170600.0,1.0,1.2330002845081651,228.78473380271924,218.1501355820464,57.22390520738848,71.3932371350618,24.302751851846597,224.8433868408203,220.16071319580078,17.06999969482422,9.208299031671393
235,2021-06-08,VZ,57.2400016784668,57.25,56.790000915527344,49.32994079589844,15858400.0,1.0,-0.1738361797155079,50.7972779491361,47.98776653023401,49.790110391456345,-34.100038448834965,9.021954354646347,49.6334893544515,49.51014391581217,17.06999969482422,9.208299031671393
235,2021-06-08,WBA,53.849998474121094,54.41999816894531,53.29999923706055,48.34036636352539,3800300.0,1.0,0.1825282947464757,49.90778308019086,46.71050915613727,53.66803622305111,-0.6296893996112639,17.53457169509693,48.115103530883786,47.91174125671387,17.06999969482422,9.208299031671393
235,2021-06-08,WMT,140.50999450683594,140.89999389648438,139.80999755859375,135.05856323242188,6706900.0,1.0,0.4874584734956784,139.32066450922335,132.79776505620632,50.503956265933574,-23.50676859113302,3.338533330384873,135.69956817626954,133.7354293823242,17.06999969482422,9.208299031671393
236,2021-06-09,AAPL,127.20999908447266,127.75,126.5199966430664,125.4880142211914,56877900.0,2.0,-0.5932402134630905,126.63953823421888,121.41670489932604,50.02355855794917,-2.7069055698064237,2.050974723885464,125.39870529174804,125.62864812215169,17.889999389648438,14.837682438040277
236,2021-06-09,AMGN,237.9199981689453,241.30999755859375,236.72999572753906,222.57101440429688,3047700.0,2.0,-2.7638878882521,238.95997418415746,212.834305295823,47.55776745923829,-53.725285060022266,7.183268433606635,226.37366689046223,228.80719451904298,17.889999389648438,14.837682438040277
236,2021-06-09,AXP,165.27000427246094,166.13999938964844,163.8000030517578,158.81784057617188,2700100.0,2.0,3.40507065917447,162.99150983503165,145.90726335832773,63.467889851868364,127.60339240152838,24.74154330637545,153.1409891764323,146.67016474405924,17.889999389648438,14.837682438040277
236,2021-06-09,BA,251.1999969482422,253.1699981689453,247.91000366210938,248.05999755859375,10693200.0,2.0,4.414666686455234,263.84827927591004,215.71672011373838,54.34883741973228,91.53708518187435,21.301113275256064,237.51499989827474,243.1633331298828,17.889999389648438,14.837682438040277
236,2021-06-09,CAT,239.0,239.19000244140625,234.4499969482422,223.3836669921875,2919600.0,2.0,1.448585843917158,234.13703733562605,222.61857026935442,52.355421211661834,-36.65477110932316,8.077057820048477,226.73880106608073,222.25182418823243,17.889999389648438,14.837682438040277
236,2021-06-09,CRM,238.8699951171875,238.8699951171875,235.50999450683594,236.08999633789062,3350900.0,2.0,3.9634262634278343,245.37942128115807,208.14557719296303,55.55688844652191,93.06336210341983,26.010539676623644,225.23833262125652,223.45266596476236,17.889999389648438,14.837682438040277
236,2021-06-09,CSCO,54.18000030517578,54.41999816894531,53.939998626708984,50.12778091430664,14860900.0,2.0,0.49811898940149746,50.408985615579994,48.05470189967879,60.233449555321656,128.4160993807135,4.39006200967101,48.8546324412028,48.17424596150716,17.889999389648438,14.837682438040277
236,2021-06-09,CVX,109.05999755859375,109.52999877929688,107.6500015258789,98.66294860839844,10146900.0,2.0,0.8860908157643621,100.93788282290035,93.27176607236333,55.3624478285127,70.89485824487431,11.910021560665992,97.02452850341797,95.46638870239258,17.889999389648438,14.837682438040277
236,2021-06-09,DIS,176.30999755859375,177.3300018310547,175.8800048828125,176.0399932861328,5082400.0,2.0,-1.1931098238822813,181.6224087286953,168.9715884636875,45.71181247205663,-28.95934827598035,6.923961347428187,178.15166524251302,182.70183283487955,17.889999389648438,14.837682438040277
236,2021-06-09,GS,383.1600036621094,384.2699890136719,378.8800048828125,360.7859191894531,2025900.0,2.0,9.114699751978435,372.6229242051891,327.75825255262333,62.972936439469464,105.20038284401078,28.486536590270134,345.3269927978516,329.76274058024086,17.889999389648438,14.837682438040277
236,2021-06-09,HD,311.45001220703125,312.9800109863281,306.8999938964844,290.9508361816406,3603700.0,2.0,-2.2065952481145814,305.17793401521345,290.5155748959193,48.55518704461219,-113.55868403393721,25.156615102836422,302.5453358968099,296.8819880167643,17.889999389648438,14.837682438040277
236,2021-06-09,HON,229.82000732421875,230.39999389648438,227.60000610351562,217.84262084960938,1973400.0,2.0,1.518837581293809,224.02867005822574,209.13494078161798,54.644968441755374,53.551210728493515,1.29777651994606,216.18987070719402,213.29299774169922,17.889999389648438,14.837682438040277
236,2021-06-09,IBM,142.47610473632812,144.4263916015625,142.27532958984375,129.0006866455078,5547252.0,2.0,1.8693061418745458,127.97093879291361,120.41296394756489,65.83045926679168,262.7751533414383,45.539082929223575,123.83174667358398,118.8859987894694,17.889999389648438,14.837682438040277
236,2021-06-09,INTC,57.36000061035156,57.47999954223633,56.970001220703125,53.0339241027832,13904800.0,2.0,-0.30240248406819603,54.51345780995594,50.17830854746593,47.36492228104377,50.21803363345985,3.677208849764618,52.51945444742839,55.84674466451009,17.889999389648438,14.837682438040277
236,2021-06-09,JNJ,163.99000549316406,165.77999877929688,163.66000366210938,155.89913940429688,5552600.0,2.0,-0.13990154052976322,162.03560863895405,154.13204577999124,51.49031453537945,-76.62443565348539,28.619680516448852,157.29693705240885,154.78800099690756,17.889999389648438,14.837682438040277
236,2021-06-09,JPM,164.13999938964844,164.22000122070312,162.27999877929688,151.590087890625,12377400.0,2.0,2.0365900057034025,156.3167798485821,147.78540673589055,57.40622766119571,39.27979639328791,9.900218454383056,150.03302256266275,145.91717961629232,17.889999389648438,14.837682438040277
236,2021-06-09,KO,55.75,55.91999816894531,55.47999954223633,51.46928787231445,9838800.0,2.0,0.45046671549511785,52.20386105887088,49.930384622891815,58.87972645200679,105.12381515395413,29.093409405833125,50.82792778015137,49.93748200734456,17.889999389648438,14.837682438040277
236,2021-06-09,MCD,232.97999572753906,234.32000732421875,231.4499969482422,220.27830505371094,1982200.0,2.0,0.570758727888915,223.6980425907542,216.45426606403095,53.91440985559174,-14.017691008501476,1.4200756378002353,220.8169397989909,218.58216934204103,17.889999389648438,14.837682438040277
236,2021-06-09,MMM,203.55999755859375,203.57000732421875,201.94000244140625,183.38795471191406,1707600.0,2.0,1.326327405245479,186.17479557798228,180.2091582794396,57.37975962706993,30.043477028197813,7.083533203540088,182.23247782389322,178.6298922220866,17.889999389648438,14.837682438040277
236,2021-06-09,MRK,73.0,74.30000305175781,72.94999694824219,68.41970825195312,12258700.0,2.0,-0.20429466766051974,71.11018539837202,65.91089614459672,51.107363583232846,-4.468098002639649,6.906591822898769,68.21046854654948,68.08101895650228,17.889999389648438,14.837682438040277
236,2021-06-09,MSFT,253.80999755859375,255.52999877929688,253.2100067138672,248.6016082763672,17937600.0,2.0,0.9455495335066644,251.0770643492535,234.63207871715272,54.96277342778698,118.16737819171429,7.73673883841884,243.44053700764974,242.74768040974934,17.889999389648438,14.837682438040277
236,2021-06-09,NKE,133.6199951171875,134.89999389648438,131.4499969482422,128.76329040527344,6448100.0,2.0,-0.11560951900946748,133.85953286348786,128.33124777616058,46.79914307808781,-71.42460127018481,16.40761491716216,130.8748919169108,130.9565466562907,17.889999389648438,14.837682438040277
236,2021-06-09,PG,135.5500030517578,136.44000244140625,134.74000549316406,127.48112487792969,6200700.0,2.0,-0.01959739529638682,132.0713991952418,125.78967563385973,50.48178077271696,-21.294814889552367,6.371308278528491,128.36480305989582,127.33648974100748,17.889999389648438,14.837682438040277
236,2021-06-09,TRV,156.07000732421875,156.25999450683594,154.5,147.24058532714844,1099900.0,2.0,0.35590109221749344,153.533635519798,146.31587925070983,50.213678831545636,-110.43635004949185,20.052716195195643,149.728271484375,147.40310236612956,17.889999389648438,14.837682438040277
236,2021-06-09,UNH,403.3299865722656,405.7799987792969,400.5299987792969,387.42877197265625,1925700.0,2.0,0.9156954903743326,401.8045376494344,386.73035309763594,55.16667885216098,-96.78885563386805,3.813567325536477,394.5279154459635,379.1925557454427,17.889999389648438,14.837682438040277
236,2021-06-09,V,232.5,234.85000610351562,232.1199951171875,228.52198791503906,4659000.0,2.0,1.3988471168922842,229.50279380129888,218.136108481416,57.42760057738149,100.47476975568074,30.377055491837236,224.93301645914713,220.31423212687176,17.889999389648438,14.837682438040277
236,2021-06-09,VZ,57.150001525878906,57.529998779296875,57.0099983215332,49.24362564086914,14705100.0,2.0,-0.15842238928715346,50.627572651548604,48.028860072450414,49.28357955414534,-25.732908915996823,2.1055609243224267,49.654493204752605,49.53894831339518,17.889999389648438,14.837682438040277
236,2021-06-09,WBA,53.70000076293945,53.97999954223633,53.279998779296875,47.83010482788086,5257100.0,2.0,0.12753150122122747,49.905128112011646,46.682112107104565,51.95297130285101,-34.12063755447154,17.717531171476598,48.15593516031901,47.89458433787028,17.889999389648438,14.837682438040277
236,2021-06-09,WMT,139.33999633789062,140.00999450683594,139.02999877929688,134.33416748046875,5695100.0,2.0,0.29121591202036257,139.3412453682273,132.73178624798362,49.11513121319381,-70.8968728342107,10.352190769457572,135.73953297932943,133.8436814626058,17.889999389648438,14.837682438040277
237,2021-06-10,AAPL,127.0199966430664,128.19000244140625,125.94000244140625,124.481201171875,71186400.0,3.0,-0.5383626861835751,126.43924064225395,121.94668846541207,48.83524364762166,-8.419454817629731,1.8751335510378049,125.16037317911784,125.64103495279947,16.100000381469727,33.42767992886971
237,2021-06-10,AMGN,239.57000732421875,245.3300018310547,239.22000122070312,227.3286895751953,2655900.0,3.0,-2.1533183977859665,238.51241695126492,212.8694067792038,51.24357186418913,-16.275375132479667,4.862555723510493,226.6704884847005,228.90008621215821,16.100000381469727,33.42767992886971
237,2021-06-10,AXP,165.17999267578125,165.2100067138672,162.1199951171875,157.0176239013672,3024500.0,3.0,3.119493299282709,162.86353708945154,146.99633229531406,60.88632152297479,91.21809847270693,14.853735266930073,153.4536107381185,146.9824551900228,16.100000381469727,33.42767992886971
237,2021-06-10,BA,251.72000122070312,255.13999938964844,248.10000610351562,248.33999633789062,14519200.0,3.0,4.172244647541277,263.75615044443464,218.56484870107315,54.466776593440066,89.17100651685857,24.271860395950885,237.9443328857422,243.04883295694987,16.100000381469727,33.42767992886971
237,2021-06-10,CAT,236.13999938964844,236.64999389648438,225.5800018310547,214.89195251464844,6281800.0,3.0,0.2686688217515041,236.12728796142372,219.5249642358419,46.21308235001441,-155.74564924511478,28.82412001543709,226.5303161621094,222.25640996297201,16.100000381469727,33.42767992886971
237,2021-06-10,CRM,236.0,240.2899932861328,235.14999389648438,240.19000244140625,4659500.0,3.0,4.2651118121901845,246.1304449754545,210.35955441419395,57.50000266331479,105.60155967281368,28.502562153974477,225.34866587320963,223.88116607666015,16.100000381469727,33.42767992886971
237,2021-06-10,CSCO,54.43000030517578,55.08000183105469,54.27000045776367,51.06501007080078,22183500.0,3.0,0.5785043790259081,50.65707673371175,48.12489767729899,63.295492312336144,174.0743760840072,14.8535671904787,48.975884501139326,48.262610880533856,16.100000381469727,33.42767992886971
237,2021-06-10,CVX,109.05999755859375,110.25,107.25,99.23965454101562,13526200.0,3.0,0.930736345620403,101.16198961184406,93.2617187316618,56.090495715550574,77.13434111826152,15.841598215304268,97.16069259643555,95.4979955037435,16.100000381469727,33.42767992886971
237,2021-06-10,DIS,176.44000244140625,177.61000061035156,175.5500030517578,176.57000732421875,5253000.0,3.0,-1.1094994372625138,181.4749981248609,168.99099918959226,46.33701144493257,-23.22622129846482,8.365118934735891,177.92433217366536,182.40733286539714,16.100000381469727,33.42767992886971
237,2021-06-10,GS,389.6400146484375,389.6400146484375,372.3500061035156,352.4538879394531,3900800.0,3.0,8.036672601280259,372.08219962216424,330.2531427850623,58.625310041845005,77.56722579201009,15.350351092616702,346.1753356933594,330.28711090087893,16.100000381469727,33.42767992886971
237,2021-06-10,HD,307.6499938964844,309.6499938964844,306.1400146484375,291.8691101074219,3286300.0,3.0,-2.3766173503952928,305.3049315691873,289.7224610089377,49.17674648386612,-115.12684320091583,26.792827640734547,302.23822733561195,297.3190592447917,16.100000381469727,33.42767992886971
237,2021-06-10,HON,229.1199951171875,230.05999755859375,226.14999389648438,216.3508758544922,2223600.0,3.0,1.2438910027940437,223.59306472272294,210.253306737238,53.22368526593528,26.301137220210094,4.698587568353312,216.32763264973957,213.5374018351237,16.100000381469727,33.42767992886971
237,2021-06-10,IBM,144.8087921142578,146.11854553222656,143.1739959716797,128.8893585205078,4977391.0,3.0,1.9976040919390812,128.59912819060216,120.57588096467128,65.59187125765283,256.68038412260927,51.0735180813221,124.0920280456543,119.22443262736003,16.100000381469727,33.42767992886971
237,2021-06-10,INTC,57.150001525878906,58.029998779296875,56.93000030517578,53.387489318847656,26738100.0,3.0,-0.24361216228987104,54.39890770985948,50.64269652292861,48.24818308291578,73.1248081556454,3.9929581807883885,52.522950108846025,55.738142013549805,16.100000381469727,33.42767992886971
237,2021-06-10,JNJ,166.0,167.5800018310547,165.9499969482422,157.3019256591797,6463100.0,3.0,-0.07725456538571507,162.0348539222403,154.12553731311124,53.72832673309808,-28.268553889811084,15.054795065562072,157.4885060628255,154.8932975769043,16.100000381469727,33.42767992886971
237,2021-06-10,JPM,164.36000061035156,165.24000549316406,160.30999755859375,149.22705078125,12119400.0,3.0,1.60179764271453,155.83078176078226,148.5458600849209,54.09043126265222,11.513934203730122,1.4605877553531461,150.28638661702473,146.03795115152994,16.100000381469727,33.42767992886971
237,2021-06-10,KO,55.90999984741211,56.119998931884766,55.7599983215332,51.86819839477539,12444400.0,3.0,0.45225265489806077,52.254792074799084,50.052934594512436,60.774182066231674,129.8636107849787,32.56918507678995,50.899670664469404,50.0099978129069,16.100000381469727,33.42767992886971
237,2021-06-10,MCD,232.0500030517578,234.89999389648438,231.92999267578125,223.24740600585938,2534000.0,3.0,0.7096965560650688,223.71693833649954,217.1873600643794,57.170986255781855,46.834270252880536,4.97523844403774,220.9265864054362,218.834952545166,16.100000381469727,33.42767992886971
237,2021-06-10,MMM,204.14999389648438,204.97000122070312,202.77999877929688,183.74073791503906,1953100.0,3.0,1.2258887097756315,185.49692240815983,181.40377949613702,57.78160800015231,57.44045220855483,14.04807915059115,182.49272562662762,178.89590352376302,16.100000381469727,33.42767992886971
237,2021-06-10,MRK,75.2300033569336,76.47000122070312,74.73999786376953,70.36031341552734,17236700.0,3.0,0.008212179214908133,71.31677296819323,65.86256205377943,55.85843676773633,102.83004481831408,12.84461390768225,68.28996658325195,68.1248826344808,16.100000381469727,33.42767992886971
237,2021-06-10,MSFT,254.2899932861328,257.4599914550781,253.6699981689453,252.1798095703125,24563600.0,3.0,1.4235609596685208,251.83338039286227,235.71786014668854,57.10602899841599,157.05523923745693,13.046478443920433,243.54727783203126,243.07572555541992,16.100000381469727,33.42767992886971
237,2021-06-10,NKE,131.5,132.57000732421875,130.19000244140625,127.92337036132812,6584100.0,3.0,-0.33238918732638467,134.06764592314627,127.91399622773262,45.79092531726468,-140.27858483011295,22.742674373724313,130.89225107828776,130.7387722015381,16.100000381469727,33.42767992886971
237,2021-06-10,PG,135.02000427246094,136.35000610351562,134.6199951171875,128.42691040039062,6515500.0,3.0,0.0004130399708230925,132.0732565809627,125.81146326767012,52.17628992721287,-18.310731500616146,7.2219243689534025,128.50320205688476,127.45738690694174,16.100000381469727,33.42767992886971
237,2021-06-10,TRV,155.6300048828125,155.88999938964844,153.92999267578125,146.55548095703125,900500.0,3.0,0.06503799796720955,153.3318404902505,146.6250885258628,49.38939873872683,-135.65361165267623,22.448445381918557,149.762814839681,147.37810923258465,16.100000381469727,33.42767992886971
237,2021-06-10,UNH,401.9100036621094,402.8500061035156,398.4700012207031,387.80548095703125,4033600.0,3.0,0.5195923423347608,402.0738000598427,386.0863165173057,55.376656976514695,-130.89819091906043,1.890018187817415,394.7500762939453,379.94741872151695,16.100000381469727,33.42767992886971
237,2021-06-10,V,233.10000610351562,234.25999450683594,232.1300048828125,230.13525390625,4452500.0,3.0,1.6415363994905192,229.79929535332596,219.18136565741625,58.71060393996303,108.72003510130865,30.377055491837226,224.96051432291668,220.4712282816569,16.100000381469727,33.42767992886971
237,2021-06-10,VZ,57.33000183105469,57.61000061035156,57.220001220703125,49.49394607543945,12013600.0,3.0,-0.12457209272614023,50.48008502941225,48.08398929614927,50.78563912350532,-13.824362978667907,0.16472854059733302,49.68067588806152,49.57192471822103,16.100000381469727,33.42767992886971
237,2021-06-10,WBA,53.79999923706055,55.58000183105469,53.56999969482422,49.513065338134766,6638000.0,3.0,0.21724275496134737,50.007703437008566,46.8232875450471,56.676756826301926,73.15001972129856,1.0549408705499288,48.25611941019694,47.91050599416097,16.100000381469727,33.42767992886971
237,2021-06-10,WMT,139.0800018310547,140.19000244140625,139.0800018310547,135.1068572998047,5459500.0,3.0,0.19578499147223738,138.72283808210605,133.73075078508143,50.61371507587944,-58.8616277031221,8.411624652121667,135.8209681193034,133.96545028686523,16.100000381469727,33.42767992886971
238,2021-06-11,AAPL,126.52999877929688,127.44000244140625,126.0999984741211,125.70516967773438,53522400.0,4.0,-0.3915937719081626,126.6172827061996,122.00357071787266,50.31942921534326,9.222336890590876,1.875133551037801,124.966126759847,125.68712437947592,15.649999618530273,17.08166549741695
238,2021-06-11,AMGN,244.8800048828125,245.5,241.97999572753906,225.59103393554688,2002300.0,4.0,-1.789029151178653,237.74358108834667,212.93760024710252,49.918008337843624,-16.388469854163766,5.343441198588777,226.9709050496419,228.90327021280925,15.649999618530273,17.08166549741695
238,2021-06-11,AXP,163.0,164.5399932861328,162.50999450683594,159.22433471679688,1630100.0,4.0,3.0362344835125725,163.09422352106742,147.77513072697946,62.804814418462826,95.05578812232004,14.853735266930077,153.7723607381185,147.30932998657227,15.649999618530273,17.08166549741695
238,2021-06-11,BA,250.35000610351562,251.1199951171875,245.77999877929688,247.27999877929688,9934200.0,4.0,3.8502076933186515,263.3649586606843,221.42004042378832,53.9212223336413,66.48456675890272,18.634266329274936,238.32233276367188,242.77699966430663,15.649999618530273,17.08166549741695
238,2021-06-11,CAT,226.3000030517578,227.9199981689453,220.02999877929688,210.1034698486328,8734900.0,4.0,-1.0408165658011796,238.36477284801933,215.44348063098457,43.25293397897889,-251.74500666048107,38.15963487809034,226.31548461914062,222.06793746948242,15.649999618530273,17.08166549741695
238,2021-06-11,CRM,239.02999877929688,240.3699951171875,238.41000366210938,240.30999755859375,4624200.0,4.0,4.462442131113619,246.5640849235143,212.77091416095837,57.55618639721793,111.52723631354853,28.647295423746673,225.5469991048177,224.33433278401694,15.649999618530273,17.08166549741695
238,2021-06-11,CSCO,55.189998626708984,55.349998474121094,54.540000915527344,50.82373809814453,17134000.0,4.0,0.6156449755963891,50.871483944925515,48.12206158730105,62.023645054990574,172.2612361798174,18.74235377936143,49.078268178304036,48.35079345703125,15.649999618530273,17.08166549741695
238,2021-06-11,CVX,108.83999633789062,108.97000122070312,107.86000061035156,98.7819595336914,7731700.0,4.0,0.9185970724661416,101.32122707314595,93.33316974692242,55.34932724794887,59.33058134084173,15.841598215304268,97.23095728556315,95.51609598795572,15.649999618530273,17.08166549741695
238,2021-06-11,DIS,177.4499969482422,178.49000549316406,176.80999755859375,177.3800048828125,5476300.0,4.0,-0.9667336660086789,181.34056600259618,169.02943216634912,47.296569796453284,-2.4205371401366396,3.7843551146584464,177.65933227539062,182.10966618855795,15.649999618530273,17.08166549741695
238,2021-06-11,GS,375.70001220703125,378.75,375.1099853515625,356.3277282714844,2117300.0,4.0,7.409502722219713,372.0607475760991,332.20188059772903,59.955030416426325,61.80498473191738,15.350351092616693,347.00062764485676,330.82531890869143,15.649999618530273,17.08166549741695
238,2021-06-11,HD,309.2699890136719,311.239990234375,308.3500061035156,294.19793701171875,2785100.0,4.0,-2.296966226193888,303.5779265481867,290.2232880514226,50.738236606550736,-90.24128375973861,20.882548549370213,301.83201192220054,297.8271189371745,15.649999618530273,17.08166549741695
238,2021-06-11,HON,227.75,228.3300018310547,223.9600067138672,215.32769775390625,1998600.0,4.0,0.9326805756857084,223.5575934414062,210.43221673925785,52.2592490637833,-14.249282398846514,13.01202990689215,216.39859720865886,213.74539159138996,15.649999618530273,17.08166549741695
238,2021-06-11,IBM,143.8145294189453,145.17208862304688,143.75717163085938,129.52294921875,3596462.0,4.0,2.125900557610805,129.42528529822462,120.35846638024218,66.31072501644977,213.74276205015929,51.0735180813221,124.33843154907227,119.562277730306,15.649999618530273,17.08166549741695
238,2021-06-11,INTC,57.470001220703125,57.939998626708984,56.95000076293945,53.82478332519531,18119700.0,4.0,-0.15989130953792596,54.332593439298385,51.06629190616059,49.335962249374354,84.38413174925023,3.99295818078839,52.5206787109375,55.621415774027504,15.649999618530273,17.08166549741695
238,2021-06-11,JNJ,167.07000732421875,167.0800018310547,164.22000122070312,155.3060302734375,7389900.0,4.0,-0.18650850947295794,162.0087698359908,153.7800942997514,50.31188433405983,-80.2232559776134,23.35912583081225,157.54430745442707,154.97468541463215,15.649999618530273,17.08166549741695
238,2021-06-11,JPM,160.42999267578125,161.1999969482422,159.05999755859375,149.12469482421875,13683800.0,4.0,1.2347291037125956,155.93197152660917,148.33209707690645,53.95079682250211,-35.84441932184551,7.91708359308397,150.44454498291014,146.13266067504884,15.649999618530273,17.08166549741695
238,2021-06-11,KO,55.9900016784668,56.209999084472656,55.65999984741211,52.10012435913086,11825800.0,4.0,0.46699923529170917,52.372315461504726,50.08848356498453,61.83179632206381,126.09730909065767,29.184631427932583,50.95842539469401,50.086069869995114,15.649999618530273,17.08166549741695
238,2021-06-11,MCD,235.0,237.5,234.7100067138672,225.47425842285156,2654300.0,4.0,0.9881039184581084,224.51443843515884,217.19134159413804,59.39707836902738,152.37351200918414,18.97746127257091,221.02212778727213,219.0578119913737,15.649999618530273,17.08166549741695
238,2021-06-11,MMM,203.75999450683594,204.89999389648438,201.52000427246094,183.45127868652344,1696300.0,4.0,1.1101364177763173,185.50208861117747,181.47874787563896,57.32285712446978,32.33275801223307,6.377039529749988,182.64993845621746,179.13539072672526,15.649999618530273,17.08166549741695
238,2021-06-11,MRK,76.70999908447266,76.86000061035156,75.61000061035156,70.48043823242188,13928400.0,4.0,0.18419516795259483,71.48049711809773,65.80826173199992,56.131410431324674,122.68579615092419,15.832086604273854,68.47369639078777,68.16354751586914,15.649999618530273,17.08166549741695
238,2021-06-11,MSFT,257.989990234375,258.489990234375,256.6099853515625,252.81704711914062,18999700.0,4.0,1.8326821839506238,253.01449565736758,236.04840412290585,57.47882175016643,175.4105133649285,15.810534950263468,243.74209442138672,243.4253133138021,15.649999618530273,17.08166549741695
238,2021-06-11,NKE,131.5,131.99000549316406,130.52999877929688,128.8609619140625,5414500.0,4.0,-0.42364926869754527,134.12865880244559,127.7161608386677,47.106802220680294,-124.34621724041719,22.74267437372431,130.85801493326824,130.53386268615722,15.649999618530273,17.08166549741695
238,2021-06-11,PG,135.75,135.8699951171875,133.89999389648438,127.54734802246094,10641400.0,4.0,-0.05407849576545232,131.93344868128844,125.68078013951236,50.51332867850172,-60.24505729459456,12.32996064103076,128.57728856404623,127.57176958719889,15.649999618530273,17.08166549741695
238,2021-06-11,TRV,153.89999389648438,155.82000732421875,153.89999389648438,146.99317932128906,933700.0,4.0,-0.12867125762105047,153.464687190217,146.26399017794708,49.93258574954293,-129.8839616527196,22.578966209665836,149.75170491536457,147.33754399617513,15.649999618530273,17.08166549741695
238,2021-06-11,UNH,403.3500061035156,403.3599853515625,394.7799987792969,384.32818603515625,3094300.0,4.0,-0.07405721006614385,402.6607824512169,384.4687036327675,53.00606134191063,-165.05178781622237,11.228787314499959,394.6322347005208,380.68328552246095,15.649999618530273,17.08166549741695
238,2021-06-11,V,234.38999938964844,235.44000244140625,233.7100067138672,231.12879943847656,5378300.0,4.0,1.892227801253739,230.7085232250075,219.37584261971907,59.488432291798105,141.93403775430474,33.95035342096709,224.90947926839192,220.67228673299152,15.649999618530273,17.08166549741695
238,2021-06-11,VZ,57.4900016784668,57.54999923706055,57.0099983215332,49.48530960083008,12929000.0,4.0,-0.09732052966027283,50.200622692733056,48.235702761978864,50.732012049320915,-22.166414985532498,5.219999079069875,49.68096338907878,49.60319143931071,15.649999618530273,17.08166549741695
238,2021-06-11,WBA,55.58000183105469,55.81999969482422,54.810001373291016,49.513065338134766,3945300.0,4.0,0.2850536488607389,50.143374685732326,46.83373674920419,56.676756826301926,114.65373917196247,3.5218865770403007,48.346244939168294,47.93545106252034,15.649999618530273,17.08166549741695
238,2021-06-11,WMT,140.22999572753906,140.85000610351562,139.86000061035156,135.94715881347656,8410800.0,4.0,0.18581860761523217,138.50337492056505,134.19264558724743,52.19750003770395,-18.10219183426499,1.4213345727213678,135.8746124267578,134.11894887288412,15.649999618530273,17.08166549741695
239,2021-06-14,AAPL,127.81999969482422,130.5399932861328,127.06999969482422,128.7947540283203,96906500.0,0.0,-0.02567870544156392,127.45853337200006,121.46140757648627,53.81764383572445,119.24935615138337,17.50789561406992,124.94121627807617,125.85417849222819,16.389999389648438,8.355121723349352
239,2021-06-14,AMGN,242.55999755859375,242.72000122070312,239.2899932861328,224.1228485107422,2083200.0,0.0,-1.6003497565142766,236.65143977591197,213.0828513007482,48.81431405336551,-45.159600037783726,2.9539254028080943,227.07074381510418,228.87967707316082,16.389999389648438,8.355121723349352
239,2021-06-14,AXP,164.3000030517578,164.8800048828125,163.11000061035156,158.54685974121094,2125700.0,0.0,2.8823586670246755,163.36818541788213,148.14577027059445,61.84146815653818,89.16550397133233,16.386498634671398,154.10982462565104,147.65868733723957,16.389999389648438,8.355121723349352
239,2021-06-14,BA,246.44000244140625,249.1999969482422,244.39999389648438,245.13999938964844,9344400.0,0.0,3.383310325527617,263.1684300207913,223.28356888057587,52.81636344483723,50.50220637291409,15.308160908961796,238.68333282470704,242.59499969482422,16.389999389648438,8.355121723349352
239,2021-06-14,CAT,220.07000732421875,221.97000122070312,215.60000610351562,208.49459838867188,7213300.0,0.0,-2.183248520766085,239.75154829328935,211.8461918800505,42.310940476783735,-288.83830981728534,44.38378863472303,226.02671508789064,221.89924647013348,16.389999389648438,8.355121723349352
239,2021-06-14,CRM,240.6999969482422,246.63999938964844,240.47999572753906,246.25999450683594,6764700.0,0.0,5.040835247154291,248.54716984819217,213.64782832075312,60.25155557777437,139.25234259736044,38.993592652104724,226.07833201090494,224.94733276367188,16.389999389648438,8.355121723349352
239,2021-06-14,CSCO,54.38999938964844,54.529998779296875,53.529998779296875,50.266971588134766,15131400.0,0.0,0.5933134139844825,50.95748245011429,48.15391243208786,59.18467426988811,99.96544312208378,0.4052159026064736,49.17910550435384,48.43921718597412,16.389999389648438,8.355121723349352
239,2021-06-14,CVX,108.18000030517578,108.95999908447266,106.83000183105469,98.83688354492188,9051900.0,0.0,0.902999305819904,101.2995833213785,93.33868343277187,55.42245010973564,44.136087559481076,7.96473952499562,97.4185068766276,95.59404474894205,16.389999389648438,8.355121723349352
239,2021-06-14,DIS,177.64999389648438,178.8699951171875,176.89999389648438,178.17999267578125,10170000.0,0.0,-0.7800465436098989,181.66230968366654,169.1556880580327,48.242144221806726,10.569404406767578,1.7980848182313638,177.3979985555013,181.8746660868327,16.389999389648438,8.355121723349352
239,2021-06-14,GS,377.42999267578125,378.75,370.70001220703125,351.4925231933594,2560500.0,0.0,6.447977167182501,372.1365319258573,332.6342444413302,57.566177543572344,35.209258021391065,6.915047466616925,347.8062774658203,331.2351888020833,16.389999389648438,8.355121723349352
239,2021-06-14,HD,308.92999267578125,310.05999755859375,306.2200012207031,292.8252258300781,3393500.0,0.0,-2.3178892718513566,302.09364595729375,290.51268949192496,49.80516203588111,-98.82127110100768,25.833292576972433,301.4324635823568,298.26317342122394,16.389999389648438,8.355121723349352
239,2021-06-14,HON,224.9199981689453,224.9499969482422,222.72999572753906,213.40562438964844,2586100.0,0.0,0.5248981142705134,223.5455262546946,210.0436140651296,50.481609387805776,-68.21352146961753,17.341172640884555,216.4327880859375,213.88976516723633,16.389999389648438,8.355121723349352
239,2021-06-14,IBM,144.08221435546875,144.3881378173828,142.12237548828125,128.45274353027344,3498661.0,0.0,2.1168184110351262,129.89389770540436,120.34791061368745,63.97526048833731,146.15206658830334,35.834733903474906,124.6157704671224,119.86775054931641,16.389999389648438,8.355121723349352
239,2021-06-14,INTC,58.02000045776367,58.20000076293945,57.22999954223633,54.1411247253418,21784500.0,0.0,-0.067240714241521,54.48314852370605,51.17997556076661,50.120551835822624,105.24859557051569,7.682298587247225,52.55206985473633,55.54155648549398,16.389999389648438,8.355121723349352
239,2021-06-14,JNJ,164.5,165.4600067138672,163.89999389648438,155.6920166015625,4931300.0,0.0,-0.23918994365700996,161.8894630407634,153.54214859253742,50.93603698072496,-103.94158755905207,24.812541241666683,157.65882059733073,155.0671844482422,16.389999389648438,8.355121723349352
239,2021-06-14,JPM,160.14999389648438,160.3300018310547,156.66000366210938,146.59417724609375,19917900.0,0.0,0.7312041554850168,156.35736782456027,147.3075613746585,50.609438040434696,-92.33450336632112,18.832335829970066,150.56114908854167,146.14573338826497,16.389999389648438,8.355121723349352
239,2021-06-14,KO,55.689998626708984,55.709999084472656,55.20000076293945,51.92253494262695,9710800.0,0.0,0.4590642182118785,52.448445346045006,50.12725693972159,60.53885021667135,74.79091712685282,14.775573789613624,51.01991920471191,50.16954154968262,16.389999389648438,8.355121723349352
239,2021-06-14,MCD,237.17999267578125,237.77000427246094,234.80999755859375,225.52186584472656,1836800.0,0.0,1.1987666443747855,225.29713608197014,217.03033126422125,59.44369811354641,151.29386363608535,20.28146688227722,221.09181060791016,219.3005510965983,16.389999389648438,8.355121723349352
239,2021-06-14,MMM,202.2899932861328,203.58999633789062,200.4199981689453,182.13967895507812,1745900.0,0.0,0.902167134439054,185.52150952350476,181.321202878839,55.26609878350361,-31.274846554590013,0.09407292501099156,182.8205998738607,179.312611134847,16.389999389648438,8.355121723349352
239,2021-06-14,MRK,75.73999786376953,75.80000305175781,74.87999725341797,70.32198333740234,7841400.0,0.0,0.3073342111734263,71.63911242258156,65.7784954570571,55.661704849179195,80.77965206785863,8.397551572323778,68.62804234822592,68.2000124613444,16.389999389648438,8.355121723349352
239,2021-06-14,MSFT,257.8999938964844,259.95001220703125,256.79998779296875,254.77769470214844,19150500.0,0.0,2.2887384240247286,254.7177762588522,235.55207389983917,58.623405012934995,180.3193943262839,19.679310610743716,244.01302541097004,243.91060104370118,16.389999389648438,8.355121723349352
239,2021-06-14,NKE,131.6999969482422,132.0500030517578,130.1300048828125,128.29449462890625,5743600.0,0.0,-0.5355096940156727,134.033895707854,127.39132554458743,46.402803461246485,-131.557754148053,24.80975577065913,130.82568918863933,130.3463161468506,16.389999389648438,8.355121723349352
239,2021-06-14,PG,134.97999572753906,135.02999877929688,133.9600067138672,127.59461975097656,6302000.0,0.0,-0.09238405116710169,131.7216594046943,125.59937788778618,50.600864613922354,-78.27482493849784,12.329960641030748,128.62426223754883,127.6825543721517,16.389999389648438,8.355121723349352
239,2021-06-14,TRV,154.25,154.39999389648438,152.5800018310547,145.82278442382812,880600.0,0.0,-0.37233626441647516,153.45542215215053,145.66775900019323,48.49290295149201,-176.13374001958584,28.25823958400122,149.73438364664713,147.29466145833334,16.389999389648438,8.355121723349352
239,2021-06-14,UNH,397.29998779296875,399.4700012207031,395.1300048828125,385.55487060546875,2674900.0,0.0,-0.4404681220355542,402.74884766634375,383.3529040426406,53.728922668435054,-173.9013528785122,11.228787314499963,394.6438262939453,381.2807052612305,16.389999389648438,8.355121723349352
239,2021-06-14,V,234.6999969482422,235.22000122070312,231.57000732421875,230.26312255859375,5805800.0,0.0,1.9980177489550783,231.44667598440358,219.34004581735425,58.4951866446288,115.71963434582203,21.828775996561273,224.93763732910156,220.89755274454754,16.389999389648438,8.355121723349352
239,2021-06-14,VZ,57.189998626708984,57.27000045776367,56.849998474121094,49.355838775634766,11907600.0,0.0,-0.08518868106686739,49.87003724175314,48.43595068854471,49.91462145693061,-36.477359249980495,8.973912478675436,49.66341234842936,49.62432994842529,16.389999389648438,8.355121723349352
239,2021-06-14,WBA,55.099998474121094,55.099998474121094,53.83000183105469,48.725303649902344,3554800.0,0.0,0.27209197922080364,50.15491988624795,46.83894531760947,54.016535298802864,28.722412998680483,6.6386109908606885,48.399461364746095,47.96797625223795,16.389999389648438,8.355121723349352
239,2021-06-14,WMT,140.92999267578125,140.92999267578125,140.02999877929688,135.76364135742188,5046900.0,0.0,0.16125302710051415,138.44161292957418,134.35485771251567,51.822034734732334,-19.44294081905995,0.5811582957052543,135.9131601969401,134.29696884155274,16.389999389648438,8.355121723349352
240,2021-06-15,AAPL,129.94000244140625,130.60000610351562,129.38999938964844,127.96559143066406,62746300.0,1.0,0.1951554978795258,128.01087362104929,121.24171350663627,52.785739615895054,155.5137854800176,17.831419642976357,124.85319290161132,126.01628189086914,17.020000457763672,14.187729791165589
240,2021-06-15,AMGN,241.74000549316406,241.97999572753906,239.0500030517578,222.87767028808594,2508800.0,1.0,-1.5336168723992216,235.17788746881772,213.39207102727605,47.88541469657651,-51.52831445510596,3.6774699101750747,226.95252380371093,228.81195475260418,17.020000457763672,14.187729791165589
240,2021-06-15,AXP,163.92999267578125,166.89999389648438,163.8000030517578,160.92782592773438,3726100.0,1.0,2.9188879234929743,163.92102362835934,148.50369713580082,63.85703182696917,110.9895859596642,24.96466227932786,154.47987365722656,148.0778020222982,17.020000457763672,14.187729791165589
240,2021-06-15,BA,245.36000061035156,248.50999450683594,244.94000244140625,246.5399932861328,10630900.0,1.0,3.0906317262595735,262.79405693584,225.51394172138657,53.46171038172752,50.017940201779474,15.30816090896181,239.0616658528646,242.44033279418946,17.020000457763672,14.187729791165589
240,2021-06-15,CAT,219.88999938964844,220.77999877929688,216.25999450683594,208.92303466796875,5055900.0,1.0,-3.0192587136776865,240.00369685707417,209.18266483726174,42.65498618498999,-257.8060851748333,44.38378863472304,225.7503229777018,221.8228312174479,17.020000457763672,14.187729791165589
240,2021-06-15,CRM,245.2100067138672,245.36000061035156,242.00999450683594,242.5800018310547,5135300.0,1.0,5.142986161686196,248.90909083626548,216.03790775992593,57.89905986977964,118.58978611703151,38.99359265210474,226.7056655883789,225.45366617838542,17.020000457763672,14.187729791165589
240,2021-06-15,CSCO,54.22999954223633,54.31999969482422,53.72999954223633,49.91435241699219,12542600.0,1.0,0.5409266051776314,50.99033709662028,48.199933899473464,57.46147123031497,83.66490504657219,0.4052159026064798,49.26014645894369,48.518999862670896,17.020000457763672,14.187729791165589
240,2021-06-15,CVX,108.41000366210938,110.4800033569336,108.38999938964844,100.96979522705078,10540200.0,1.0,1.0506350438501357,101.46617035897889,93.24807600942931,58.174166435739444,105.87769022492438,16.880589697660017,97.60299733479818,95.71869557698568,17.020000457763672,14.187729791165589
240,2021-06-15,DIS,178.17999267578125,178.6999969482422,175.6199951171875,175.86000061035156,7895000.0,1.0,-0.8099628769373055,181.42656582825254,169.9694317913764,45.77814039348835,-8.467441487421569,8.12927165290625,177.07633209228516,181.61999944051107,17.020000457763672,14.187729791165589
240,2021-06-15,GS,373.5,374.8399963378906,367.1600036621094,349.965576171875,2302900.0,1.0,5.4993562187337375,372.15730180311607,332.92384138536045,56.82649230508796,8.578147063729567,0.6022541284001066,348.5074849446615,331.6791020711263,17.020000457763672,14.187729791165589
240,2021-06-15,HD,308.75,308.95001220703125,303.489990234375,290.10833740234375,5270600.0,1.0,-2.524599119272864,301.6463593395064,289.83431998178264,47.997908082417844,-114.0711544894495,31.68970726452276,300.73517049153645,298.5607147216797,17.020000457763672,14.187729791165589
240,2021-06-15,HON,223.02000427246094,223.86000061035156,221.6699981689453,212.76495361328125,2063000.0,1.0,0.1483210456535744,223.59265347269857,209.61685580464516,49.89636442559739,-89.89367541525999,20.96463490399877,216.44054514567057,214.05694707234701,17.020000457763672,14.187729791165589
240,2021-06-15,IBM,143.26004028320312,143.31739807128906,142.06500244140625,127.87906646728516,2628912.0,1.0,2.0398160699635497,130.21002145978554,120.39565938738244,62.74972798375142,111.7686752832133,35.32265076278575,124.79298350016276,120.18003222147624,17.020000457763672,14.187729791165589
240,2021-06-15,INTC,58.209999084472656,58.41999816894531,57.79999923706055,53.955047607421875,20806500.0,1.0,-0.008728699250873717,54.550454758447714,51.360161162572794,49.65266001243996,115.82230148934588,10.783259777057642,52.585580825805664,55.45813357035319,17.020000457763672,14.187729791165589
240,2021-06-15,JNJ,165.22999572753906,165.86000061035156,164.38999938964844,154.86351013183594,5062900.0,1.0,-0.3438304444499636,161.76556149692917,153.21003817348097,49.55386197553369,-105.43426927659874,21.728094492793755,157.66837107340496,155.15258076985677,17.020000457763672,14.187729791165589
240,2021-06-15,JPM,156.6999969482422,156.9199981689453,154.1300048828125,144.3706817626953,24485500.0,1.0,0.1509988822095636,156.9572099940649,145.82482888532962,47.91218686226733,-167.95024541791645,28.396807148669655,150.61759134928386,146.16043955485026,17.020000457763672,14.187729791165589
240,2021-06-15,KO,55.779998779296875,55.790000915527344,55.189998626708984,51.79167938232422,11154200.0,1.0,0.43717720323102327,52.48853442650482,50.197334790414125,59.589047602086445,67.2563297581777,16.506911975237294,51.0615894317627,50.247121556599936,17.020000457763672,14.187729791165589
240,2021-06-15,MCD,237.52999877929688,237.80999755859375,235.66000366210938,224.9223175048828,1948300.0,1.0,1.3023274122778048,225.80139485090686,217.0915937355189,58.567619706284155,152.46739490065937,20.484098750348558,221.1579137166341,219.54055353800456,17.020000457763672,14.187729791165589
240,2021-06-15,MMM,201.8000030517578,201.86000061035156,199.52999877929688,181.46128845214844,1709900.0,1.0,0.6748305089760152,185.5265460198595,181.04465454166393,54.22508288948498,-96.57345884225029,4.770520751187023,182.92464803059895,179.51279525756837,17.020000457763672,14.187729791165589
240,2021-06-15,MRK,75.5,75.7699966430664,74.72000122070312,70.55499267578125,14185700.0,1.0,0.4188959248931923,71.66187903588173,65.76855919654014,56.21901406854781,77.08363039913414,6.791681480420587,68.74665501912435,68.23683369954428,17.020000457763672,14.187729791165589
240,2021-06-15,MSFT,259.7699890136719,259.989990234375,257.67999267578125,253.27772521972656,18038900.0,1.0,2.5003092696556735,255.70280481488774,235.9144894966357,57.40057942239978,162.53270203911683,19.78720158872899,244.24438934326173,244.3769208272298,17.020000457763672,14.187729791165589
240,2021-06-15,NKE,131.5399932861328,131.75,129.8300018310547,127.24945831298828,5168100.0,1.0,-0.7004116741641724,133.91299553073017,126.94133415066635,45.11603905186633,-144.04996798392338,26.388812511538706,130.7452079772949,130.2336232503255,17.020000457763672,14.187729791165589
240,2021-06-15,PG,135.1999969482422,135.63999938964844,134.5500030517578,127.34871673583984,5543400.0,1.0,-0.1409589114366412,131.53211358709805,125.49762197808748,50.123744995526195,-61.20553680660169,6.645670094599833,128.61322835286458,127.80004806518555,17.020000457763672,14.187729791165589
240,2021-06-15,TRV,153.8699951171875,155.4199981689453,152.69000244140625,147.12637329101562,864500.0,1.0,-0.45500875310543165,153.24713757331094,145.4255034179,50.14900860091539,-134.00946594757283,20.930595516546042,149.69964243570965,147.3922566731771,17.020000457763672,14.187729791165589
240,2021-06-15,UNH,399.9599914550781,401.5,396.4700012207031,386.63671875,2845800.0,1.0,-0.63622134213972,402.72000307483177,382.57520566540256,54.369286890583695,-140.8812936810787,4.9489136583897295,394.46287841796874,381.8393269856771,17.020000457763672,14.187729791165589
240,2021-06-15,V,234.44000244140625,234.8000030517578,232.6199951171875,229.1810760498047,7093800.0,1.0,1.9718150776614607,231.85943826003785,219.57062002853638,57.259007733676526,111.24856396545735,21.828775996561276,224.96083170572916,221.33005243937174,17.020000457763672,14.187729791165589
240,2021-06-15,VZ,57.18000030517578,57.45000076293945,57.15999984741211,49.45079040527344,12602700.0,1.0,-0.06713837133086287,49.73667506086929,48.51320744645493,50.51945488685504,-18.72746929708643,4.019418211864535,49.645286051432294,49.64804719289144,17.020000457763672,14.187729791165589
240,2021-06-15,WBA,54.68000030517578,54.880001068115234,54.15999984741211,48.555213928222656,3395500.0,1.0,0.2452676508022904,50.10610508368446,46.83514018609093,53.456111399297974,25.039025283335523,6.638610990860698,48.411506271362306,48.00003331502278,17.020000457763672,14.187729791165589
240,2021-06-15,WMT,140.83999633789062,140.91000366210938,139.66000366210938,135.22274780273438,6442400.0,1.0,0.09702064453298931,138.29321937954649,134.61046256625428,50.70986707699257,-36.68388289523947,4.4933256017898815,135.86280415852863,134.4382334391276,17.020000457763672,14.187729791165589
241,2021-06-16,AAPL,130.3699951171875,130.88999938964844,128.4600067138672,128.468994140625,91815000.0,2.0,0.4061072352034216,128.612104261261,121.16363579000851,53.34754808868719,147.529461256075,10.643250402295397,124.93600184122721,126.13093516031901,18.149999618530273,15.320281333811579
241,2021-06-16,AMGN,240.8699951171875,244.50999450683594,238.0,222.62677001953125,3185600.0,2.0,-1.4838709946165807,233.84490146930725,213.67688045207947,47.696224624929236,-44.23863362164446,4.358257486525466,226.7650390625,228.68237889607747,18.149999618530273,15.320281333811579
241,2021-06-16,AXP,165.77999877929688,166.64999389648438,164.27000427246094,159.38888549804688,3281300.0,2.0,2.791479552562919,163.92862140905922,149.4339609884017,61.67866183363865,94.87656168482779,24.964662279327868,154.80733489990234,148.48349100748698,18.149999618530273,15.320281333811579
241,2021-06-16,BA,245.25,246.05999755859375,241.5500030517578,242.27000427246094,10529200.0,2.0,2.4854783527935638,261.8569556611557,227.92304311814115,51.250042333874646,25.364754901447174,6.8955307257858,239.34966583251952,242.29099960327147,18.149999618530273,15.320281333811579
241,2021-06-16,CAT,219.00999450683594,219.38999938964844,216.6999969482422,206.7334442138672,4156900.0,2.0,-3.814513132227063,240.7789503717757,206.28352979179851,41.35118737871066,-236.20465364252794,44.38378863472305,225.2346638997396,221.69839274088542,18.149999618530273,15.320281333811579
241,2021-06-16,CRM,242.0,245.00999450683594,239.47999572753906,242.38999938964844,5099300.0,2.0,5.149252510661,248.47926372557316,219.27373462647762,57.77856659079515,103.13346182056405,30.283104830967712,227.5459991455078,225.90733286539714,18.149999618530273,15.320281333811579
241,2021-06-16,CSCO,53.849998474121094,53.91999816894531,53.130001068115234,49.61741256713867,15477900.0,2.0,0.47003089395685294,50.99706422003374,48.24331663934125,56.040085980394295,37.2872131713398,9.121481699403555,49.34551785786947,48.573563957214354,18.149999618530273,15.320281333811579
241,2021-06-16,CVX,110.02999877929688,110.51000213623047,108.9000015258789,100.3930892944336,9283300.0,2.0,1.108325988777878,101.84259479066554,93.19113018492038,57.186778311478825,100.272576515383,17.05011977079282,97.75078048706055,95.84639536539713,18.149999618530273,15.320281333811579
241,2021-06-16,DIS,176.00999450683594,176.25999450683594,173.5500030517578,174.66000366210938,8336000.0,2.0,-0.9198975057352357,180.96274910166449,170.93124961659726,44.56032891751442,-45.63524749815604,17.34170647808473,176.7566655476888,181.31666615804036,18.149999618530273,15.320281333811579
241,2021-06-16,GS,370.989990234375,374.0799865722656,365.25,349.68280029296875,3264200.0,2.0,4.670906331817207,371.9957863282754,333.8080131102011,56.68695051106028,-5.328951729178203,2.710891667488836,349.20928649902345,332.1945495605469,18.149999618530273,15.320281333811579
241,2021-06-16,HD,306.69000244140625,307.3500061035156,301.1700134277344,286.63397216796875,4492500.0,2.0,-2.9349382592338884,302.1953363622643,288.11925409183726,45.799383230836305,-131.4521581623321,36.26170697956075,299.8435892740885,298.8028605143229,18.149999618530273,15.320281333811579
241,2021-06-16,HON,222.5,222.89999389648438,218.60000610351562,209.40850830078125,3052300.0,2.0,-0.4161588597660284,223.9447223713213,208.94635581471385,46.94666888286765,-140.71250791868292,30.40920864651529,216.26564025878906,214.18056640625,18.149999618530273,15.320281333811579
241,2021-06-16,IBM,143.1739959716797,143.1739959716797,140.74569702148438,126.56912231445312,4057329.0,2.0,1.8517438638272665,130.3059263679664,120.63537612226794,60.03320817842385,73.06042590304013,23.84605833912306,124.89830754597982,120.44719657897949,18.149999618530273,15.320281333811579
241,2021-06-16,INTC,58.150001525878906,58.369998931884766,56.77000045776367,53.23862075805664,21879700.0,2.0,-0.0199373398856153,54.37930767081571,51.75274799324679,47.872662745648135,66.06139707998588,5.160270810750993,52.60630760192871,55.333949661254884,18.149999618530273,15.320281333811579
241,2021-06-16,JNJ,164.8000030517578,165.75,163.47999572753906,154.80703735351562,6988500.0,2.0,-0.4264003981058977,161.58394873108523,152.92438104186397,49.45922699122408,-112.23910637835567,26.165526435857767,157.59619700113933,155.22986221313477,18.149999618530273,15.320281333811579
241,2021-06-16,JPM,154.72999572753906,157.6199951171875,153.11000061035156,145.38473510742188,25321200.0,2.0,-0.22440553952046116,157.29000356147986,144.92638742973105,49.18976906238338,-166.14303281855973,31.857335468500853,150.6420908610026,146.25632654825847,18.149999618530273,15.320281333811579
241,2021-06-16,KO,55.439998626708984,55.459999084472656,54.63999938964844,51.099998474121094,15211700.0,2.0,0.3598703560448513,52.44377727174377,50.31092205381775,54.88082799798593,2.588909537523421,1.372552064042703,51.09071769714355,50.3102357228597,18.149999618530273,15.320281333811579
241,2021-06-16,MCD,237.2100067138672,237.27999877929688,233.77999877929688,224.18954467773438,2951700.0,2.0,1.3101686155942502,226.09932583201402,217.26224490773205,57.49623614034615,103.24404771113467,6.8379645576601975,221.2532216389974,219.72685801188152,18.149999618530273,15.320281333811579
241,2021-06-16,MMM,200.57000732421875,200.99000549316406,196.80999755859375,178.11444091796875,2219700.0,2.0,0.22204240357638128,186.27985507432373,179.87191799696535,49.469382695529426,-217.5376470522313,17.818813778919903,182.8940887451172,179.6458251953125,18.149999618530273,15.320281333811579
241,2021-06-16,MRK,76.22000122070312,77.55000305175781,76.19000244140625,71.40316009521484,17576900.0,2.0,0.569188162264993,71.92226441648641,65.64902769777139,58.19757848235296,153.06237773908038,20.753639032915753,68.89324569702148,68.28779106140136,18.149999618530273,15.320281333811579
241,2021-06-16,MSFT,259.3999938964844,260.5799865722656,254.4199981689453,252.3170623779297,27220000.0,2.0,2.560942277916581,256.0713982624616,237.00266637376885,56.618121910432556,128.2927470312554,7.231543949233991,244.57642262776693,244.73529078165691,18.149999618530273,15.320281333811579
241,2021-06-16,NKE,130.3000030517578,131.1699981689453,129.60000610351562,127.35688781738281,7915500.0,2.0,-0.8130566078425829,133.83343045950284,126.5436012482608,45.27741428291253,-149.26243733769329,27.63426456341399,130.7163932800293,130.11005020141602,18.149999618530273,15.320281333811579
241,2021-06-16,PG,135.17999267578125,135.5800018310547,132.64999389648438,125.58010864257812,8936400.0,2.0,-0.3184953146836591,131.6281711917693,125.06675754968582,46.837824418919,-123.17341421057027,20.106749142442425,128.5577428181966,127.85407689412435,18.149999618530273,15.320281333811579
241,2021-06-16,TRV,153.89999389648438,155.19000244140625,152.67999267578125,145.38507080078125,1156200.0,2.0,-0.6535026821755423,153.4538451098509,144.87420664796159,48.015665288514725,-142.2274972561608,20.977955655270833,149.54566904703776,147.48779754638673,18.149999618530273,15.320281333811579
241,2021-06-16,UNH,401.1000061035156,403.1499938964844,396.6700134277344,383.7099914550781,3330800.0,2.0,-1.0158099872049888,402.67296782363945,381.3539914048761,52.34203703290995,-130.8367266249973,0.041376252619765755,394.00922139485675,382.3285634358724,18.149999618530273,15.320281333811579
241,2021-06-16,V,233.6199951171875,234.17999267578125,228.0,225.85618591308594,8905400.0,2.0,1.6635816909249286,231.78822594101266,220.03826026504206,53.65468650855992,41.706668688205106,0.40478425446891136,224.8921885172526,221.68912887573242,18.149999618530273,15.320281333811579
241,2021-06-16,VZ,57.369998931884766,57.38999938964844,56.630001068115234,48.88972473144531,15678400.0,2.0,-0.09698865681366442,49.71184461368452,48.49142648922076,47.04659280530265,-48.70538872460954,16.034893476556267,49.58889249165853,49.65743192036947,18.149999618530273,15.320281333811579
241,2021-06-16,WBA,54.2599983215332,54.27000045776367,53.130001068115234,47.72268295288086,4262800.0,2.0,0.15504363875707838,50.04898811964821,46.75993445725609,50.78804282475835,-61.789258131051405,16.4831449063611,48.40112533569336,48.00978317260742,18.149999618530273,15.320281333811579
241,2021-06-16,WMT,139.85000610351562,140.0399932861328,136.97000122070312,132.47000122070312,9598300.0,2.0,-0.17400184002849528,138.75696676629383,133.68695565802255,45.56190480726182,-151.58904751293957,26.860892863700904,135.76558685302734,134.5235168457031,18.149999618530273,15.320281333811579
242,2021-06-17,AAPL,129.8000030517578,132.5500030517578,129.64999389648438,130.0878143310547,96721700.0,3.0,0.6958914635660705,129.52278906305884,120.95377877751734,55.123929561427026,200.977577583766,19.959866529081697,125.06455942789714,126.28652903238932,17.75,15.926083716980912
242,2021-06-17,AMGN,239.5399932861328,242.42999267578125,238.33999633789062,223.72325134277344,2142800.0,3.0,-1.340517497695032,232.88106629305312,213.90940611905623,48.61405578787693,-43.927698147825254,4.358257486525453,226.55289357503256,228.64259084065756,17.75,15.926083716980912
242,2021-06-17,AXP,165.97000122070312,166.0,160.52999877929688,156.9208526611328,4194400.0,3.0,2.462966334188053,163.51293842435828,150.5658716952706,58.37495243389779,49.550495838454324,2.677961628195609,154.99252217610677,148.91028645833333,17.75,15.926083716980912
242,2021-06-17,BA,241.9600067138672,243.5,237.3300018310547,239.22000122070312,10774400.0,3.0,1.7397257130114099,259.91723749165016,231.3427615928225,49.72987554494531,0.969502767498352,2.563965443685039,239.71766611735026,242.2571662902832,17.75,15.926083716980912
242,2021-06-17,CAT,216.97000122070312,218.27000427246094,207.8800048828125,199.39361572265625,7995300.0,3.0,-4.979618859651794,242.52767387849707,201.92445930021387,37.388208917545434,-246.0845247354565,55.32021870082923,224.332497660319,221.57435048421223,17.75,15.926083716980912
242,2021-06-17,CRM,242.0,247.17999267578125,241.1999969482422,244.42999267578125,5170200.0,3.0,5.258215610196999,249.10186029465328,220.9601376911866,58.73244466637587,108.57795187723983,34.07123908732158,228.51366577148437,226.39783274332683,17.75,15.926083716980912
242,2021-06-17,CSCO,53.40999984741211,53.54999923706055,53.0099983215332,49.301902770996094,18288400.0,3.0,0.38396047101230835,50.96640780167579,48.33521725935936,54.556711285295606,2.527040485830792,10.928365660579534,49.40738105773926,48.627322832743324,17.75,15.926083716980912
242,2021-06-17,CVX,109.23999786376953,109.9800033569336,96.30999755859375,98.01300811767578,14337800.0,3.0,0.9510309259596426,101.77783489731746,93.61015414687199,53.32282817256999,-92.52972746128063,38.87783950480826,97.73331502278646,95.94301834106446,17.75,15.926083716980912
242,2021-06-17,DIS,174.58999633789062,176.25999450683594,173.83999633789062,174.64999389648438,8906000.0,3.0,-0.9963439625272486,180.19362141494108,172.23837626572296,44.55010216740943,-39.207950709360304,17.34170647808474,176.5279988606771,181.0819994608561,17.75,15.926083716980912
242,2021-06-17,GS,373.5199890136719,373.5199890136719,356.54998779296875,340.7286376953125,4146300.0,3.0,3.254314032775312,371.54488707065144,334.666679091458,52.466656439898685,-61.65791524984713,16.15572992474201,349.36900736490884,332.67912038167316,17.75,15.926083716980912
242,2021-06-17,HD,303.04998779296875,305.2099914550781,300.0299987792969,286.9558410644531,4481100.0,3.0,-3.1973062972703588,302.6113177344643,286.78597230459815,46.03626838305206,-134.56451668065236,38.426442190074326,298.98533528645834,299.03404846191404,17.75,15.926083716980912
242,2021-06-17,HON,219.1999969482422,220.1999969482422,214.72999572753906,206.82664489746094,2425400.0,3.0,-1.059633258182771,224.6076692677076,207.8024137401049,44.83742918906806,-184.2184234699637,40.06101987773306,215.98055013020834,214.31733525594075,17.75,15.926083716980912
242,2021-06-17,IBM,141.06118774414062,141.5487518310547,138.89100646972656,124.65986633300781,4568300.0,3.0,1.5309860301427705,130.23582911325067,120.91181340383918,56.3547470666329,11.4954461448595,9.846381057400412,124.95494918823242,120.68381017049154,17.75,15.926083716980912
242,2021-06-17,INTC,57.04999923706055,57.900001525878906,56.70000076293945,53.20140075683594,21498800.0,3.0,-0.031460949142569916,54.24035769350738,52.06103390805512,47.78060586502963,49.77844969278572,6.141581934757681,52.62733497619629,55.242281405131024,17.75,15.926083716980912
242,2021-06-17,JNJ,164.19000244140625,165.6999969482422,163.5,155.5508270263672,5874700.0,3.0,-0.42689904432560866,161.3737605766075,152.77629435503312,50.74095087828825,-97.31099842349553,26.165526435857767,157.57064819335938,155.32187932332357,17.75,15.926083716980912
242,2021-06-17,JPM,157.10000610351562,157.4600067138672,151.25,141.18885803222656,29722400.0,3.0,-0.8506823256262805,158.2771371641062,143.06938230610865,44.516128325872735,-208.64414713441508,37.7241761246055,150.46346435546874,146.30555903116863,17.75,15.926083716980912
242,2021-06-17,KO,54.66999816894531,55.150001525878906,54.650001525878906,51.361717224121094,10658400.0,3.0,0.316079075701893,52.35941147568885,50.50606169935998,56.23438215402538,-3.4392056734112555,1.372552064042708,51.13289909362793,50.37168184916178,17.75,15.926083716980912
242,2021-06-17,MCD,235.0800018310547,236.27000427246094,233.27999877929688,222.57174682617188,1895600.0,3.0,1.1723262127620444,225.95739341790755,217.87944435064713,55.19039663003856,58.620216014915364,3.505109578415107,221.25737660725912,219.89724095662436,17.75,15.926083716980912
242,2021-06-17,MMM,196.8000030517578,197.5,193.0,176.51341247558594,2584900.0,3.0,-0.2629538784348142,187.13485525186147,178.4759998506776,47.41166484532554,-322.3191535986346,31.809137659234814,182.74850311279297,179.76923192342122,17.75,15.926083716980912
242,2021-06-17,MRK,76.33999633789062,77.47000122070312,75.98999786376953,71.98101806640625,14233200.0,3.0,0.7265489480813727,72.29859681997036,65.47309812631872,59.48794103685112,145.90916337434064,18.619465795357154,69.008837890625,68.36660270690918,17.75,15.926083716980912
242,2021-06-17,MSFT,256.07000732421875,261.75,256.010009765625,255.76783752441406,27565500.0,3.0,2.8545377544454595,256.973617048594,237.8434758469138,58.70964209884537,147.00461877400625,10.817828634602792,245.06651713053387,245.1252545674642,17.75,15.926083716980912
242,2021-06-17,NKE,129.24000549316406,129.8800048828125,127.86000061035156,125.91143798828125,8568100.0,3.0,-1.0073521222159343,134.1176691049489,125.89093914090068,43.49726632337058,-190.8453841169494,36.3442137645038,130.6179532368978,129.98106740315754,17.75,15.926083716980912
242,2021-06-17,PG,132.82000732421875,134.16000366210938,132.64999389648438,126.72453308105469,7875600.0,3.0,-0.36266809347812057,131.556141990202,124.89194074295231,49.0726488495419,-126.42831079803115,20.10674914244243,128.5744519551595,127.88927536010742,17.75,15.926083716980912
242,2021-06-17,TRV,153.24000549316406,153.57000732421875,148.60000610351562,141.65504455566406,1108900.0,3.0,-1.09912249593296,154.26816712281848,143.36973265745493,43.879298886145335,-214.0787592293688,37.33270725363393,149.24339141845704,147.53047561645508,17.75,15.926083716980912
242,2021-06-17,UNH,396.0,398.07000732421875,394.6099853515625,383.8066101074219,3532000.0,3.0,-1.2939248452633478,402.5502071642963,380.30317113160214,52.40264621519743,-146.58881122473824,5.91314725760463,393.5214365641276,382.79300791422526,17.75,15.926083716980912
242,2021-06-17,V,229.2100067138672,233.33999633789062,229.2100067138672,228.36463928222656,6876700.0,3.0,1.6032346431178155,231.7592028841768,220.8109585538115,55.82493211909841,63.92701295332064,0.4047842544689114,224.9994923909505,222.0875567118327,17.75,15.926083716980912
242,2021-06-17,VZ,56.650001525878906,56.91999816894531,56.5,48.79478073120117,14761100.0,3.0,-0.12684422914230709,49.70994291809544,48.45966500731959,46.487171392886694,-67.08917681530176,18.703384751332088,49.52674471537272,49.66067969004313,17.75,15.926083716980912
242,2021-06-17,WBA,53.439998626708984,53.529998779296875,52.439998626708984,47.27508544921875,4669500.0,3.0,0.04688264738955894,50.05078268183613,46.62099618779278,49.41627644782788,-117.25299998787294,22.34675491878685,48.36546999613444,48.028049023946124,17.75,15.926083716980912
242,2021-06-17,WMT,137.0,138.35000610351562,136.7100067138672,133.0205841064453,6447300.0,3.0,-0.340437324625384,138.89256905234743,133.1456862577112,46.68185231792725,-159.57828780040333,28.588823913762766,135.69057006835936,134.59280141194662,17.75,15.926083716980912
243,2021-06-18,AAPL,130.7100067138672,131.50999450683594,130.24000549316406,128.77500915527344,108953300.0,4.0,0.8102748026646225,129.95994278672848,120.82755797621097,53.41756899790606,165.82862673641938,19.9598665290817,125.09548797607422,126.46048011779786,20.700000762939453,21.822237046854276
243,2021-06-18,AMGN,239.5800018310547,241.0,236.47000122070312,221.79042053222656,5560400.0,4.0,-1.3671128853049765,230.82883191484274,214.73039660078229,47.10665786641895,-60.09296475710018,2.0535026579776945,226.21634267171223,228.56397552490233,20.700000762939453,21.822237046854276
243,2021-06-18,AXP,158.6999969482422,159.6699981689453,157.25,153.0880584716797,6900200.0,4.0,1.8717662267961828,163.1848258194008,151.14950340423204,53.74974586234724,-33.12675753223619,12.030168338317985,155.03414001464844,149.23556772867838,20.700000762939453,21.822237046854276
243,2021-06-18,BA,237.7899932861328,239.30999755859375,235.8000030517578,237.35000610351562,11965000.0,4.0,0.9864472455658415,258.3423872345121,233.88761307066372,48.81157822422891,-19.30520342566628,5.794877810861501,239.96899973551433,242.22566630045574,20.700000762939453,21.822237046854276
243,2021-06-18,CAT,206.17999267578125,211.80999755859375,205.5,198.83193969726562,7156400.0,4.0,-5.8805092537091355,243.7945221252118,198.17006832888973,37.10668897636223,-225.33864154684835,57.71848847149613,223.43731282552082,221.39387791951498,20.700000762939453,21.822237046854276
243,2021-06-18,CRM,241.85000610351562,246.00999450683594,241.05999755859375,242.77999877929688,7822200.0,4.0,5.152039430225642,249.40415570301005,222.5578422828298,57.642807581951764,95.30609544487233,33.570710333563156,229.33799896240234,226.95199940999348,20.700000762939453,21.822237046854276
243,2021-06-18,CSCO,52.810001373291016,52.84000015258789,51.880001068115234,48.318275451660156,35758300.0,4.0,0.23368476407440397,51.03627146794639,48.19297352717079,50.26565318593378,-105.81172093505212,25.781870090577662,49.39593633015951,48.6702158610026,20.700000762939453,21.822237046854276
243,2021-06-18,CVX,105.25,106.2699966430664,102.91000366210938,94.31475067138672,22284500.0,4.0,0.5219384060879833,101.8309909430117,93.50848049253517,48.098873332035716,-93.55329761176968,38.87783950480826,97.59076588948568,95.93685620625814,20.700000762939453,21.822237046854276
243,2021-06-18,DIS,173.13999938964844,173.86000061035156,172.1199951171875,172.4199981689453,12357500.0,4.0,-1.2227749600736217,179.99443783586418,172.54355960065925,42.312116088976865,-83.15316786134784,24.527480924255606,176.21566569010417,180.8769994099935,20.700000762939453,21.822237046854276
243,2021-06-18,GS,356.5199890136719,358.3800048828125,348.1300048828125,328.78662109375,6290100.0,4.0,1.1547225706346467,373.0274007053032,332.26622112086864,47.579508135693914,-156.61139392940703,26.643539029005602,348.86920267740885,333.01350555419924,20.700000762939453,21.822237046854276
243,2021-06-18,HD,299.25,303.8299865722656,298.3999938964844,286.4730529785156,8792700.0,4.0,-3.404941772134123,302.74586950867666,285.54929040343274,45.72617019386108,-140.8163147602135,41.46496436013725,297.93739522298176,299.21371307373045,20.700000762939453,21.822237046854276
243,2021-06-18,HON,213.60000610351562,215.2899932861328,211.9600067138672,203.2024688720703,5426300.0,4.0,-1.8408123329486443,225.85768379994747,205.63153281382208,42.09134863436802,-225.29149293424382,45.8113764673699,215.49625549316406,214.336092376709,20.700000762939453,21.822237046854276
243,2021-06-18,IBM,138.12619018554688,138.31739807128906,136.74952697753906,122.5365219116211,9577699.0,4.0,1.0928493002777202,130.28184350758204,120.80072790355077,52.6436672570308,-68.58559493661794,3.6030872811241585,124.85049540201823,120.88277664184571,20.700000762939453,21.822237046854276
243,2021-06-18,INTC,56.68000030517578,56.75,55.099998474121094,51.79646682739258,55118300.0,4.0,-0.1522053900927247,54.286978551886975,51.98836057469994,44.44343057162217,-48.83753570109861,25.082041222873798,52.580193583170576,55.149390856424965,20.700000762939453,21.822237046854276
243,2021-06-18,JNJ,163.27000427246094,164.19000244140625,161.7899932861328,152.5004119873047,12993000.0,4.0,-0.6657627270232069,161.2145417287069,152.17956990459388,45.81190361415306,-151.04828291608268,34.17820280564724,157.42252248128256,155.33872985839844,20.700000762939453,21.822237046854276
243,2021-06-18,JPM,149.3000030517578,149.6999969482422,147.55999755859375,137.61634826660156,43595700.0,4.0,-1.616647169825967,159.66236168731754,140.48308356414728,41.07842605160944,-281.16100762029896,47.33919119349741,150.06744791666668,146.27736790974936,20.700000762939453,21.822237046854276
243,2021-06-18,KO,54.5099983215332,54.619998931884766,53.720001220703125,50.25877380371094,31445600.0,4.0,0.19018353675999577,52.42736056159473,50.394061252370115,49.730416148108375,-112.76533273647895,18.96629977576481,51.121616999308266,50.41273549397786,20.700000762939453,21.822237046854276
243,2021-06-18,MCD,231.47000122070312,232.88999938964844,228.82000732421875,218.51771545410156,4408200.0,4.0,0.7275716713151041,226.0684065686353,217.6461701525561,49.99300968085437,-92.35147488198372,20.22439352614358,221.13207550048827,220.0051040649414,20.700000762939453,21.822237046854276
243,2021-06-18,MMM,193.0399932861328,193.57000732421875,191.52999877929688,173.31130981445312,5054600.0,4.0,-0.8953784839933974,188.41853277012856,176.28325250819174,43.65467871864849,-355.24616427520823,36.28285330528878,182.46714782714844,179.80395177205403,20.700000762939453,21.822237046854276
243,2021-06-18,MRK,76.73999786376953,77.22000122070312,76.16000366210938,71.40316009521484,19351900.0,4.0,0.7954606207703137,72.49073343823085,65.39712590625157,57.64712158278107,122.72451771498224,18.61946579535714,69.10281651814779,68.43622398376465,20.700000762939453,21.822237046854276
243,2021-06-18,MSFT,259.6300048828125,262.29998779296875,258.75,254.3267364501953,37202200.0,4.0,2.9370727258116744,257.67886189023045,238.4077592035196,57.51176720858959,140.68572806156212,12.517218086470011,245.40229085286458,245.5257588704427,20.700000762939453,21.822237046854276
243,2021-06-18,NKE,126.68000030517578,129.02999877929688,126.68000030517578,125.41333770751953,9784800.0,4.0,-1.1878326516322772,134.37822697646496,125.18193385117175,42.896052669766384,-199.2225706304311,41.452618669197996,130.461323038737,129.9081127166748,20.700000762939453,21.822237046854276
243,2021-06-18,PG,133.33999633789062,133.35000610351562,131.94000244140625,124.87078857421875,13997600.0,4.0,-0.5410204809025458,131.40981097751649,124.4736446804425,45.84338623403651,-171.54026038928845,24.740488723658107,128.47640635172527,127.89420483907064,20.700000762939453,21.822237046854276
243,2021-06-18,TRV,146.83999633789062,147.52000427246094,144.44000244140625,137.7442626953125,3109200.0,4.0,-1.7477004186947909,155.50164376002627,140.88375968235655,40.12976226630206,-296.6749241514811,48.86710120955481,148.77258911132813,147.47201817830404,20.700000762939453,21.822237046854276
243,2021-06-18,UNH,387.2799987792969,392.6600036621094,387.25,377.47601318359375,5521400.0,4.0,-2.0020804021071967,403.18656513710005,377.9432322261812,48.24398919086309,-203.66011977385335,23.153314972069097,392.74310302734375,383.1181360880534,20.700000762939453,21.822237046854276
243,2021-06-18,V,230.4499969482422,232.17999267578125,229.22000122070312,226.6529998779297,8840000.0,4.0,1.4011426771926097,231.69567440718882,221.26501590042838,54.03870174634822,40.131343995320286,0.4047842544689155,224.98065490722655,222.4587666829427,20.700000762939453,21.822237046854276
243,2021-06-18,VZ,56.310001373291016,56.310001373291016,55.56999969482422,48.18193435668945,38210500.0,4.0,-0.19767785865835918,49.78733897117685,48.298542071303615,43.06762001134928,-134.52405013805202,34.59823024314647,49.42690518697103,49.65229002634684,20.700000762939453,21.822237046854276
243,2021-06-18,WBA,52.41999816894531,52.43000030517578,50.650001525878906,45.511558532714844,10540300.0,4.0,-0.17907335511111455,50.274530972034434,46.06065579554369,44.515675513963316,-228.10369802467164,35.00165304659209,48.27132606506348,48.020620854695636,20.700000762939453,21.822237046854276
243,2021-06-18,WMT,135.44000244140625,136.38999938964844,134.39999389648438,130.5575714111328,14937600.0,4.0,-0.6634355138971557,139.3459859697991,131.9920099408454,42.62383010750284,-236.01565178881083,41.6758036785093,135.50125783284506,134.63434499104818,20.700000762939453,21.822237046854276
244,2021-06-21,AAPL,130.3000030517578,132.41000366210938,129.2100067138672,130.59124755859375,79663300.0,0.0,1.0355425927911455,130.78505449694086,120.68057355481695,55.39373022397907,183.91645472510595,11.702372080126723,125.16425425211588,126.65649019877115,17.889999389648438,12.748264141199549
244,2021-06-21,AMGN,239.63999938964844,240.91000366210938,237.64999389648438,223.2400360107422,2149000.0,0.0,-1.2567312518379765,228.65962763890073,215.89881199732972,48.349239728785264,-47.482334529528956,2.0535026579777087,225.83860575358074,228.49752502441407,17.889999389648438,12.748264141199549
244,2021-06-21,AXP,160.0800018310547,165.2100067138672,159.1300048828125,159.60183715820312,3681400.0,0.0,1.9068622632141512,163.10797884680838,152.00354916832836,59.40460878152903,48.533390355435685,10.990462193427426,155.22513275146486,149.60733286539713,17.889999389648438,12.748264141199549
244,2021-06-21,BA,238.66000366210938,245.6199951171875,237.25,245.27999877929688,15301800.0,0.0,1.0176222523809315,257.6673149093289,235.60868454135465,52.647456580170626,16.561373542813026,7.6983769064676615,240.2959996541341,242.19383290608724,17.889999389648438,12.748264141199549
244,2021-06-21,CAT,211.5500030517578,215.22999572753906,211.39999389648438,202.9730987548828,5633900.0,0.0,-6.188971839856265,243.8839070642663,195.79306131952276,40.5224453594293,-158.6363060304835,45.70489687440542,222.55577341715494,221.23472391764324,17.889999389648438,12.748264141199549
244,2021-06-21,CRM,243.4499969482422,244.72000122070312,238.88999938964844,244.47999572753906,5895100.0,0.0,5.145752556544039,249.42637588404446,224.72562149144383,58.46413462249848,85.62972559389746,25.789709811499,230.27066548665366,227.60266596476237,17.889999389648438,12.748264141199549
244,2021-06-21,CSCO,52.369998931884766,53.40999984741211,52.290000915527344,49.348297119140625,17682200.0,0.0,0.19545128323460403,51.004401901293924,48.294438812207055,54.17046988093594,-28.564230949869817,15.404809585414172,49.3882033030192,48.71707007090251,17.889999389648438,12.748264141199549
244,2021-06-21,CVX,104.0999984741211,106.44000244140625,103.93000030517578,97.07929229736328,13591500.0,0.0,0.4003400269947832,101.78135910768283,93.7347862170242,51.75395594367138,-42.770733796342945,37.86143829224566,97.51022313435872,95.97119305928548,17.889999389648438,12.748264141199549
244,2021-06-21,DIS,172.1300048828125,174.25999450683594,171.30999755859375,173.97000122070312,9196900.0,0.0,-1.2625964388079751,179.78468593828237,172.91031223066292,44.32322024675523,-66.98044716591053,27.691891293409466,175.85333251953125,180.6613327026367,17.889999389648438,12.748264141199549
244,2021-06-21,GS,352.8900146484375,357.9700012207031,351.0400085449219,336.9962158203125,2717300.0,0.0,0.15148071870459034,373.52750405087454,331.0604231952192,50.836257728152404,-117.98593447540644,26.643539029005613,348.48899332682294,333.45497080485023,17.889999389648438,12.748264141199549
244,2021-06-21,HD,305.25,308.7200012207031,304.8699951171875,291.1969299316406,3774200.0,0.0,-3.1519828941042647,302.3929809015958,285.28468328297447,49.190426047619276,-81.89455236246236,22.1364526890759,296.99449564615884,299.40257822672527,17.889999389648438,12.748264141199549
244,2021-06-21,HON,214.74000549316406,217.42999267578125,214.33999633789062,206.54934692382812,2872400.0,0.0,-2.1648818793293003,226.2839364176105,204.51678227135432,45.29227084139598,-158.7511415812817,35.10697252925921,215.11939849853516,214.3842867533366,17.889999389648438,12.748264141199549
244,2021-06-21,IBM,137.7724609375,140.602294921875,137.72467041015625,125.5588607788086,4482633.0,0.0,0.9782239167086288,130.30213647748454,120.94396719072836,56.82968420615753,0.6555426330165733,9.09205516940051,124.88445765177408,121.09754130045573,17.889999389648438,12.748264141199549
244,2021-06-21,INTC,55.75,56.040000915527344,55.369998931884766,51.9825553894043,19254600.0,0.0,-0.23022652959298995,54.31428252197643,51.94151734374622,44.97006999131064,-50.623601368228485,25.082041222873798,52.52436854044596,55.05991007486979,17.889999389648438,12.748264141199549
244,2021-06-21,JNJ,162.77000427246094,164.25999450683594,162.25,154.25157165527344,6592300.0,0.0,-0.7056259496175983,160.78063896988945,152.042937385091,48.76746700808514,-116.21007883192644,33.54410270285504,157.30906626383464,155.38383076985676,17.889999389648438,12.748264141199549
244,2021-06-21,JPM,149.0800018310547,151.1999969482422,149.02000427246094,139.95147705078125,18664800.0,0.0,-2.012060667029914,160.07888350911378,138.9287474112964,44.0024477358846,-209.06536987938708,38.07567302227655,149.73221384684246,146.258344523112,17.889999389648438,12.748264141199549
244,2021-06-21,KO,54.220001220703125,54.43000030517578,54.0,50.810245513916016,14404300.0,0.0,0.13337214225766303,52.414760479234126,50.42054034779225,52.567952710551126,-84.34371499416758,18.96629977576481,51.12964515686035,50.45524934132894,17.889999389648438,12.748264141199549
244,2021-06-21,MCD,230.6300048828125,233.22999572753906,229.47000122070312,221.63912963867188,2193000.0,0.0,0.619827544776058,225.96642213183824,218.02699827831802,53.48222687476501,-36.30239947092271,18.01951539334693,221.1114522298177,220.16262486775716,17.889999389648438,12.748264141199549
244,2021-06-21,MMM,193.58999633789062,196.6300048828125,193.58999633789062,176.5767059326172,2528400.0,0.0,-1.1201766642898008,188.64121295348144,175.45904949769044,48.00147500712888,-210.12004752981215,18.92198564841064,182.2748830159505,179.85702718098958,17.889999389648438,12.748264141199549
244,2021-06-21,MRK,76.88999938964844,77.29000091552734,76.55000305175781,71.53363037109375,10880800.0,0.0,0.850794054476836,72.74450784947915,65.31488851282553,57.951035988969814,122.67742681399119,19.190648000805613,69.1826271057129,68.51051801045736,17.889999389648438,12.748264141199549
244,2021-06-21,MSFT,259.82000732421875,263.5199890136719,257.9200134277344,257.4637756347656,26696100.0,0.0,3.2185141029923727,258.695755543237,239.10251868772002,59.37819011621931,143.09670740037598,16.299166241199757,245.75362854003907,246.02940724690754,17.889999389648438,12.748264141199549
244,2021-06-21,NKE,129.24000549316406,130.75999450683594,128.6999969482422,127.04435729980469,6288500.0,0.0,-1.1855883963586962,134.42286805728722,124.91140318294717,45.45008616388482,-126.8568556232666,25.649758681752964,130.2187037150065,129.93576901753744,17.889999389648438,12.748264141199549
244,2021-06-21,PG,132.69000244140625,133.25999450683594,132.39999389648438,125.85440826416016,8014800.0,0.0,-0.5961243934374352,131.07307406850006,124.34411648325774,47.731400707605495,-136.71436129818406,24.7404887236581,128.41083272298178,127.90111846923828,17.889999389648438,12.748264141199549
244,2021-06-21,TRV,146.3699951171875,149.0,145.80999755859375,141.44570922851562,931100.0,0.0,-1.9406566128687075,155.5484662594668,139.92903770781834,44.75213109151499,-205.96619694894946,39.128420097847396,148.41539052327474,147.420054880778,17.889999389648438,12.748264141199549
244,2021-06-21,UNH,389.3699951171875,399.20001220703125,389.2200012207031,385.91033935546875,3839300.0,0.0,-1.8612636605435,402.30966458816994,377.65118441085355,53.346808933846575,-121.960478027736,4.896013381918758,392.1596262613932,383.5759475708008,17.889999389648438,12.748264141199549
244,2021-06-21,V,231.4499969482422,235.00999450683594,230.39999389648438,230.4992218017578,7298400.0,0.0,1.5336622000672548,232.10279951165845,221.6005803101189,57.22062036842949,101.83612471918144,11.658368666713827,225.06383209228517,222.89571787516277,17.889999389648438,12.748264141199549
244,2021-06-21,VZ,56.06999969482422,56.4900016784668,55.97999954223633,48.6739387512207,13628200.0,0.0,-0.21167333910110386,49.78163693660857,48.2593596149051,46.345426970423595,-97.26009388317857,29.365177854128017,49.35986607869466,49.646834246317546,17.889999389648438,12.748264141199549
244,2021-06-21,WBA,51.04999923706055,52.040000915527344,51.04999923706055,46.48731994628906,5131800.0,0.0,-0.27622517188365947,50.21865109211567,45.85245410197613,47.49595431632449,-175.0697538636956,35.00165304659208,48.20763676961263,48.03049087524414,17.889999389648438,12.748264141199549
244,2021-06-21,WMT,135.66000366210938,136.75,135.35000610351562,131.74557495117188,6925000.0,0.0,-0.8141667414557219,139.42983164208266,131.39141774756575,45.0090683200135,-171.29375741238712,37.47859207797971,135.37891235351563,134.68125737508137,17.889999389648438,12.748264141199549
245,2021-06-22,AAPL,132.1300048828125,134.0800018310547,131.6199951171875,132.24952697753906,74783600.0,1.0,1.3325177940563862,131.90026411817837,120.24447541429235,57.11220079253687,226.87296845922242,21.113815746799332,125.39885075887044,126.86995544433594,16.65999984741211,6.27028688467668
245,2021-06-22,AMGN,239.7100067138672,240.75,238.2899932861328,222.93338012695312,1780400.0,1.0,-1.1803907690326128,227.10827926379076,216.72163406628735,48.10194867094656,-43.695554631829275,2.0535026579777007,225.49955291748046,228.3243069966634,16.65999984741211,6.27028688467668
245,2021-06-22,AXP,163.4199981689453,165.24000549316406,162.4600067138672,159.21469116210938,2697600.0,1.0,1.8817450924775585,163.10032769264757,152.5783695119423,58.96136716168537,62.234907894992766,11.096207076218384,155.41289876302082,149.94932530721027,16.65999984741211,6.27028688467668
245,2021-06-22,BA,244.5,244.6300048828125,241.0800018310547,243.77999877929688,10042500.0,1.0,0.9107921608271567,257.2083456607718,236.7016534237009,51.88662205081831,18.23304437190929,7.698376906467656,240.6576665242513,242.17566630045573,16.65999984741211,6.27028688467668
245,2021-06-22,CAT,213.49000549316406,214.8300018310547,211.17999267578125,202.8969268798828,3776400.0,1.0,-6.3661916014831945,243.49658234011693,193.71283843625028,40.48061173550323,-139.98828627638298,45.98780472543496,221.6202870686849,220.9913762410482,16.65999984741211,6.27028688467668
245,2021-06-22,CRM,243.8000030517578,244.72000122070312,240.88999938964844,243.11000061035156,4457200.0,1.0,4.972898528709663,249.5458457693657,226.21815111784133,57.53408040644561,82.5028240979802,25.789709811499005,231.24466552734376,228.16966603597004,16.65999984741211,6.27028688467668
245,2021-06-22,CSCO,53.29999923706055,53.36000061035156,52.810001373291016,49.42253875732422,16451200.0,1.0,0.16919132171112494,51.00143235595617,48.285345521851454,54.43720428752659,-6.797352669198497,15.404809585414167,49.391296513875325,48.7335288365682,16.65999984741211,6.27028688467668
245,2021-06-22,CVX,105.33000183105469,106.95999908447266,104.30999755859375,97.39969635009766,10230100.0,1.0,0.3260676598094818,101.78940774135145,93.79997061558214,52.15790696173137,-24.04872601197842,34.63958696882766,97.45392557779948,95.97454566955567,16.65999984741211,6.27028688467668
245,2021-06-22,DIS,174.3699951171875,174.6999969482422,172.35000610351562,173.5,8097100.0,1.0,-1.3169000145241796,179.86232842333345,172.7516699897525,43.84376564375429,-52.094295343835334,24.656914337671353,175.493332417806,180.4543327331543,16.65999984741211,6.27028688467668
245,2021-06-22,GS,357.0,359.8800048828125,352.6400146484375,336.98675537109375,1870800.0,1.0,-0.637015932958434,374.00152233358335,329.68906909708073,50.83249296219843,-100.09941396936489,22.666252626252295,348.17766927083335,333.945751953125,16.65999984741211,6.27028688467668
245,2021-06-22,HD,309.1300048828125,314.9100036621094,308.29998779296875,296.03448486328125,4418400.0,1.0,-2.531973888062737,302.3421581993784,285.2893450965201,52.40852397219617,-21.566634916262107,3.079028815050436,296.1541473388672,299.56800638834636,16.65999984741211,6.27028688467668
245,2021-06-22,HON,215.67999267578125,216.8000030517578,214.8800048828125,206.06167602539062,2110900.0,1.0,-2.433014024325331,226.60453934533143,203.28679213660217,44.9180202599615,-149.64219606829278,35.106972529259195,214.65804341634114,214.35055770874024,16.65999984741211,6.27028688467668
245,2021-06-22,IBM,140.07647705078125,140.35372924804688,138.9579315185547,125.31055450439453,2549102.0,1.0,0.8574619456774855,130.30555205750528,121.08096603941854,56.40592859033516,9.647307537745522,9.092055169400503,124.8898801167806,121.2614564259847,16.65999984741211,6.27028688467668
245,2021-06-22,INTC,55.939998626708984,56.279998779296875,55.5,51.9825553894043,18682800.0,1.0,-0.2887305388357362,54.36917702073375,51.78520682936391,44.97006999131063,-39.74008383419433,20.900284509715707,52.521267064412434,54.926504834493,16.65999984741211,6.27028688467668
245,2021-06-22,JNJ,163.7100067138672,164.0399932861328,163.27999877929688,154.04441833496094,5627800.0,1.0,-0.7453415490014379,160.10805945871374,152.06307091238,48.44412146578216,-102.9027807678961,33.54410270285503,157.1335027058919,155.37932103474935,16.65999984741211,6.27028688467668
245,2021-06-22,JPM,150.60000610351562,150.97000122070312,148.66000366210938,139.7468719482422,14251200.0,1.0,-2.3152498748192443,160.23198295227863,137.535503619987,43.805403915860545,-185.38154336676843,39.05865462096838,149.39077809651693,146.1967569986979,16.65999984741211,6.27028688467668
245,2021-06-22,KO,54.34000015258789,54.849998474121094,54.2599983215332,50.99718475341797,13072800.0,1.0,0.10225441191260387,52.40566626530817,50.44550904291937,53.488605818811756,-44.65788827023092,7.804490395798987,51.131535085042316,50.4851079305013,16.65999984741211,6.27028688467668
245,2021-06-22,MCD,233.49000549316406,234.86000061035156,232.42999267578125,222.57174682617188,1758300.0,1.0,0.6027458817352169,225.94573334122268,218.35638152694136,54.46425738845658,42.365101494333956,7.880125991796609,221.05030415852863,220.31975860595702,16.65999984741211,6.27028688467668
245,2021-06-22,MMM,194.75,196.0500030517578,194.10000610351562,176.51341247558594,1772600.0,1.0,-1.2885840993930344,188.7195660088311,174.70499911568064,47.927336996450016,-184.86706395154843,18.921985648410647,181.9530019124349,179.8824094136556,16.65999984741211,6.27028688467668
245,2021-06-22,MRK,76.58999633789062,76.73999786376953,76.01000213623047,71.01170349121094,10957500.0,1.0,0.8428156083647735,72.90618645174338,65.2857797958152,56.27978332494994,86.59865680272566,12.669521457549088,69.25209452311198,68.55671475728353,16.65999984741211,6.27028688467668
245,2021-06-22,MSFT,262.7200012207031,265.7900085449219,262.3999938964844,260.2871398925781,24694100.0,1.0,3.627564021885462,260.5353565920959,238.70694229706424,60.97429833646802,165.09394542160578,22.92639108945758,246.3712178548177,246.51262537638345,16.65999984741211,6.27028688467668
245,2021-06-22,NKE,130.8300018310547,132.69000244140625,130.1300048828125,129.38836669921875,6043800.0,1.0,-0.9833325930274839,134.33658759632056,124.86973869762475,48.85118654140016,-56.22902185107855,10.877530575652731,130.10002950032552,129.93182690938315,16.65999984741211,6.27028688467668
245,2021-06-22,PG,133.0399932861328,134.02000427246094,132.8800048828125,125.90168762207031,6550900.0,1.0,-0.6287319613914519,130.66881462097345,124.29061683654609,47.82185102580894,-107.79826524173764,16.47714728970247,128.26739044189452,127.87796427408854,16.65999984741211,6.27028688467668
245,2021-06-22,TRV,148.52999877929688,149.19000244140625,147.13999938964844,141.11268615722656,727500.0,1.0,-2.096283316408403,155.53686968355157,139.0325517031672,44.43284220282292,-175.41344349171214,37.89048428758362,148.01996612548828,147.3489786783854,16.65999984741211,6.27028688467668
245,2021-06-22,UNH,400.6099853515625,400.6499938964844,397.82000732421875,386.5113525390625,3964600.0,1.0,-1.6817821001080802,401.4251385276538,377.492540305354,53.68343107308426,-72.87614439366912,1.335600000332032,391.4918650309245,383.9570053100586,16.65999984741211,6.27028688467668
245,2021-06-22,V,234.3000030517578,236.08999633789062,233.24000549316406,232.08299255371094,8858400.0,1.0,1.7463510919332066,232.88209986242447,221.47150273767318,58.4460553507431,132.67527528072372,15.785921110555037,225.4011657714844,223.2680414835612,16.65999984741211,6.27028688467668
245,2021-06-22,VZ,56.689998626708984,56.779998779296875,56.279998779296875,48.656673431396484,13866600.0,1.0,-0.22160351779179166,49.767934024376586,48.220409786658564,46.248765570267956,-75.90986370822822,21.246784790525194,49.269233576456706,49.629704284667966,16.65999984741211,6.27028688467668
245,2021-06-22,WBA,51.79999923706055,52.130001068115234,51.529998779296875,46.344085693359375,3383400.0,1.0,-0.3606194966897718,50.14761359934837,45.649562380265884,47.11167971224886,-148.33921323082347,33.74935115099892,48.122013600667316,48.03324006398519,16.65999984741211,6.27028688467668
245,2021-06-22,WMT,136.22999572753906,137.72000122070312,136.22999572753906,132.35411071777344,6369000.0,1.0,-0.8744385908800325,139.35589342928208,131.00849560880388,46.19434504860026,-123.43923234331668,26.66994122385499,135.25689036051432,134.72035268147786,16.65999984741211,6.27028688467668
246,2021-06-23,AAPL,133.77000427246094,134.32000732421875,133.22999572753906,131.97315979003906,60214200.0,2.0,1.527958899246471,132.78621431051107,120.02974256815106,56.735365065527795,207.10614853764108,22.3847501996112,125.6551633199056,127.07585856119792,16.31999969482422,7.1480448860460735
246,2021-06-23,AMGN,239.64999389648438,239.75,236.92999267578125,221.81834411621094,1654300.0,2.0,-1.1960768443977656,226.76499329109896,216.75920409659636,47.19398953434252,-55.12025850540855,7.122816775747644,225.13317464192707,228.100208791097,16.31999969482422,7.1480448860460735
246,2021-06-23,AXP,165.02999877929688,166.86000061035156,164.7899932861328,160.68585205078125,2327600.0,2.0,1.9579795727064777,163.09356410656758,153.36039707507305,60.13077720172546,88.59330115144178,16.80192024585327,155.7868184407552,150.33770955403645,16.31999969482422,7.1480448860460735
246,2021-06-23,BA,244.8000030517578,246.8699951171875,243.1699981689453,243.57000732421875,9874700.0,2.0,0.7999625181981003,257.0628042569064,237.1301950106717,51.77825584774024,25.60566328247675,12.238826164181283,241.14733327229817,242.05983301798503,16.31999969482422,7.1480448860460735
246,2021-06-23,CAT,213.60000610351562,216.77000427246094,212.5800018310547,203.52523803710938,3283400.0,2.0,-6.382368113275561,243.01467657618457,191.96899957127636,41.00034759005827,-116.37658536045366,39.15312477627424,220.81077982584637,220.74712727864582,16.31999969482422,7.1480448860460735
246,2021-06-23,CRM,243.75,244.5,240.85000610351562,241.83999633789062,4482400.0,2.0,4.679489493387138,249.33366907846008,227.84332677114932,56.6695546054372,74.86074187806642,25.6355781123178,232.12066548665365,228.68749923706054,16.31999969482422,7.1480448860460735
246,2021-06-23,CSCO,53.27000045776367,53.290000915527344,52.59000015258789,48.95856475830078,14749800.0,2.0,0.10967700068988506,51.008505716084116,48.22723532700671,52.46315762007871,-36.83558228067653,18.37482224760501,49.38913129170736,48.743022473653156,16.31999969482422,7.1480448860460735
246,2021-06-23,CVX,107.36000061035156,108.12999725341797,106.2300033569336,97.28068542480469,7792800.0,2.0,0.25466743894507715,101.70129180463348,94.10778488604035,51.990642272360255,13.45876981924634,27.47429881839799,97.4801767985026,95.98435541788737,16.31999969482422,7.1480448860460735
246,2021-06-23,DIS,173.6199951171875,175.4499969482422,172.94000244140625,175.3300018310547,9174200.0,2.0,-1.1984550914310717,179.84688988237355,172.68310889692333,46.18836255815696,-20.149834661522668,19.482442318974247,175.28199920654296,180.29566599527996,16.31999969482422,7.1480448860460735
246,2021-06-23,GS,358.7900085449219,362.4800109863281,357.6600036621094,340.30450439453125,1713100.0,2.0,-0.9828607842953829,374.10401966612227,329.3760920282137,52.11891485352689,-70.94364097972445,17.305496475108225,348.25123392740886,334.51781667073567,16.31999969482422,7.1480448860460735
246,2021-06-23,HD,312.0199890136719,313.6600036621094,310.6300048828125,295.0499572753906,2564500.0,2.0,-2.0958952562885997,301.94119569947185,285.36581723998125,51.718875132322744,-14.593149481222175,3.0790288150504397,295.609331258138,299.74229532877604,16.31999969482422,7.1480448860460735
246,2021-06-23,HON,215.6699981689453,216.3699951171875,214.55999755859375,205.2679443359375,2234200.0,2.0,-2.678680038801957,226.93480677290182,202.05956425981304,44.30166854594221,-144.36048672957602,35.910922018881664,214.2267283121745,214.29804458618165,16.31999969482422,7.1480448860460735
246,2021-06-23,IBM,139.9904327392578,140.05735778808594,138.2122344970703,123.81221771240234,3349920.0,2.0,0.6335507776089457,130.2679926382428,121.18873191009708,53.89721238889976,-20.542161683973518,4.324723947605853,124.90100962320963,121.40773747762044,16.31999969482422,7.1480448860460735
246,2021-06-23,INTC,55.869998931884766,55.970001220703125,55.22999954223633,51.415000915527344,20287900.0,2.0,-0.37655163756782883,54.492792138057716,51.511794653934466,43.62047722818694,-69.46574927666832,23.957601230414006,52.52809028625488,54.78934288024902,16.31999969482422,7.1480448860460735
246,2021-06-23,JNJ,163.69000244140625,163.69000244140625,162.47999572753906,153.11239624023438,4493400.0,2.0,-0.8423131794484675,159.48800773586368,151.98172340427305,46.993895450159904,-114.39593842518599,37.40749166666478,156.97022298177083,155.34196802775065,16.31999969482422,7.1480448860460735
246,2021-06-23,JPM,150.1999969482422,152.0399932861328,150.08999633789062,140.5934600830078,12733300.0,2.0,-2.458872566754735,160.2841880611555,136.48503953894217,44.86225538207243,-147.48563326529532,32.38207118915409,149.16067403157552,146.18642985026042,16.31999969482422,7.1480448860460735
246,2021-06-23,KO,54.560001373291016,54.599998474121094,54.11000061035156,50.585914611816406,12339200.0,2.0,0.043901256763355434,52.430024747032945,50.396825381140886,51.22572224618501,-77.86734935941831,10.992631537905432,51.13796094258626,50.49558785756429,16.31999969482422,7.1480448860460735
246,2021-06-23,MCD,233.3000030517578,234.4499969482422,232.6999969482422,221.96270751953125,1701500.0,2.0,0.5339095813103825,225.88222215768448,218.6459165752257,53.698426653866974,33.502928386414816,7.880125991796598,221.07138417561848,220.43298517862956,16.31999969482422,7.1480448860460735
246,2021-06-23,MMM,194.8000030517578,195.4199981689453,192.27999877929688,173.9987335205078,2976500.0,2.0,-1.6064436976779746,189.0841859703788,173.4946241492501,45.066536854015304,-198.0611798741994,25.382270756577313,181.6553512573242,179.85300928751627,16.31999969482422,7.1480448860460735
246,2021-06-23,MRK,75.8499984741211,76.26000213623047,75.55000305175781,70.44315338134766,9539100.0,2.0,0.7816055280501075,73.03948839252395,65.36310483867722,54.50834417654079,56.231942789237806,7.322670426199919,69.32347895304362,68.5800619761149,16.31999969482422,7.1480448860460735
246,2021-06-23,MSFT,265.989990234375,266.8299865722656,264.42999267578125,260.05181884765625,19518700.0,2.0,3.8879329174702377,262.05197992149306,238.51866216835072,60.76842591888813,159.7113752648621,25.803419034413533,247.01193593343098,247.0121342976888,16.31999969482422,7.1480448860460735
246,2021-06-23,NKE,132.80999755859375,133.6999969482422,132.2100067138672,129.99388122558594,4566000.0,2.0,-0.7653608465133175,134.25388437981317,124.85970662360482,49.68943554306448,-8.895888458568637,4.035433365832515,129.97814534505207,129.92985420227052,16.31999969482422,7.1480448860460735
246,2021-06-23,PG,132.9499969482422,133.36000061035156,132.32000732421875,125.72199249267578,5796000.0,2.0,-0.6614488188411229,130.0549115432585,124.38434398042315,47.49867530391925,-119.74596951915873,20.61900750734441,128.1393953959147,127.8186097462972,16.31999969482422,7.1480448860460735
246,2021-06-23,TRV,148.83999633789062,148.9499969482422,147.8300018310547,140.73207092285156,649600.0,2.0,-2.2246862701699115,155.65609271857392,138.17346050408236,44.06116904107319,-154.95871996210582,37.890484287583625,147.76892700195313,147.26824696858725,16.31999969482422,7.1480448860460735
246,2021-06-23,UNH,397.82000732421875,399.0,395.2699890136719,383.4768981933594,2942100.0,2.0,-1.7640617700782286,400.04844821839976,377.3197768792565,51.733786464864934,-94.21687912528566,7.253702719479958,391.0188456217448,384.24595438639324,16.31999969482422,7.1480448860460735
246,2021-06-23,V,235.4499969482422,235.9199981689453,233.94000244140625,230.8533477783203,6814700.0,2.0,1.7949949300655703,233.31324664732338,221.59712475160242,57.13160903227685,118.33508351371574,15.785921110555046,225.71355539957682,223.60382792154948,16.31999969482422,7.1480448860460735
246,2021-06-23,VZ,56.45000076293945,56.75,56.04999923706055,48.39773178100586,16524500.0,2.0,-0.247514490098645,49.78881784371867,48.16413663931356,44.79910582096733,-95.70614775426792,25.225155202104776,49.19816652933756,49.59900728861491,16.31999969482422,7.1480448860460735
246,2021-06-23,WBA,51.790000915527344,52.380001068115234,51.560001373291016,46.62159729003906,3489600.0,2.0,-0.4004931053162366,50.10306904420512,45.50522143736226,47.95562897022485,-122.07039260904209,30.1640835584905,48.07137934366862,48.02848459879557,16.31999969482422,7.1480448860460735
246,2021-06-23,WMT,136.5,136.99000549316406,135.92999267578125,131.32061767578125,6463500.0,2.0,-0.9941389025722174,139.2381355452196,130.51002424481945,44.50887887844448,-135.9488497656839,28.527708074100293,135.14130605061848,134.717529296875,16.31999969482422,7.1480448860460735
247,2021-06-24,AAPL,134.4499969482422,134.63999938964844,132.92999267578125,131.68690490722656,68711000.0,3.0,1.6408344878833248,133.4997527986261,119.96373139326842,56.33706800884779,174.90867977328216,24.126924548770294,126.00524876912435,127.30146166483561,15.970000267028809,7.273615215170034
247,2021-06-24,AMGN,240.41000366210938,243.02999877929688,239.2899932861328,223.89979553222656,1943000.0,3.0,-1.0286942908348067,226.9664304997799,216.78078324533726,49.05110556498671,-17.93914993936539,5.48805906568278,224.8813929239909,227.99092712402344,15.970000267028809,7.273615215170034
247,2021-06-24,AXP,167.05999755859375,168.5800018310547,166.41000366210938,162.80551147460938,2417100.0,3.0,2.1644839249552206,163.43096859640553,153.9550543528132,61.75511541420253,115.22916047128388,22.450598542397575,156.30011342366535,150.74340896606446,15.970000267028809,7.273615215170034
247,2021-06-24,BA,245.1999969482422,250.74000549316406,243.6999969482422,250.57000732421875,13755600.0,3.0,1.262418353537754,257.25560191399165,237.85739857428962,55.01790382965414,52.32561123788253,19.54781089600228,242.1403335571289,242.03583323160808,15.970000267028809,7.273615215170034
247,2021-06-24,CAT,216.5399932861328,221.92999267578125,215.3300018310547,208.8087615966797,6827600.0,3.0,-5.900830815901827,242.0683176958525,191.16655626654983,45.16567241618257,-79.8118522891801,22.806333584559574,220.24022165934244,220.54576365152994,15.970000267028809,7.273615215170034
247,2021-06-24,CRM,243.35000610351562,247.69000244140625,242.6999969482422,243.77000427246094,4987300.0,3.0,4.5502438508821115,249.40801038896828,229.17798662030904,57.66951589403885,88.45232415678575,32.66992190841133,233.22833251953125,229.25033264160157,15.970000267028809,7.273615215170034
247,2021-06-24,CSCO,52.939998626708984,53.04999923706055,52.61000061035156,48.97711944580078,13974300.0,3.0,0.06327923706139416,51.012979553885785,48.21069789057222,52.534364860669235,-50.515887833528375,18.374822247605014,49.42563056945801,48.76434211730957,15.970000267028809,7.273615215170034
247,2021-06-24,CVX,107.13999938964844,107.77999877929688,106.36000061035156,98.07708740234375,8724600.0,3.0,0.25935554400946614,101.63814526178932,94.44738482854272,53.03330269645465,21.65718318952917,27.474298818397997,97.51277770996094,96.02236010233561,15.970000267028809,7.273615215170034
247,2021-06-24,DIS,176.1300048828125,178.24000549316406,175.77999877929688,177.92999267578125,7549400.0,3.0,-0.8845920775602281,179.99617828446063,172.67981964034405,49.29954594627064,57.718883830528654,2.554226086098408,175.2846654256185,180.16899922688802,15.970000267028809,7.273615215170034
247,2021-06-24,GS,363.0,370.8800048828125,362.7799987792969,347.56207275390625,2716600.0,3.0,-0.6636698353436827,374.1003045767503,329.6236089974684,54.79536444101758,-20.446182432679073,1.9225498369429834,348.73956197102865,335.1125203450521,15.970000267028809,7.273615215170034
247,2021-06-24,HD,313.1199951171875,314.8399963378906,311.6700134277344,295.21087646484375,2649200.0,3.0,-1.7175165039588478,301.4339228606439,285.5100712799811,51.82606196408391,0.1076689313672386,0.3093292081709195,295.4986846923828,299.8781438191732,15.970000267028809,7.273615215170034
247,2021-06-24,HON,215.7899932861328,218.0399932861328,214.64999389648438,208.1654052734375,3364300.0,3.0,-2.6094906586761795,226.93866351516158,201.4264976176509,47.045623557207165,-111.63153963930506,27.125111224346977,214.18146616617838,214.3063601175944,15.970000267028809,7.273615215170034
247,2021-06-24,IBM,139.3881378173828,139.76100158691406,138.32696533203125,124.52285766601562,3775746.0,3.0,0.507591074964779,130.17835662032275,121.45474121903271,54.88177251810283,-18.57118133855803,4.324723947605856,125.01916173299153,121.58195050557454,15.970000267028809,7.273615215170034
247,2021-06-24,INTC,55.4900016784668,56.099998474121094,55.34000015258789,52.168636322021484,21209700.0,3.0,-0.38094709118384174,54.49928247947785,51.42621915321258,45.852677530148455,-54.25450075200673,21.53981743858647,52.604074478149414,54.675992266337076,15.970000267028809,7.273615215170034
247,2021-06-24,JNJ,163.27000427246094,164.1999969482422,162.8000030517578,153.80906677246094,4549200.0,3.0,-0.8531142357242061,158.94095398653255,151.99213469754946,48.1931362606372,-93.30003550166357,32.17136859087613,156.85137329101562,155.3322883605957,15.970000267028809,7.273615215170034
247,2021-06-24,JPM,151.9199981689453,153.1199951171875,151.22000122070312,141.8866424560547,13733200.0,3.0,-2.4402162806291585,160.14548815402193,135.75666028347806,46.45358681339999,-117.99205477862151,25.86191180786233,149.00747884114583,146.1699089050293,15.970000267028809,7.273615215170034
247,2021-06-24,KO,54.2599983215332,54.41999816894531,54.0,50.83828353881836,11488400.0,3.0,0.017814667768931258,52.43962152353136,50.365875455228405,52.50132195570327,-81.4779650389232,13.341786472954881,51.1614574432373,50.52109711964925,15.970000267028809,7.273615215170034
247,2021-06-24,MCD,234.10000610351562,235.16000366210938,232.74000549316406,222.04832458496094,1839800.0,3.0,0.4807234186037306,225.8177165478351,218.92513165773133,53.79291278578525,40.89808039530936,3.456125885885039,221.2820780436198,220.58502273559571,15.970000267028809,7.273615215170034
247,2021-06-24,MMM,193.3000030517578,193.74000549316406,191.63999938964844,174.81283569335938,2191800.0,3.0,-1.772229321318406,189.2053606760937,172.62086613054694,46.14316242806446,-181.28512686756855,27.552191899204054,181.5300038655599,179.853640238444,15.970000267028809,7.273615215170034
247,2021-06-24,MRK,75.7300033569336,76.63999938964844,75.7300033569336,71.1701431274414,8601900.0,3.0,0.7827352109329837,73.25263270031547,65.45709325183296,56.32667489009769,74.2389143177345,11.050222233794333,69.40322443644206,68.63521842956543,15.970000267028809,7.273615215170034
247,2021-06-24,MSFT,266.1600036621094,267.8500061035156,265.4700012207031,261.44390869140625,21446900.0,3.0,4.158668616162316,263.6550271284868,238.40571353313433,61.562634760016216,158.00601590748366,28.59787668320319,247.9347717285156,247.59010569254556,15.970000267028809,7.273615215170034
247,2021-06-24,NKE,133.89999389648438,134.82000732421875,132.89999389648438,130.4822540283203,11420500.0,3.0,-0.5469046865303824,133.76846016007198,125.05073692244753,50.36808988457962,20.509050266681694,3.055989869953907,129.9937286376953,129.9447935740153,15.970000267028809,7.273615215170034
247,2021-06-24,PG,132.9499969482422,133.30999755859375,132.6999969482422,125.8071060180664,6056700.0,3.0,-0.6727541231498293,129.3794247547318,124.57748747671353,47.67194891876799,-104.77271191423749,20.61900750734441,128.05995025634766,127.79387919108073,15.970000267028809,7.273615215170034
247,2021-06-24,TRV,148.89999389648438,150.5,148.2899932861328,142.70176696777344,1026900.0,3.0,-2.142807574859148,155.50963867796148,137.72118712770256,46.45879563115158,-116.35521826723638,27.329327686962117,147.67627461751303,147.2175053914388,15.970000267028809,7.273615215170034
247,2021-06-24,UNH,398.32000732421875,402.1600036621094,396.8399963378906,386.6858215332031,3309100.0,3.0,-1.5524401422886172,398.32882532942375,377.79538426530286,53.57812179948073,-58.13323562933756,0.6410241401881387,390.8565989176432,384.6769271850586,15.970000267028809,7.273615215170034
247,2021-06-24,V,237.0,238.25,235.41000366210938,232.38795471191406,4611500.0,3.0,1.9350692033042094,233.82779320429543,221.98462745000145,58.341190835306925,149.5880974644991,24.484035616604366,226.23589833577475,224.0079195658366,15.970000267028809,7.273615215170034
247,2021-06-24,VZ,56.15999984741211,56.40999984741211,56.060001373291016,48.656673431396484,15386200.0,3.0,-0.2443381174862722,49.78852353449405,48.165294214529396,46.5328160167027,-95.34108143370571,25.225155202104766,49.1394713083903,49.57604185740153,15.970000267028809,7.273615215170034
247,2021-06-24,WBA,51.27000045776367,52.33000183105469,50.83000183105469,46.639495849609375,3876900.0,3.0,-0.4257412827608107,50.098175256389545,45.518171865802834,48.010980342414406,-129.15179733388067,35.55617761009688,48.05684394836426,48.022104517618814,15.970000267028809,7.273615215170034
247,2021-06-24,WMT,136.1699981689453,137.24000549316406,136.10000610351562,132.23818969726562,7814700.0,3.0,-1.003395351300128,138.97641105375467,130.2636966732961,46.30814537826243,-118.71936792782523,25.6911485414262,135.17253621419272,134.74491119384766,15.970000267028809,7.273615215170034
248,2021-06-25,AAPL,133.4600067138672,133.88999938964844,132.80999755859375,131.3907928466797,70783700.0,4.0,1.6869493346875686,134.02926790850643,120.20710370404238,55.91699620971107,143.55719601311623,23.020024452851143,126.27307764689128,127.48517672220866,15.619999885559082,146.21018647153488
248,2021-06-25,AMGN,241.63999938964844,243.64999389648438,240.11000061035156,225.50738525390625,4309900.0,4.0,-0.7575903261619032,227.3196931948373,217.11236857274085,50.44358179389552,0.6298799372981768,7.683989495973852,224.64505716959636,227.92289505004882,15.619999885559082,146.21018647153488
248,2021-06-25,AXP,168.4499969482422,170.41000366210938,168.4499969482422,164.00564575195312,9186000.0,4.0,2.397345807958658,164.05644768627494,154.26937628833443,62.6464837290066,140.1945538978678,28.0095738894166,156.79598541259764,151.19524307250975,15.619999885559082,146.21018647153488
248,2021-06-25,BA,250.75,252.3000030517578,248.25,248.3800048828125,9625800.0,4.0,1.4356537180530609,257.03624742798974,237.84475385374859,53.84709232616354,60.43356009339803,22.33493202149971,242.9983337402344,241.93016662597657,15.619999885559082,146.21018647153488
248,2021-06-25,CAT,221.17999267578125,221.75,215.27000427246094,205.92422485351562,11274200.0,4.0,-5.6864175645263515,240.52599372958176,190.33176689053542,43.43384970822826,-79.36887628656929,22.91888115148302,219.48624725341796,220.31543655395507,15.619999885559082,146.21018647153488
248,2021-06-25,CRM,244.19000244140625,244.1999969482422,240.99000549316406,241.8699951171875,15409300.0,4.0,4.245560707178186,248.02247900094034,232.1675173369503,56.34527381448797,67.68336012641055,25.84852776266907,234.22866566975912,229.75033264160157,15.619999885559082,146.21018647153488
248,2021-06-25,CSCO,52.77000045776367,53.20000076293945,52.650001525878906,49.23694610595703,16682700.0,4.0,0.04693349500523425,51.0107990285127,48.22587013042284,53.542464175972896,-35.469932759987856,15.223084283765182,49.4432612101237,48.790913581848145,15.619999885559082,146.21018647153488
248,2021-06-25,CVX,107.58999633789062,108.05999755859375,106.77999877929688,98.22355651855469,8102300.0,4.0,0.27175708808519516,101.37226378257225,95.10597718422463,53.22656770123887,30.74453860534291,25.64574800515978,97.57106043497721,96.07998835245768,15.619999885559082,146.21018647153488
248,2021-06-25,DIS,178.8300018310547,179.08999633789062,177.49000549316406,178.35000610351562,7431800.0,4.0,-0.595101840804432,179.86615402669173,172.74084517985125,49.78472258692786,85.3964019329407,1.968946777264682,175.28499908447264,180.06616592407227,15.619999885559082,146.21018647153488
248,2021-06-25,GS,368.82000732421875,371.1499938964844,364.5400085449219,347.5809631347656,2782400.0,4.0,-0.4045213425597467,374.08016321921525,329.5165134165269,54.80216720698026,-18.516797799929368,1.4653880621708912,349.09043172200523,335.7859771728516,15.619999885559082,146.21018647153488
248,2021-06-25,HD,312.239990234375,315.4599914550781,311.54998779296875,296.9053955078125,11733500.0,4.0,-1.2663177686036988,300.8066245881517,285.808191696028,52.96358485103681,17.169018413875552,2.1165078422899395,295.1802073160807,300.03548634847004,15.619999885559082,146.21018647153488
248,2021-06-25,HON,217.8699951171875,220.1699981689453,217.3300018310547,209.16946411132812,5219100.0,4.0,-2.445448807877824,226.08443670223923,201.0825463299873,47.96458783679148,-77.53624676438741,16.82827616112608,214.0240046183268,214.34759775797525,15.619999885559082,146.21018647153488
248,2021-06-25,IBM,138.9866180419922,140.46844482421875,138.57553100585938,125.72154235839844,3759533.0,4.0,0.4987417554767717,130.12243694588759,121.7692302294054,56.50267254007574,4.137404547847507,8.652220979180857,125.09536234537761,121.79674491882324,15.619999885559082,146.21018647153488
248,2021-06-25,INTC,56.02000045776367,56.40999984741211,55.75,52.0197639465332,21101200.0,4.0,-0.3919254042702818,54.42708393161103,51.32908023770049,45.484673201485364,-49.02976609343097,15.7830028226586,52.663000869750974,54.5566157023112,15.619999885559082,146.21018647153488
248,2021-06-25,JNJ,162.94000244140625,164.77999877929688,162.88999938964844,154.59991455078125,10963800.0,4.0,-0.7887669301400422,158.33315220059663,152.16685695467683,49.53395026201733,-75.12878347423644,26.319463561913903,156.70399373372396,155.3460807800293,15.619999885559082,146.21018647153488
248,2021-06-25,JPM,152.58999633789062,154.5,151.6699981689453,143.31935119628906,15484900.0,4.0,-2.283500643781281,159.6001555359473,135.34373942254882,48.16805923970269,-91.91132812826875,17.92836916800093,148.776442972819,146.2119499206543,15.619999885559082,146.21018647153488
248,2021-06-25,KO,54.2400016784668,54.470001220703125,54.0099983215332,50.77285385131836,18880300.0,4.0,-0.008046021389311875,52.440861112585544,50.29406511116934,52.135625814923706,-81.92994793684117,11.906605937432376,51.168239212036134,50.55231920878092,15.619999885559082,146.21018647153488
248,2021-06-25,MCD,232.74000549316406,233.41000366210938,232.33999633789062,221.18234252929688,3000100.0,4.0,0.36449382892470794,225.8038377572468,218.82956983552663,52.66832429627414,-9.87722231893604,5.78300647824613,221.4061747233073,220.73587748209636,15.619999885559082,146.21018647153488
248,2021-06-25,MMM,193.4199981689453,195.3300018310547,193.3000030517578,176.16062927246094,6175500.0,4.0,-1.774405700238617,188.96072576488115,172.09754144703294,47.89219624984072,-127.77469123275813,18.4076501798854,181.31369374593098,179.90606740315755,15.619999885559082,146.21018647153488
248,2021-06-25,MRK,76.05999755859375,77.97000122070312,76.05000305175781,71.95304870605469,50285200.0,4.0,0.8371542370020251,73.49450940178822,65.71614962531139,58.18850966116763,107.9333761496428,22.68479792468152,69.48878606160481,68.70151303609212,15.619999885559082,146.21018647153488
248,2021-06-25,MSFT,266.2300109863281,267.25,264.760009765625,259.8067321777344,25611100.0,4.0,4.192790269418339,264.6012754509673,238.99955920479445,60.0828418325564,134.54619399742185,25.092354371613943,248.67164764404296,248.0768903096517,15.619999885559082,146.21018647153488
248,2021-06-25,NKE,152.41000366210938,154.58999633789062,150.47999572753906,150.7480010986328,46285400.0,4.0,1.2471237485413553,140.71803800639782,119.86550233784044,68.56870646913038,520.0972419820253,57.59555038238151,130.6776891072591,130.2984696706136,15.619999885559082,146.21018647153488
248,2021-06-25,PG,133.25999450683594,135.5399932861328,132.9499969482422,127.60408020019531,24504900.0,4.0,-0.530596473841257,129.37332391935416,124.57791356843882,51.19026715851581,-40.87345043717508,1.587725760674236,127.97167765299479,127.79941151936849,15.619999885559082,146.21018647153488
248,2021-06-25,TRV,150.7100067138672,151.9600067138672,150.10000610351562,144.36695861816406,1239700.0,4.0,-1.9214023391872672,155.01753765401028,137.5719658249936,48.39326910030015,-77.64054154707773,18.21283449457726,147.5126500447591,147.25176315307618,15.619999885559082,146.21018647153488
248,2021-06-25,UNH,400.1000061035156,409.9800109863281,399.0199890136719,392.5801696777344,16928900.0,4.0,-0.8987436857126454,397.0217802523791,378.49711318023816,56.72063584006322,5.9052236813857135,16.834849841437006,390.7881215413411,385.2301259358724,15.619999885559082,146.21018647153488
248,2021-06-25,V,236.39999389648438,238.47999572753906,236.32000732421875,233.45028686523438,7825200.0,4.0,2.107506378860819,234.39403016984622,222.44733335554443,59.16628475134922,156.52983945693336,25.298175126056915,226.68118286132812,224.43250020345053,15.619999885559082,146.21018647153488
248,2021-06-25,VZ,56.27000045776367,56.52000045776367,56.189998626708984,48.66530227661133,14540300.0,4.0,-0.23837668556500802,49.78527579222441,48.17630982484101,46.590641833134256,-79.26057950458494,21.860840548046,49.06955477396647,49.55948282877604,15.619999885559082,146.21018647153488
248,2021-06-25,WBA,52.04999923706055,52.45000076293945,51.86000061035156,46.69321060180664,4094500.0,4.0,-0.4363859283582272,50.10903112716036,45.428539063269334,48.1820738017523,-94.51939314672813,33.74164914811731,48.0115556081136,47.98821811676025,15.619999885559082,146.21018647153488
248,2021-06-25,WMT,137.1300048828125,138.86000061035156,136.9199981689453,133.8029022216797,9546900.0,4.0,-0.8743924775433527,138.70639296610966,130.22849472920285,49.213112651901575,-70.94151510528148,9.024221755824305,135.18187154134114,134.79692840576172,15.619999885559082,146.21018647153488
249,2021-06-28,AAPL,133.41000366210938,135.25,133.35000610351562,133.03919982910156,62111300.0,0.0,1.835351559873402,134.72740675137138,120.51282838656809,57.73198018165261,152.86866016461803,30.52595030524885,126.51425501505534,127.68240534464518,15.760000228881836,22.678168006405595
249,2021-06-28,AMGN,244.02999877929688,245.50999450683594,242.66000366210938,225.6560516357422,1680700.0,0.0,-0.5246940005746978,227.74081988910183,217.146568721738,50.57281665961955,30.708035822387878,14.08556053606197,224.38053385416666,227.85180435180663,15.760000228881836,22.678168006405595
249,2021-06-28,AXP,168.6199951171875,168.85000610351562,163.1999969482422,159.48568725585938,3433400.0,0.0,2.191900784321888,163.86911232741267,154.90676810471626,57.431401990422515,66.20753707163291,4.940467691224998,157.04214680989583,151.521253712972,15.760000228881836,22.678168006405595
249,2021-06-28,BA,244.72999572753906,245.0800018310547,238.8800048828125,239.9600067138672,18152000.0,0.0,0.8833379392468714,257.2510163879243,236.92398513795456,49.64514700361762,-20.971729272691633,0.0750467821814311,243.38133392333984,241.7134999593099,15.760000228881836,22.678168006405595
249,2021-06-28,CAT,216.4499969482422,216.77999877929688,213.55999755859375,205.88616943359375,3172000.0,0.0,-5.456663255043338,238.77244995560693,189.723433223104,43.41113224871027,-85.75611205686285,26.19722907681647,218.66246185302734,220.07073338826498,15.760000228881836,22.678168006405595
249,2021-06-28,CRM,244.2100067138672,247.58999633789062,243.60000610351562,244.57000732421875,4274900.0,0.0,4.173851973416333,248.5291305167312,232.30786594322973,57.77077467472749,89.81193498069055,33.134267495888885,235.12566579182942,230.18116607666016,15.760000228881836,22.678168006405595
249,2021-06-28,CSCO,53.15999984741211,53.290000915527344,52.91999816894531,49.1441535949707,14008700.0,0.0,0.026189895708718325,51.00933884506648,48.23289786452824,53.1256135529395,-25.159440747369402,13.288499127905318,49.44511706034343,48.81179243723552,15.760000228881836,22.678168006405595
249,2021-06-28,CVX,106.94999694824219,107.0,103.66000366210938,95.19354248046875,11348400.0,0.0,0.03666592911675082,101.34252892684994,95.15401953506414,48.91872200199938,-55.58198056303657,36.49615215615532,97.44423904418946,96.07264684041341,15.760000228881836,22.678168006405595
249,2021-06-28,DIS,178.5,178.66000366210938,174.99000549316406,176.57000732421875,9881400.0,0.0,-0.5035056680102628,179.59107124301346,172.80792930630292,47.780178604897245,38.803463165487216,10.448993130090315,175.38066609700522,179.85949935913087,15.760000228881836,22.678168006405595
249,2021-06-28,GS,367.79998779296875,368.8699951171875,363.8599853515625,347.5243835449219,1833400.0,0.0,-0.20138831586405104,374.00173945074397,329.28295293206855,54.77662607306943,-27.1636560695123,2.6411419680292423,349.12754313151044,336.4484705607096,15.760000228881836,22.678168006405595
249,2021-06-28,HD,313.6600036621094,315.2699890136719,311.3699951171875,297.520751953125,2635400.0,0.0,-0.849295250752391,300.2035504887196,286.13044304155386,53.37715607377091,26.090853079937247,1.545244423797336,294.9384318033854,300.163845316569,15.760000228881836,22.678168006405595
249,2021-06-28,HON,219.1199951171875,220.11000061035156,216.3000030517578,207.30477905273438,2360300.0,0.0,-2.4378074330618063,225.2237759196429,200.59298586014228,46.41704097836381,-85.48904997140656,20.170648426014985,213.6870864868164,214.36204223632814,15.760000228881836,22.678168006405595
249,2021-06-28,IBM,140.54493713378906,140.82217407226562,138.53729248046875,124.39443969726562,4067789.0,0.0,0.3802591218789644,130.0355987892031,121.98877636338477,54.269694791992066,-9.632327340268084,10.80849337029504,125.112771097819,121.98984438578287,15.760000228881836,22.678168006405595
249,2021-06-28,INTC,56.36000061035156,57.72999954223633,56.34000015258789,53.48052978515625,22480900.0,0.0,-0.2795319313364999,54.463131377201705,51.32652774145063,49.5912845165396,44.64988662373616,4.751948341755271,52.729060618082684,54.45310853322347,15.760000228881836,22.678168006405595
249,2021-06-28,JNJ,164.44000244140625,165.07000732421875,163.52000427246094,154.4210205078125,5604000.0,0.0,-0.7436343274247577,157.4255767216813,152.58203588818196,49.23576364376836,-64.81230945065919,23.399230855743376,156.54254302978515,155.3805948893229,15.760000228881836,22.678168006405595
249,2021-06-28,JPM,153.6999969482422,154.47999572753906,152.1199951171875,143.5798797607422,14125800.0,0.0,-2.1139120326331806,158.98645068508603,135.0354761947968,48.47837963946986,-80.95251121143826,17.92836916800093,148.47625325520832,146.2355189005534,15.760000228881836,22.678168006405595
249,2021-06-28,KO,54.25,54.369998931884766,54.0,50.71677017211914,10556900.0,0.0,-0.032689464268337076,52.450701759545154,50.22659888437575,51.81559226257631,-84.33252621766472,12.144388646888903,51.166348139444985,50.58569889068603,15.760000228881836,22.678168006405595
249,2021-06-28,MCD,232.6699981689453,232.75,230.00999450683594,219.91665649414062,2901700.0,0.0,0.16831057689674367,225.82810055216365,218.53884585896915,51.054547896667636,-78.42700214286884,18.07730201169942,221.42656351725262,220.84875971476237,15.760000228881836,22.678168006405595
249,2021-06-28,MMM,195.75999450683594,196.9199981689453,194.38999938964844,177.74359130859375,2100500.0,0.0,-1.6296135190146117,188.6175078536477,171.84918678746558,49.870185074907226,-87.95444615026719,9.979190128195722,181.1211161295573,179.98457768758138,15.760000228881836,22.678168006405595
249,2021-06-28,MRK,77.25,77.73999786376953,76.79000091552734,71.63616943359375,8796200.0,0.0,0.8449718882614832,73.61465419240037,66.06789585642775,57.168072815373584,103.41297470960824,22.684797924681515,69.57554194132487,68.76252632141113,15.760000228881836,22.678168006405595
249,2021-06-28,MSFT,266.19000244140625,268.8999938964844,265.9100036621094,263.4339599609375,19590000.0,0.0,4.4610941768184205,266.08573155378207,239.38164973283904,62.16712023968877,143.37847393357808,29.843309650676673,249.3625066121419,248.51686681111653,15.760000228881836,22.678168006405595
249,2021-06-28,NKE,153.9199981689453,154.0500030517578,151.50999450683594,148.8043975830078,13133300.0,0.0,2.4834440511426976,144.35149533136732,117.78493807927723,66.16157793823922,376.8466505253654,57.5955503823815,131.22148640950522,130.62560081481934,15.760000228881836,22.678168006405595
249,2021-06-28,PG,134.89999389648438,136.16000366210938,134.75999450683594,127.982421875,6065400.0,0.0,-0.3829916124459203,129.42555084239532,124.57014007557342,51.894731162969215,4.223753589685271,6.693252989730085,127.88687388102214,127.82926177978516,15.760000228881836,22.678168006405595
249,2021-06-28,TRV,151.2100067138672,151.35000610351562,148.74000549316406,142.2069549560547,873300.0,0.0,-1.898348360191676,154.44523650783435,137.25382660251722,46.15551794343023,-95.4940628918544,23.655657029273495,147.19029032389324,147.2465512593587,15.760000228881836,22.678168006405595
249,2021-06-28,UNH,404.95001220703125,404.989990234375,397.92999267578125,389.1967468261719,3193300.0,0.0,-0.646248926574458,395.31709689574933,379.3334768347194,54.52872146226354,-29.266894594417053,14.064874791900916,390.5669392903646,385.8074274698893,15.760000228881836,22.678168006405595
249,2021-06-28,V,238.0,238.3699951171875,231.86000061035156,230.27296447753906,9301700.0,0.0,1.965127948396912,234.32495572310197,223.18433535355817,55.74991434455969,89.90349541723852,2.411262219920308,226.9156295776367,224.7201416015625,15.760000228881836,22.678168006405595
249,2021-06-28,VZ,56.380001068115234,56.5,56.16999816894531,48.492671966552734,13754900.0,0.0,-0.2447605834596871,49.795882264674354,48.13894515842134,45.57062560464696,-86.56407741712796,22.266741842943745,48.99733670552572,49.53791154225667,15.760000228881836,22.678168006405595
249,2021-06-28,WBA,52.060001373291016,52.59000015258789,51.689998626708984,46.73796844482422,3869200.0,0.0,-0.43618226517121883,50.118394751629346,45.378891472735894,48.328652343554936,-87.45962293513055,35.058115199055344,47.95089569091797,47.95729656219483,15.760000228881836,22.678168006405595
249,2021-06-28,WMT,138.0399932861328,138.63999938964844,136.60000610351562,133.38760375976562,5183000.0,0.0,-0.7964864853505276,138.34083189241213,130.21446595915037,48.49273776713184,-77.99147224799276,11.502061347139778,135.1361536661784,134.84539133707682,15.760000228881836,22.678168006405595
250,2021-06-29,AAPL,134.8000030517578,136.49000549316406,134.35000610351562,134.5691680908203,64556100.0,1.0,2.052754172450989,135.56615291785516,120.86351779747685,59.339354826013405,161.00356396813694,36.55529464780768,126.84525629679362,127.8575050354004,16.020000457763672,12.082130633985903
250,2021-06-29,AMGN,243.22000122070312,243.94000244140625,242.05999755859375,225.30296325683594,1337200.0,1.0,-0.36441254493536235,227.64609035425806,218.06646305150363,50.250845428420256,24.429002422490225,11.42125597332603,224.0732660929362,227.73099822998046,16.020000457763672,12.082130633985903
250,2021-06-29,AXP,165.57000732421875,166.32000732421875,163.22999572753906,158.9727325439453,2785900.0,1.0,1.9650411929515599,163.8780022176684,154.94530710850344,56.87555165057756,43.97245781932351,4.940467691225002,157.2805653889974,151.81467946370444,16.020000457763672,12.082130633985903
250,2021-06-29,BA,243.74000549316406,244.3699951171875,235.66000366210938,235.75999450683594,16743900.0,1.0,0.10550166367548286,256.8266483502699,235.4513530535387,47.72346330801221,-54.818229123837085,6.1951084023849186,243.6406672159831,241.32016677856444,16.020000457763672,12.082130633985903
250,2021-06-29,CAT,218.0399932861328,218.6999969482422,214.58999633789062,204.7723388671875,3443400.0,1.0,-5.303324701571455,236.45234115382127,189.4103480551631,42.734372316610134,-76.07779645780514,20.068065110429718,217.7203125,219.79214528401693,16.020000457763672,12.082130633985903
250,2021-06-29,CRM,244.44000244140625,246.77999877929688,242.42999267578125,245.80999755859375,3871900.0,1.0,4.16902125228907,249.09554564392428,232.7024508770718,58.41589301489125,86.04606204674948,28.476968944326924,236.15066579182943,230.60649948120118,16.020000457763672,12.082130633985903
250,2021-06-29,CSCO,52.88999938964844,53.189998626708984,52.77000045776367,49.097755432128906,10926100.0,1.0,0.005938049700311865,50.995399025885874,48.27374884703893,52.91252911406174,-37.75598083046062,15.80692858454097,49.44418919881185,48.81952533721924,16.020000457763672,12.082130633985903
250,2021-06-29,CVX,104.58999633789062,104.97000122070312,103.61000061035156,94.98300170898438,7225500.0,1.0,-0.16473542140846575,101.531332488473,94.70066137749379,48.63577678286022,-78.52032005706727,36.65451819063612,97.27000579833984,96.08048604329427,16.020000457763672,12.082130633985903
250,2021-06-29,DIS,176.63999938964844,177.02000427246094,173.8000030517578,173.92999267578125,13498300.0,1.0,-0.6366037875709765,179.25028566432198,172.65771451878348,45.00018566653412,-19.247346044255256,15.674314891491651,175.50899912516277,179.6166659037272,16.020000457763672,12.082130633985903
250,2021-06-29,GS,374.8599853515625,378.0899963378906,370.75,351.2097473144531,2365900.0,1.0,0.25404564753091563,373.14979112102435,329.20932753131945,56.15358305949607,25.813706885833017,12.492511593799724,349.27247111002606,337.236577351888,16.020000457763672,12.082130633985903
250,2021-06-29,HD,315.7900085449219,320.29998779296875,315.55999755859375,301.26959228515625,3150100.0,1.0,-0.21383683847602697,300.98735448746663,285.6855459031584,55.825012699712296,104.0241061649327,15.642676039382442,294.9352549235026,300.23461354573567,16.020000457763672,12.082130633985903
250,2021-06-29,HON,217.02999877929688,218.36000061035156,215.4199981689453,206.50152587890625,3001900.0,1.0,-2.4681164959123123,223.80478678209727,200.38635396497307,45.75912412694157,-93.93691123990408,22.996828289094132,213.3517618815104,214.3238998413086,16.020000457763672,12.082130633985903
250,2021-06-29,IBM,138.87188720703125,140.28680419921875,138.71893310546875,124.61701965332031,2540211.0,1.0,0.3008530764163311,129.9696558998739,122.1711560202921,54.58112203095735,-12.223085803303842,10.808493370295032,125.12532704671224,122.14855130513509,16.020000457763672,12.082130633985903
250,2021-06-29,INTC,57.54999923706055,57.83000183105469,55.880001068115234,52.801326751708984,26360000.0,1.0,-0.24247025656267596,54.4570578964729,51.319575938365965,47.857260593523236,9.256024039827732,1.739963578053685,52.77310053507487,54.30761140187581,16.020000457763672,12.082130633985903
250,2021-06-29,JNJ,164.0,164.63999938964844,163.41000366210938,154.43048095703125,3749500.0,1.0,-0.6990448811725116,157.33424387693532,152.5321486401545,49.25247605754472,-66.48386000985016,24.110569622356625,156.37610473632813,155.4059102376302,16.020000457763672,12.082130633985903
250,2021-06-29,JPM,155.0,156.30999755859375,153.61000061035156,143.40309143066406,14528700.0,1.0,-1.971056069801051,157.9940541875884,134.91983588809518,48.275489451243175,-61.357148979297264,7.646522269508657,148.1497034708659,146.24358189900715,16.020000457763672,12.082130633985903
250,2021-06-29,KO,54.130001068115234,54.34000015258789,53.720001220703125,50.3428955078125,12300900.0,1.0,-0.08144923502401724,52.48971009949775,50.09350599547296,49.71119410442834,-106.03644693720695,18.712680840330005,51.154777654012044,50.608208719889326,16.020000457763672,12.082130633985903
250,2021-06-29,MCD,231.52999877929688,231.7100067138672,230.0500030517578,219.2314453125,1932100.0,1.0,-0.04197304048560113,225.9236547112436,218.1701654791861,50.193235378352554,-104.41975763315949,18.077302011699416,221.42537485758464,220.89280497233074,16.020000457763672,12.082130633985903
250,2021-06-29,MMM,196.1999969482422,197.8300018310547,195.72000122070312,177.31845092773438,1858000.0,1.0,-1.531515589531466,188.21303972500394,171.60509534579685,49.34972085342948,-68.95297019187252,5.38956925920443,180.89251759847005,180.02203038533528,16.020000457763672,12.082130633985903
250,2021-06-29,MRK,77.0,77.33000183105469,76.81999969482422,71.96237182617188,7696600.0,1.0,0.8674893627215852,73.61678833369457,66.63287826176442,57.953303645628964,97.86516178803599,22.684797924681522,69.6267313639323,68.83029874165852,16.020000457763672,12.082130633985903
250,2021-06-29,MSFT,268.8699951171875,271.6499938964844,267.9800109863281,266.06121826171875,19937800.0,1.0,4.83004696955237,267.6191981035712,240.20096791205378,63.591576723362245,153.981287218727,36.96599484644662,250.237771097819,248.89108708699544,16.020000457763672,12.082130633985903
250,2021-06-29,NKE,153.25999450683594,156.39999389648438,152.91000366210938,152.31063842773438,10279900.0,1.0,3.703469836507736,148.4494799455028,115.78091861406752,68.24214541358191,322.1323355249164,60.6058487023754,131.86656188964844,130.96909523010254,16.020000457763672,12.082130633985903
250,2021-06-29,PG,135.50999450683594,135.8300018310547,133.82000732421875,127.11227416992188,5792300.0,1.0,-0.33239569338236663,129.41625241628847,124.72319307931699,50.17189133334513,-25.098625376646726,1.5814947598656575,127.78189188639323,127.8106211344401,16.020000457763672,12.082130633985903
250,2021-06-29,TRV,150.2899932861328,151.0,148.89999389648438,142.2735595703125,701400.0,1.0,-1.8533393377877587,153.53320476372778,137.16947925726834,46.2348230213013,-89.14046259170483,23.65565702927351,146.87834981282552,147.22021306355794,16.020000457763672,12.082130633985903
250,2021-06-29,UNH,401.9700012207031,403.20001220703125,397.4800109863281,385.9393615722656,2458800.0,1.0,-0.7009091335262951,394.5508536407705,379.40793236997166,52.50783143047194,-48.32221925860371,12.883823759661665,390.27484639485675,386.2803726196289,16.020000457763672,12.082130633985903
250,2021-06-29,V,234.57000732421875,236.52000427246094,234.14999389648438,232.10263061523438,11897700.0,1.0,1.9771395486370693,234.25013660372298,224.17595592557387,57.22138365865983,100.08278899955245,2.4112622199202964,227.2274602254232,225.0025873819987,16.020000457763672,12.082130633985903
250,2021-06-29,VZ,56.20000076293945,56.369998931884766,55.81999969482422,48.199195861816406,15313000.0,1.0,-0.27038411770417525,49.83242261541069,48.055794166205516,43.88109974359189,-128.8413177551175,29.15126280430938,48.9369150797526,49.50333620707194,16.020000457763672,12.082130633985903
250,2021-06-29,WBA,52.27000045776367,53.029998779296875,51.869998931884766,46.5410270690918,4223600.0,1.0,-0.44676238506693977,50.13436254723778,45.28683229223976,47.7142825675215,-73.18615656721656,28.020744656104092,47.8662161509196,47.89276803334554,16.020000457763672,12.082130633985903
250,2021-06-29,WMT,137.89999389648438,138.47000122070312,137.22999572753906,132.61492919921875,11987500.0,1.0,-0.7880101146977552,138.00885518077115,130.12532450672887,47.16397432494493,-76.97303289208759,11.502061347139787,135.0849634806315,134.81988347371419,16.020000457763672,12.082130633985903
251,2021-06-30,AAPL,136.1699981689453,137.41000366210938,135.8699951171875,135.1910858154297,63261400.0,2.0,2.2493023150666716,136.42088959475964,121.18341338375599,59.979330302034654,162.98785769469885,40.64094767246756,127.24371032714843,128.0378791809082,15.829999923706055,12.098878438746564
251,2021-06-30,AMGN,242.72000122070312,244.27000427246094,242.05999755859375,226.5016632080078,2325100.0,2.0,-0.13906026825912932,227.8499282468027,218.66083835475982,51.33885464239828,42.68398579928957,12.620989206284817,223.85303700764973,227.67507756551106,15.829999923706055,12.098878438746564
251,2021-06-30,AXP,163.6999969482422,166.16000366210938,163.6999969482422,159.92124938964844,2331800.0,2.0,1.8405737265157427,163.92896120938707,155.00177914705824,57.65944022497479,50.32059140247612,4.940467691225002,157.61093139648438,152.12246271769206,15.829999923706055,12.098878438746564
251,2021-06-30,BA,236.24000549316406,241.1699981689453,236.0,239.55999755859375,12089100.0,2.0,-0.20198237332621716,255.42059521753103,235.2514064304182,49.55119579198926,-58.38355250728697,6.1951084023849186,244.04100036621094,241.06000010172525,15.829999923706055,12.098878438746564
251,2021-06-30,CAT,214.6199951171875,217.9499969482422,214.05999755859375,207.18087768554688,3249500.0,2.0,-4.930616758764842,233.59052454387208,189.8131833418701,44.66410966390096,-68.57833647388092,21.19741787546305,217.0272664388021,219.60218989054363,15.829999923706055,12.098878438746564
251,2021-06-30,CRM,245.47999572753906,246.6300048828125,243.5,244.27000427246094,4168800.0,2.0,3.9948778182979368,249.14650476788452,233.61649266863893,57.29144376187888,82.2814402697757,28.47696894432692,237.14866587320964,230.99283294677736,15.829999923706055,12.098878438746564
251,2021-06-30,CSCO,52.95000076293945,53.06999969482422,52.619998931884766,49.1812744140625,15826400.0,2.0,-0.0033339684107147605,50.99453723904559,48.2783227157884,53.261612488366524,-44.888744565875996,18.34220590457726,49.44635454813639,48.834527269999185,15.829999923706055,12.098878438746564
251,2021-06-30,CVX,103.83999633789062,104.87999725341797,103.72000122070312,95.8801040649414,7927500.0,2.0,-0.2490874548614812,101.49532922222696,94.43091742083945,49.912754876518434,-62.42825673024451,36.654518190636125,97.22606582641602,96.11729418436686,15.829999923706055,12.098878438746564
251,2021-06-30,DIS,173.88999938964844,175.97999572753906,173.33999633789062,175.77000427246094,7481900.0,2.0,-0.5868466451831864,179.1523101937366,172.63269041661496,47.214542928346674,-22.894392588293325,17.659656539302215,175.71199951171874,179.3839993794759,15.829999923706055,12.098878438746564
251,2021-06-30,GS,370.8999938964844,380.1099853515625,370.8999938964844,357.72265625,2238400.0,2.0,1.1275203128836324,372.66406210913885,329.3265201662517,58.4655608857461,46.45801293696241,15.413339157935377,349.78135172526044,338.07812245686847,15.829999923706055,12.098878438746564
251,2021-06-30,HD,317.94000244140625,320.2900085449219,317.69000244140625,301.8849182128906,3061500.0,2.0,0.3355521549896707,302.0587010752255,285.15001779684485,56.21535050994785,119.08893564342566,15.642676039382449,295.05492350260414,300.341064453125,15.829999923706055,12.098878438746564
251,2021-06-30,HON,215.52999877929688,219.86000061035156,215.52999877929688,209.7527618408203,2866300.0,2.0,-2.2043783744497887,222.57943939462726,200.52253661855636,48.79791294217093,-66.26080490764751,15.543462316287426,213.25709330240886,214.34121424357096,15.829999923706055,12.098878438746564
251,2021-06-30,IBM,138.7476043701172,140.46844482421875,138.34608459472656,125.50747680664062,3394375.0,2.0,0.3062454567157147,129.96834205608704,122.24695945758484,55.82611897171959,-5.77777821508676,7.745173910181405,125.20181274414062,122.34623069763184,15.829999923706055,12.098878438746564
251,2021-06-30,INTC,56.34000015258789,56.380001068115234,55.38999938964844,52.23377227783203,29891600.0,2.0,-0.25594513884045966,54.394719510499066,51.257238573607374,46.45316640771164,-78.43071536995963,8.217009965599955,52.813418833414715,54.167758814493816,15.829999923706055,12.098878438746564
251,2021-06-30,JNJ,164.0,164.97000122070312,163.6699981689453,155.09890747070312,6151700.0,2.0,-0.6028220332327123,157.1560786530401,152.5728596404169,50.4449111471201,-50.84864831601985,20.521412179580135,156.2300771077474,155.44298985799153,15.829999923706055,12.098878438746564
251,2021-06-30,JPM,153.75,156.0800018310547,153.7100067138672,144.70556640625,12531000.0,2.0,-1.732768567309762,156.8830621590836,135.05210629794763,49.87435510776489,-51.972906319817945,7.6465222695086625,147.93851521809896,146.29009908040365,15.829999923706055,12.098878438746564
251,2021-06-30,KO,53.79999923706055,54.18000030517578,53.75,50.576568603515625,14614200.0,2.0,-0.10008254937736893,52.48145460881126,50.010634090529564,50.997925349541724,-100.05844459018665,18.712680840330005,51.16027336120605,50.628737703959146,15.829999923706055,12.098878438746564
251,2021-06-30,MCD,230.9199981689453,232.25,230.60000610351562,219.8214874267578,2450700.0,2.0,-0.1591779505112072,225.90899101830843,217.91932013891812,50.93066122630548,-75.68779140925652,14.133219739184725,221.43596700032552,220.89841639200847,15.829999923706055,12.098878438746564
251,2021-06-30,MMM,195.89999389648438,198.97999572753906,195.5399932861328,179.6702423095703,2592000.0,2.0,-1.2495977785417551,187.7885631273798,171.60805399908503,52.204215224644514,-43.25324774217943,0.23464844141574318,180.8045684814453,180.10062459309896,15.829999923706055,12.098878438746564
251,2021-06-30,MRK,77.4000015258789,78.08999633789062,77.2300033569336,72.48430633544922,13811900.0,2.0,0.9168811413124729,73.69763355289366,67.110501670495,59.191618894287494,116.81747021243055,29.152902688388437,69.70972086588542,68.92455266316732,15.829999923706055,12.098878438746564
251,2021-06-30,MSFT,270.69000244140625,271.3599853515625,269.6000061035156,265.5710754394531,21656500.0,2.0,5.024969565279406,268.6024780960516,241.53126061244453,63.132824547336455,144.6620555355668,36.96599484644662,251.1651616414388,249.27686284383137,15.829999923706055,12.098878438746564
251,2021-06-30,NKE,154.7899932861328,155.33999633789062,153.52000427246094,150.88470458984375,10281800.0,2.0,4.503376002229743,151.45377557656707,114.76120245077671,66.5214102371547,247.97106461438,60.60584870237539,132.4917231241862,131.25568402608235,15.829999923706055,12.098878438746564
251,2021-06-30,PG,134.5800018310547,135.2899932861328,134.2899932861328,127.613525390625,5776600.0,2.0,-0.24898117857982527,129.46243873153534,124.81603340591582,51.13855122192152,-15.383124142878682,1.5814947598656597,127.73807017008464,127.79955164591472,15.829999923706055,12.098878438746564
251,2021-06-30,TRV,149.13999938964844,150.1699981689453,148.89999389648438,142.45436096191406,996900.0,2.0,-1.7825322794485032,152.61836582907122,137.17130702249128,46.45627983278905,-86.04098571579827,23.655657029273506,146.6657964070638,147.20130462646483,15.829999923706055,12.098878438746564
251,2021-06-30,UNH,397.5400085449219,401.3999938964844,396.79998779296875,388.2079162597656,2875600.0,2.0,-0.5547791880209729,394.0104242833873,379.5674687830189,53.742922389410154,-46.05694885222241,11.026717243411733,390.0020273844401,386.8846603393555,15.829999923706055,12.098878438746564
251,2021-06-30,V,235.11000061035156,236.39999389648438,233.82000732421875,230.00738525390625,7797100.0,2.0,1.7968767616122818,234.21757157122363,224.6177403184248,55.052672112810306,75.79089132883534,0.8537810551597417,227.49797617594402,225.25649770100912,15.829999923706055,12.098878438746564
251,2021-06-30,VZ,55.7599983215332,56.13999938964844,55.7599983215332,48.36319351196289,14559700.0,2.0,-0.27429580215521554,49.84292628022281,47.991773731984225,45.058617785809886,-126.59792778784815,30.282791520418666,48.90382690429688,49.468078168233234,15.829999923706055,12.098878438746564
251,2021-06-30,WBA,52.060001373291016,52.810001373291016,51.869998931884766,47.09605407714844,4398600.0,2.0,-0.4056846847976203,50.08365859102138,45.228322991620225,49.58282959059277,-61.572168929057526,28.020744656104092,47.801220957438154,47.853761736551924,15.829999923706055,12.098878438746564
251,2021-06-30,WMT,139.55999755859375,142.5800018310547,138.69000244140625,136.20797729492188,15170400.0,2.0,-0.4857639919969472,137.95342860544847,130.1488785234578,53.31738394676059,31.4188869361096,20.340869765568492,135.05630950927736,134.8435162862142,15.829999923706055,12.098878438746564
252,2021-07-01,AAPL,136.60000610351562,137.3300018310547,135.75999450683594,135.49705505371094,52485800.0,3.0,2.4020677527615817,136.93948215419869,122.02008739536187,60.297366439124715,148.78945352489546,39.49282106484771,127.65762761433919,128.19559694925945,15.479999542236328,38.2926808287513
252,2021-07-01,AMGN,243.74000549316406,247.10000610351562,243.5500030517578,229.42874145507812,2091600.0,3.0,0.2725816350940704,228.7026742114561,218.84511784176658,53.88640596356289,96.31101967974745,22.271879924361944,223.79945017496746,227.68301340738932,15.479999542236328,38.2926808287513
252,2021-07-01,AXP,165.64999389648438,167.3699951171875,164.69000244140625,161.99790954589844,2685900.0,3.0,1.8877407812139495,164.20597865861856,155.00114566999474,59.3336490430311,82.15728546178296,9.530387865190427,158.01890920003254,152.44904810587565,15.479999542236328,38.2926808287513
252,2021-07-01,BA,240.36000061035156,241.8000030517578,238.61000061035156,239.72999572753906,9516200.0,3.0,-0.4270257692000712,254.9013140711353,234.71168641714598,49.63269213405933,-57.555796915505695,4.728105389803053,244.55133361816405,240.84583333333333,15.479999542236328,38.2926808287513
252,2021-07-01,CAT,219.16000366210938,219.7899932861328,216.14999389648438,206.30506896972656,2426300.0,3.0,-4.652284829238056,230.16771981680682,190.6532503370018,44.10503321286063,-58.46627061955011,15.15913475783735,216.38753255208334,219.4012710571289,15.479999542236328,38.2926808287513
252,2021-07-01,CRM,244.5,246.58999633789062,242.6199951171875,244.97999572753906,3899600.0,3.0,3.869552476763573,248.21405677908203,235.96294059640624,57.679962912798224,79.55711297397845,24.727011241218005,237.9366658528646,231.3959996541341,15.479999542236328,38.2926808287513
252,2021-07-01,CSCO,53.04999923706055,53.599998474121094,53.0,49.589569091796875,15074800.0,3.0,0.022010139480101998,50.998050588141155,48.28501673363618,54.95059309189932,6.15684423551946,6.257112372025237,49.47635815938314,48.8603551864624,15.479999542236328,38.2926808287513
252,2021-07-01,CVX,106.94999694824219,107.0999984741211,105.73999786376953,97.22575378417969,10873200.0,3.0,-0.20499135013628234,101.43774344098021,94.36217492449829,51.77323130197708,3.9997395591003753,21.307194459318694,97.31791203816732,96.16733576456706,15.479999542236328,38.2926808287513
252,2021-07-01,DIS,175.35000610351562,177.60000610351562,174.60000610351562,177.25999450683594,5887100.0,3.0,-0.4223157981749921,179.25766311227852,172.6293363994402,48.93673339149682,20.963101649265468,8.080241235556242,175.97833251953125,179.21233266194662,15.479999542236328,38.2926808287513
252,2021-07-01,GS,380.70001220703125,381.6400146484375,374.1499938964844,353.44354248046875,2571000.0,3.0,1.4576635213553573,370.82201896699723,329.8744593044871,56.44272966359252,43.5084561276315,17.639188430738756,350.3411041259766,338.85633443196616,15.479999542236328,38.2926808287513
252,2021-07-01,HD,319.9100036621094,321.69000244140625,318.5,304.3935852050781,2578000.0,3.0,0.9622827543183234,303.814600226708,284.3512017752451,57.78845123888313,132.4989424405649,19.31694777417742,295.330414835612,300.50988718668617,15.479999542236328,38.2926808287513
252,2021-07-01,HON,220.5800018310547,221.25999450683594,219.66000366210938,210.96717834472656,1630200.0,3.0,-1.8757482918020116,221.56971771110543,200.71179626594537,49.88284529406021,-36.25064842052137,8.95614131286818,213.23477935791016,214.38971964518228,15.479999542236328,38.2926808287513
252,2021-07-01,IBM,140.49713134765625,141.0133819580078,140.12428283691406,125.72154235839844,2809661.0,3.0,0.32405673365214227,129.96494149194007,122.36081229223961,56.12521038466915,22.213836864825026,11.56481043280342,125.3059819539388,122.53745854695639,15.479999542236328,38.2926808287513
252,2021-07-01,INTC,56.130001068115234,56.63999938964844,55.869998931884766,52.112815856933594,24871600.0,3.0,-0.2732345743281712,54.401180344450566,51.22937805093518,46.154622480478054,-67.24064453094856,4.316773788409782,52.833577982584636,54.01525586446126,15.479999542236328,38.2926808287513
252,2021-07-01,JNJ,164.74000549316406,166.00999450683594,164.6300048828125,156.2475128173828,6320200.0,3.0,-0.4289373579523499,157.14245392719033,152.57895567974327,52.43181518213952,-15.444512243183283,9.822200856116126,156.13387502034504,155.49578247070312,15.479999542236328,38.2926808287513
252,2021-07-01,JPM,156.25999450683594,157.13999938964844,155.4199981689453,146.13829040527344,10479400.0,3.0,-1.4120380561217303,155.6803513796052,135.40913378885182,51.57760456320913,-31.227033559419585,1.7734151664272206,147.81353912353515,146.32343648274738,15.479999542236328,38.2926808287513
252,2021-07-01,KO,54.34000015258789,54.47999954223633,53.86000061035156,50.43636703491211,13214700.0,3.0,-0.12472492878067953,52.45995836892812,49.913995259611916,50.20067720615376,-91.75491949969435,8.757827062215208,51.16635297139486,50.64553852081299,15.479999542236328,38.2926808287513
252,2021-07-01,MCD,231.41000366210938,232.39999389648438,230.75,221.0395965576172,2210500.0,3.0,-0.15202006672470247,225.90750319311962,217.90367997338427,52.43465863382539,-59.01736677391119,13.012351970918543,221.54331766764324,220.91328811645508,15.479999542236328,38.2926808287513
252,2021-07-01,MMM,199.4499969482422,199.6699981689453,197.75,180.0863494873047,1857900.0,3.0,-0.9812878352001633,187.30022757985472,171.68210732004763,52.69220388897458,-20.161031307277213,3.5364173150564726,180.7433603922526,180.18450800577799,15.479999542236328,38.2926808287513
252,2021-07-01,MRK,77.6500015258789,78.1500015258789,77.51000213623047,72.68936157226562,9212000.0,3.0,0.9614872985150527,73.91169211793485,67.33542015623507,59.67429897598335,115.63225816420581,29.649632884744992,69.80013326009114,69.01737429300944,15.479999542236328,38.2926808287513
252,2021-07-01,MSFT,269.6099853515625,271.8399963378906,269.6000061035156,266.2573547363281,16725300.0,3.0,5.175168015069488,269.00094592636805,243.67086498671785,63.51407069470152,138.55958040425926,38.21708590807723,252.0958216349284,249.64082209269205,15.479999542236328,38.2926808287513
252,2021-07-01,NKE,154.07000732421875,158.2100067138672,153.88999938964844,154.31280517578125,9011500.0,3.0,5.352229301292084,154.87822038587376,113.66414716783721,68.49697409999833,223.7549912808486,64.15683610781018,133.3156275431315,131.6094793955485,15.479999542236328,38.2926808287513
252,2021-07-01,PG,135.42999267578125,136.13999938964844,134.9199981689453,127.90673828125,5922300.0,3.0,-0.15740033179201873,129.37694246269797,124.84383771918681,51.70550518516871,16.58852320683326,5.9551866956329444,127.69519500732422,127.7896100362142,15.479999542236328,38.2926808287513
252,2021-07-01,TRV,150.0,152.17999267578125,149.25,144.47161865234375,855900.0,3.0,-1.5458220643683944,151.38353744282554,137.6191526816862,48.88629077279278,-56.287444500370654,10.393085362732707,146.52963155110677,147.20750096638997,15.479999542236328,38.2926808287513
252,2021-07-01,UNH,402.0299987792969,405.2099914550781,401.80999755859375,392.52197265625,2678100.0,3.0,-0.08982639352632305,393.63543781780777,379.78915935016096,55.994286954631306,11.131553474100928,19.006982870828722,389.90134582519534,387.5404032389323,15.479999542236328,38.2926808287513
252,2021-07-01,V,234.1999969482422,236.25,234.0500030517578,231.31570434570312,5329600.0,3.0,1.739535340222119,234.0032908181501,225.52454273897882,56.126772971449014,82.31778938428106,0.8537810551597272,227.8442367553711,225.52206268310547,15.479999542236328,38.2926808287513
252,2021-07-01,VZ,56.18000030517578,56.43000030517578,56.02000045776367,48.587623596191406,11672200.0,3.0,-0.25633137952564056,49.815454027521405,47.9596882606866,46.64355480774856,-73.44507133334587,20.351898867929993,48.8857006072998,49.438126436869304,15.479999542236328,38.2926808287513
252,2021-07-01,WBA,51.81999969482422,52.029998779296875,48.029998779296875,43.604793548583984,23966400.0,3.0,-0.647383227494359,50.324429540164864,44.44506508874138,40.22791402873883,-208.42424566556008,52.63380234380536,47.63316332499186,47.75834274291992,15.479999542236328,38.2926808287513
252,2021-07-01,WMT,140.41000366210938,141.25,139.00999450683594,134.5659637451172,8782900.0,3.0,-0.374412538104707,137.63947164286765,130.24261606465188,50.53501300938897,2.725480451954462,20.340869765568502,134.97259979248048,134.84459228515624,15.479999542236328,38.2926808287513
253,2021-07-02,AAPL,137.89999389648438,140.0,137.75,138.15232849121094,78852600.0,4.0,2.706198466736083,138.15692306429187,122.191475525796,62.94122330658746,174.94270225297734,50.06898063428674,128.07384923299153,128.35716768900554,15.069999694824219,33.87376950025508
253,2021-07-02,AMGN,247.3300018310547,249.89999389648438,246.25,231.10137939453125,1943600.0,4.0,0.7254165615511567,229.9336507257393,218.71528573666302,55.2706852726822,154.6197427462802,30.401885872686513,223.69940083821615,227.73789621988934,15.069999694824219,33.87376950025508
253,2021-07-02,AXP,167.6999969482422,168.97999572753906,167.00999450683594,163.51171875,2028700.0,4.0,2.0239420194817797,164.71791461030074,154.8705192275899,60.51113740228005,127.04578064911298,15.344358044964373,158.4515375773112,152.80231552124025,15.069999694824219,33.87376950025508
253,2021-07-02,BA,239.5500030517578,240.11000061035156,233.47000122070312,236.67999267578125,15706600.0,4.0,-0.8417805163160494,254.55883615538397,233.73016378358085,48.18790271808622,-108.75410432727287,14.972130584539729,244.85233357747396,240.54133326212565,15.069999694824219,33.87376950025508
253,2021-07-02,CAT,217.66000366210938,218.3699951171875,215.5800018310547,207.30459594726562,2433600.0,4.0,-4.301466665967638,226.03926082885226,192.28178867065947,44.91902985562898,-56.65860735046941,16.536135397507874,215.8407735188802,219.2159049987793,15.069999694824219,33.87376950025508
253,2021-07-02,CRM,246.9199981689453,248.9600067138672,245.83999633789062,248.1999969482422,4056200.0,4.0,3.9841318367370775,248.925674650975,236.3233228465836,59.412245487593054,110.37083400804735,30.561840469847684,238.75066579182942,231.79183298746744,15.069999694824219,33.87376950025508
253,2021-07-02,CSCO,53.189998626708984,53.619998931884766,52.84000015258789,50.028743743896484,15066000.0,4.0,0.07664968184717225,50.98027556596564,48.288248603956234,56.6920216106002,13.609981336239011,9.247832390602605,49.509247080485025,48.891337331136064,15.069999694824219,33.87376950025508
253,2021-07-02,CVX,105.69999694824219,106.4000015258789,105.04000091552734,97.09760284423828,7107700.0,4.0,-0.17832990318011355,101.28426128905772,94.29778979736807,51.58446304412731,-20.83882619022339,24.177406127043255,97.39450124104818,96.23287595113119,15.069999694824219,33.87376950025508
253,2021-07-02,DIS,177.86000061035156,178.36000061035156,174.6199951171875,177.11000061035156,11099300.0,4.0,-0.30056247333627084,179.24880940366145,172.63119090151432,48.771025875803616,24.609699082307472,3.84054503736082,176.1699991861979,179.04216588338215,15.069999694824219,33.87376950025508
253,2021-07-02,GS,376.30999755859375,376.6000061035156,372.4200134277344,352.6612243652344,1598900.0,4.0,1.6373040370754666,368.0967578910292,330.97006339803335,56.07579580836487,18.76319510520673,14.012975516225005,350.83094278971356,339.5496449788412,15.069999694824219,33.87376950025508
253,2021-07-02,HD,322.5299987792969,323.1199951171875,321.3500061035156,305.4917907714844,2201600.0,4.0,1.5299509584707494,305.62690379463726,283.64556324637834,58.46425490328256,151.42175077591918,22.979840968314615,295.5969960530599,300.66625010172527,15.069999694824219,33.87376950025508
253,2021-07-02,HON,220.99000549316406,222.0500030517578,219.7100067138672,211.6365966796875,1542700.0,4.0,-1.5434976385989785,220.29495302220906,201.15176176050576,50.48117222470781,-28.86900645269726,5.33370988636242,213.2089614868164,214.42779820760092,15.069999694824219,33.87376950025508
253,2021-07-02,IBM,140.44932556152344,140.48757934570312,133.32696533203125,119.88236999511719,17584515.0,4.0,-0.13148443999162396,130.57226075164337,121.11992217071993,47.12213104638203,-148.65938318153323,28.118325083387063,125.19581985473633,122.62868512471518,15.069999694824219,33.87376950025508
253,2021-07-02,INTC,56.54999923706055,56.9900016784668,56.31999969482422,52.81062316894531,17219400.0,4.0,-0.2280011034605849,54.35054737517506,51.22325519135325,48.14357906498961,-15.309082064148711,0.8266734938278966,52.858699035644534,53.86205348968506,15.069999694824219,33.87376950025508
253,2021-07-02,JNJ,166.02000427246094,169.3000030517578,165.63999938964844,159.0907745361328,9059900.0,4.0,-0.06100185009222514,157.91418149748537,152.09061281403805,56.86103851830611,68.27100154234687,15.534695341465158,156.10157267252603,155.60594278971354,15.069999694824219,33.87376950025508
253,2021-07-02,JPM,155.9499969482422,156.32000732421875,155.1199951171875,145.99795532226562,11424000.0,4.0,-1.1558566872414815,154.2530128355175,135.95163651750983,51.400628840331436,-34.567913405156055,3.368454315860117,147.69256795247395,146.35148849487305,15.069999694824219,33.87376950025508
253,2021-07-02,KO,54.0,54.45000076293945,54.0,50.64199447631836,10604600.0,4.0,-0.12620694092146323,52.31578558938668,49.90493317587212,51.35448967347149,-77.68586097451048,8.757827062215197,51.16444320678711,50.668240229288735,15.069999694824219,33.87376950025508
253,2021-07-02,MCD,233.0800018310547,234.11000061035156,232.44000244140625,222.33383178710938,1851500.0,4.0,-0.041435779733348,225.9231936428098,217.91178102760034,53.98485927400074,17.14839300352448,0.9325085946516545,221.62976786295573,220.98695602416993,15.069999694824219,33.87376950025508
253,2021-07-02,MMM,198.72999572753906,200.2899932861328,197.94000244140625,180.80999755859375,1612900.0,4.0,-0.7021638131037378,186.35568749131568,172.06944526014917,53.54548768905496,-8.975633914574106,6.508364098602083,180.69029337565104,180.2689287821452,15.069999694824219,33.87376950025508
253,2021-07-02,MRK,78.04000091552734,78.7699966430664,77.76000213623047,73.25790405273438,7668000.0,4.0,1.0308318383719666,74.18933712310564,67.53512424164046,60.99747624933909,127.28803340351185,34.70596046627187,69.90067952473959,69.12893028259278,15.069999694824219,33.87376950025508
253,2021-07-02,MSFT,272.82000732421875,278.0,272.5,272.18829345703125,26458000.0,4.0,5.706991906270844,271.1761995881236,244.12877477711072,66.60176899158711,171.72631447403347,51.439019086415726,253.1143829345703,250.04902140299478,15.069999694824219,33.87376950025508
253,2021-07-02,NKE,158.2100067138672,159.97000122070312,157.63999938964844,156.01220703125,6396700.0,4.0,6.091856059098632,158.22485310753206,112.85684092322964,69.42229959356538,203.36553635534116,66.15661821412536,134.18610738118488,132.0380588531494,15.069999694824219,33.87376950025508
253,2021-07-02,PG,135.60000610351562,136.63999938964844,135.4199981689453,128.53091430664062,5572000.0,4.0,-0.03406340043945022,129.3682180773469,124.84783187992848,52.90879040524802,50.42008521881433,10.147072547334075,127.62899017333984,127.78192698160807,15.069999694824219,33.87376950025508
253,2021-07-02,TRV,150.8000030517578,151.61000061035156,150.4600067138672,143.9006805419922,662000.0,4.0,-1.3882940577739475,150.19653759997155,138.05669878918863,48.24522158686661,-52.04323878251928,10.393085362732723,146.31734670003254,147.23461786905924,15.069999694824219,33.87376950025508
253,2021-07-02,UNH,405.0899963378906,409.8699951171875,403.8800048828125,396.8553771972656,1982400.0,4.0,0.6211612167545013,394.9544925493385,378.9742366987084,58.11272800791045,60.850998816511996,27.508038189399382,389.97279764811196,388.2804433186849,15.069999694824219,33.87376950025508
253,2021-07-02,V,235.8300018310547,238.77999877929688,235.82000732421875,234.7389678955078,4383700.0,4.0,1.9478668135877797,234.6590689537052,225.7039223793026,58.792221508131384,136.44883506911958,12.510645168400863,228.2439453125,225.82127202351887,15.069999694824219,33.87376950025508
253,2021-07-02,VZ,56.380001068115234,56.56999969482422,56.2599983215332,48.71709442138672,11387100.0,4.0,-0.22900737711337626,49.74064530864736,47.96026411518076,47.546580966335036,-40.161567410132584,15.796896357826329,48.87563031514485,49.42143859863281,15.069999694824219,33.87376950025508
253,2021-07-02,WBA,49.11000061035156,49.13999938964844,47.56999969482422,43.12139892578125,15863200.0,4.0,-0.8679319903721421,50.472723697104996,43.69878318460887,39.169396015941885,-247.85273523135024,54.620831219647734,47.441293970743814,47.6665532430013,15.069999694824219,33.87376950025508
253,2021-07-02,WMT,139.35000610351562,141.0800018310547,139.35000610351562,135.32901000976562,8760200.0,4.0,-0.22203477348094225,137.33146167035665,130.38256115679178,51.74555786410864,16.712899910624607,20.3408697655685,134.89822794596355,134.8598294576009,15.069999694824219,33.87376950025508
254,2021-07-06,AAPL,140.07000732421875,143.14999389648438,140.07000732421875,140.18568420410156,108181800.0,1.0,3.0758426617132386,139.6202594550044,122.31931650324756,64.79821790587536,193.8034370162654,59.087573343851574,128.6197062174479,128.5092690785726,16.440000534057617,14.240767138546842
254,2021-07-06,AMGN,247.25999450683594,248.1199951171875,243.1699981689453,226.4087677001953,2792300.0,1.0,0.6975955105200455,229.98795955198858,219.26126682740596,50.841263626113076,98.23765928386807,16.12021374391091,223.47142893473307,227.68273417154947,16.440000534057617,14.240767138546842
254,2021-07-06,AXP,172.5399932861328,172.5399932861328,167.8000030517578,164.5403289794922,4688100.0,1.0,2.189641902306562,165.34786682364728,154.63569183113788,61.298815251467225,172.5875954520749,26.507812420277627,158.8752202351888,153.16078974405926,16.440000534057617,14.240767138546842
254,2021-07-06,BA,236.85000610351562,237.1699981689453,233.47000122070312,236.13999938964844,11045800.0,1.0,-1.2002142639039448,253.507142460278,233.12985705144072,47.93235217766516,-125.68067356850182,14.972130584539736,244.89633331298828,240.27099990844727,16.440000534057617,14.240767138546842
254,2021-07-06,CAT,217.41000366210938,217.55999755859375,211.33999633789062,203.26820373535156,4348100.0,1.0,-4.299580969017086,222.3658816823023,193.45715603742428,42.34298468126509,-69.94794085742802,26.076653836091317,215.08806966145832,218.95900090535483,16.440000534057617,14.240767138546842
254,2021-07-06,CRM,249.0,252.9199981689453,248.3800048828125,250.25,5590200.0,1.0,4.192031785725618,250.0247771677772,236.43522039081654,60.47770411510685,142.3477729901737,39.00646750869571,239.6729990641276,232.10799967447917,16.440000534057617,14.240767138546842
254,2021-07-06,CSCO,53.220001220703125,53.36000061035156,52.34000015258789,49.50547409057617,19394500.0,1.0,0.07684263093715771,50.9413866333094,48.274187249747236,54.113709886371154,-48.72336387639939,17.98816739461987,49.53768488566081,48.91081453959147,16.440000534057617,14.240767138546842
254,2021-07-06,CVX,105.97000122070312,105.97000122070312,103.38999938964844,95.19354248046875,10162800.0,1.0,-0.30729991075813246,101.27245489795102,93.96540063183413,48.84702685247922,-77.1785860385865,30.559236801251906,97.39053421020508,96.26818911234538,16.440000534057617,14.240767138546842
254,2021-07-06,DIS,176.75999450683594,177.0,172.22000122070312,173.69000244140625,11557900.0,1.0,-0.4745668451495817,179.19073806813347,172.35926193186654,45.16380068219441,-93.76481498487588,15.084950085788314,176.21299947102864,178.8054992675781,16.440000534057617,14.240767138546842
254,2021-07-06,GS,373.2300109863281,373.6300048828125,365.4100036621094,348.6083068847656,2162900.0,1.0,1.4360796388464223,365.5692363019718,331.7727345232235,54.187850830677036,-23.980800326571963,0.5832247040973152,350.9827809651693,340.1805735270182,16.440000534057617,14.240767138546842
254,2021-07-06,HD,322.8299865722656,323.8299865722656,316.79998779296875,302.2351989746094,3109500.0,1.0,1.6974848103098452,306.5581566346091,283.5947211730081,55.727344713476874,108.68550227564324,6.530157925534154,295.7591064453125,300.69299672444663,16.440000534057617,14.240767138546842
254,2021-07-06,HON,220.08999633789062,220.9499969482422,215.92999267578125,208.99734497070312,1935600.0,1.0,-1.4761361789589103,219.1827229360237,201.3431300302849,48.137267044324226,-58.85025843193654,19.092021156368176,213.06106211344402,214.30889460245768,16.440000534057617,14.240767138546842
254,2021-07-06,IBM,133.83364868164062,134.24473571777344,131.07073974609375,118.8207015991211,8466010.0,1.0,-0.5715830157180193,131.098851809412,119.80221935758017,45.74203464054014,-245.03082780467432,36.17372171512864,125.02572530110677,122.69360885620117,16.440000534057617,14.240767138546842
254,2021-07-06,INTC,56.91999816894531,57.0099983215332,55.70000076293945,52.18724060058594,26186600.0,1.0,-0.23969199523162388,54.31789329922316,51.16286689364793,46.55437462759895,-63.864007808191595,7.783148795408665,52.8590087890625,53.6798126856486,16.440000534057617,14.240767138546842
254,2021-07-06,JNJ,167.91000366210938,168.86000061035156,166.99000549316406,158.13986206054688,6098500.0,1.0,0.15210562211717615,158.38265852196764,151.9168150498097,55.08642987967043,76.48114244363913,15.534695341465158,156.04100392659504,155.7270762125651,16.440000534057617,14.240767138546842
254,2021-07-06,JPM,155.77999877929688,155.77999877929688,152.35000610351562,143.54637145996094,15083400.0,1.0,-1.137540575997832,152.6942970975136,136.4529227511192,48.399418556377746,-56.17271380266935,16.716490891446632,147.4331263224284,146.32069396972656,16.440000534057617,14.240767138546842
254,2021-07-06,KO,53.9900016784668,54.09000015258789,53.54999923706055,50.36158752441406,15278200.0,1.0,-0.14829845154353904,52.20405610115451,49.85394141166287,49.729115021142405,-113.48368016533179,20.22427778421376,51.15411427815755,50.685340817769365,16.440000534057617,14.240767138546842
254,2021-07-06,MCD,233.66000366210938,233.89999389648438,231.0,221.4963836669922,1762700.0,1.0,-0.021128444467592544,225.92290755740055,218.0129414416229,52.83229612084456,-28.25986531216073,9.628077849653302,221.71795756022135,221.0272654215495,16.440000534057617,14.240767138546842
254,2021-07-06,MMM,196.41000366210938,197.77999877929688,194.75999450683594,178.0963592529297,2546400.0,1.0,-0.6919476057808254,185.64636009063457,172.16006233368182,50.04393968188481,-59.40181863408711,8.883108283569236,180.54044087727866,180.2740005493164,16.440000534057617,14.240767138546842
254,2021-07-06,MRK,78.13999938964844,78.3499984741211,77.55999755859375,72.80120086669922,6720500.0,1.0,1.036982071700109,74.10990928327622,68.16728798234878,59.37843021514147,105.51760395604312,31.448055856497266,70.00011088053385,69.22082354227702,16.440000534057617,14.240767138546842
254,2021-07-06,MSFT,278.0299987792969,279.3699951171875,274.29998779296875,272.1980895996094,31565600.0,1.0,6.059407559967383,273.14788602306015,244.4951712279164,66.60659763387807,165.59801468927773,53.79007819413859,254.17607777913412,250.41500066121418,16.440000534057617,14.240767138546842
254,2021-07-06,NKE,159.9199981689453,160.44000244140625,157.86000061035156,156.37355041503906,6671000.0,1.0,6.630737964815182,161.19818484409146,112.43846218959996,69.61858927453125,172.69699508021682,66.68718377751254,135.08845062255858,132.44390729268392,16.440000534057617,14.240767138546842
254,2021-07-06,PG,135.52000427246094,136.3000030517578,135.36000061035156,128.6066131591797,6534400.0,1.0,0.0689949402865011,129.27983867986597,124.89459445612036,53.0555345639398,52.29367435978401,9.520893046745432,127.5653086344401,127.78944524129231,16.440000534057617,14.240767138546842
254,2021-07-06,TRV,151.1699981689453,151.63999938964844,148.3699951171875,143.5295867919922,1006500.0,1.0,-1.2786565847124791,149.40615415049623,138.272471337785,47.82354696630317,-61.6250730791934,20.521565395234063,146.08417612711588,147.2352066040039,16.440000534057617,14.240767138546842
254,2021-07-06,UNH,408.6700134277344,411.1600036621094,405.7099914550781,397.7279052734375,2615300.0,1.0,1.2407274107516173,396.8426037180268,378.1981433522857,58.52857134901174,82.29903429433033,29.69178050448596,389.97706705729166,388.8513412475586,16.440000534057617,14.240767138546842
254,2021-07-06,V,239.5,240.61000061035156,237.2100067138672,235.69313049316406,8048700.0,1.0,2.1650071003558367,235.51681137690179,225.6606773315943,59.50165760123101,158.25240907105677,19.801319649589026,228.66463877360027,226.1065882364909,16.440000534057617,14.240767138546842
254,2021-07-06,VZ,56.47999954223633,56.5099983215332,56.0,48.691200256347656,13815900.0,1.0,-0.20705554363549794,49.67390026677519,47.9588187731418,47.38067274064557,-57.857067990538916,21.6813855237645,48.861244201660156,49.40590159098307,16.440000534057617,14.240767138546842
254,2021-07-06,WBA,48.029998779296875,48.279998779296875,47.220001220703125,42.700653076171875,8862900.0,1.0,-1.0643994137879886,50.5831376141621,42.97426747616993,38.26285105327906,-244.68140531143197,56.11808062814907,47.2270445505778,47.576774787902835,16.440000534057617,14.240767138546842
254,2021-07-06,WMT,139.89999389648438,140.75,139.50999450683594,135.16481018066406,6093100.0,1.0,-0.11321873601480092,137.18276369165866,130.43853452611475,51.46518138248971,15.552971497490418,20.340869765568485,134.83995361328124,134.8712074279785,16.440000534057617,14.240767138546842
255,2021-07-07,AAPL,143.5399932861328,144.88999938964844,142.66000366210938,142.70278930664062,104911600.0,2.0,3.531192307989471,141.50927099806017,122.19027810472302,66.92089787168746,202.61051255707636,63.030482139037744,129.19451878865559,128.73222770690919,16.200000762939453,9.107224965404196
255,2021-07-07,AMGN,244.07000732421875,244.27999877929688,241.33999633789062,226.00918579101562,2381700.0,2.0,0.6359731044441048,229.86304896735103,219.98089024163332,50.48487167514039,60.30571145212016,8.56821141777549,223.33111368815105,227.62106602986654,16.200000762939453,9.107224965404196
255,2021-07-07,AXP,169.60000610351562,174.75999450683594,169.3800048828125,165.91831970214844,3998900.0,2.0,2.4044357496056534,166.1926131302855,154.2667633955934,62.339872249909185,209.56409195137365,32.4460887419702,159.28773091634113,153.5456174214681,16.200000762939453,9.107224965404196
255,2021-07-07,BA,235.1699981689453,238.00999450683594,230.52000427246094,231.77999877929688,11497000.0,2.0,-1.8151670861857383,252.68282403929499,231.85617589966984,45.89922037217621,-150.17434824375107,20.57305348127883,244.7076665242513,239.97533315022787,16.200000762939453,9.107224965404196
255,2021-07-07,CAT,212.69000244140625,215.05999755859375,211.16000366210938,204.38204956054688,2707700.0,2.0,-4.160251699379103,217.42298554698652,195.97534208973224,43.27168999635661,-69.10066397660552,26.458123758444952,214.31505788167317,218.71781845092772,16.200000762939453,9.107224965404196
255,2021-07-07,CRM,253.0,253.5,247.86000061035156,248.44000244140625,5101400.0,2.0,4.1627566495100154,250.20275935641158,237.45923862942826,59.06160532756272,130.01575933240414,40.14612244214059,240.38799896240235,232.435999806722,16.200000762939453,9.107224965404196
255,2021-07-07,CSCO,53.06999969482422,53.29999923706055,52.66999816894531,49.76710510253906,14411600.0,2.0,0.09698895233590576,50.88853181934437,48.28076673412243,55.168304555712375,-22.970578049989523,17.98816739461988,49.54514948527018,48.942694664001465,16.200000762939453,9.107224965404196
255,2021-07-07,CVX,103.95999908447266,104.9000015258789,102.12000274658203,94.22321319580078,8245000.0,2.0,-0.48224798030692284,101.18857295785125,93.51834385123078,47.51766901139728,-116.71631670742116,35.056654454181746,97.30906244913737,96.30451265970866,16.200000762939453,9.107224965404196
255,2021-07-07,DIS,172.86000061035156,174.32000732421875,171.99000549316406,172.82000732421875,6757300.0,2.0,-0.674888207398368,179.24793087374,171.9510696755764,44.30152869834716,-150.98184109990294,16.090100409885665,176.1633331298828,178.57766596476236,16.200000762939453,9.107224965404196
255,2021-07-07,GS,367.5,370.0899963378906,362.17999267578125,346.544189453125,2012800.0,2.0,1.0974006754438506,363.4559343467466,332.2808912147769,53.243420914155756,-49.760178607363414,4.932406829518595,351.0022501627604,340.76097462972007,16.200000762939453,9.107224965404196
255,2021-07-07,HD,318.489990234375,324.4200134277344,318.25,306.23016357421875,2939900.0,2.0,2.128085604622015,308.17819258481694,283.16560319155025,58.209994298942405,129.60756532120575,8.231684352164738,296.0835754394531,300.7618418375651,16.200000762939453,9.107224965404196
255,2021-07-07,HON,218.02999877929688,221.58999633789062,218.00999450683594,211.0819549560547,1563200.0,2.0,-1.2402443678286943,217.57158159833273,202.08695569414772,50.03293263794292,-35.550094125137996,16.039727485343658,212.92527567545574,214.19902445475262,16.200000762939453,9.107224965404196
255,2021-07-07,IBM,132.65774536132812,134.15870666503906,132.65774536132812,119.71112823486328,4246446.0,2.0,-0.8388446409633303,131.15187817687794,118.95722445373731,47.08660230255437,-195.3470090477565,36.17372171512863,124.88588256835938,122.78946088155111,16.200000762939453,9.107224965404196
255,2021-07-07,INTC,56.369998931884766,56.45000076293945,55.709999084472656,52.06629180908203,14857400.0,2.0,-0.2557683297564637,54.29081474592501,51.093182217575965,46.24796377154346,-82.94633258614626,7.78314879540867,52.82799466451009,53.539480463663736,16.200000762939453,9.107224965404196
255,2021-07-07,JNJ,167.47999572753906,169.5,167.47999572753906,159.49559020996094,6293500.0,2.0,0.425486022552235,159.1374300082571,151.72881144682103,57.06283728256371,113.38180543660266,19.65811821217304,156.0052276611328,155.86472345987957,16.200000762939453,9.107224965404196
255,2021-07-07,JPM,152.00999450683594,154.27999877929688,151.5500030517578,143.71484375,12271800.0,2.0,-1.0967875360631183,151.033259065843,137.13478445222339,48.61271746228678,-61.65683722340903,20.122909315919465,147.15201059977213,146.29782460530598,16.200000762939453,9.107224965404196
255,2021-07-07,KO,53.720001220703125,54.380001068115234,53.720001220703125,50.77285385131836,14377700.0,2.0,-0.13110903405514307,52.13154658378351,49.84103680549871,52.03256706255206,-76.72897917823079,10.645360715668103,51.15192807515462,50.70666732788086,16.200000762939453,9.107224965404196
255,2021-07-07,MCD,231.9199981689453,234.99000549316406,231.72000122070312,223.28550720214844,2069400.0,2.0,0.13774474630258737,226.05005985715286,218.07517207644088,54.95759494983527,31.80008068230366,2.3582943278041064,221.8446477254232,221.10559539794923,16.200000762939453,9.107224965404196
255,2021-07-07,MMM,196.1300048828125,200.05999755859375,196.1300048828125,180.7828369140625,1695000.0,2.0,-0.46175210165364433,185.08143413597878,172.38759052222434,53.17958542114032,-16.36911553643468,1.9738575798607887,180.4575225830078,180.3263910929362,16.200000762939453,9.107224965404196
255,2021-07-07,MRK,78.41000366210938,78.61000061035156,78.12999725341797,73.22061157226562,8275100.0,2.0,1.0634404353305769,73.80953006966813,69.09930782095687,60.377549606850444,112.92153130285264,33.67708543194771,70.11793111165365,69.32102953592936,16.200000762939453,9.107224965404196
255,2021-07-07,MSFT,279.3999938964844,280.69000244140625,277.1499938964844,274.4234619140625,23260000.0,2.0,6.443986190541011,275.07623886847887,245.24899611687272,67.70389065334022,165.71528841149325,55.9848977916273,255.12863006591797,250.8170913696289,16.200000762939453,9.107224965404196
255,2021-07-07,NKE,160.16000366210938,161.5,158.27999877929688,156.42237854003906,5408300.0,2.0,6.981270043769001,163.79764078239356,112.45743734260645,69.64582784042155,151.580674905362,67.90039001894036,135.94693603515626,132.83123817443848,16.200000762939453,9.107224965404196
255,2021-07-07,PG,136.02999877929688,137.58999633789062,136.02999877929688,129.57130432128906,5532700.0,2.0,0.22590780774392272,129.6432910068857,124.73543061176663,54.90796977062771,116.40283537553769,19.976750141421444,127.53504282633463,127.80442733764649,16.200000762939453,9.107224965404196
255,2021-07-07,TRV,150.07000732421875,152.5,149.5,144.8141632080078,801000.0,2.0,-1.0757133622646222,148.65106555497812,138.60222423994378,49.40702815820118,-39.28325609995078,14.813242964752613,145.9048645019531,147.25420837402345,16.200000762939453,9.107224965404196
255,2021-07-07,UNH,410.3500061035156,412.17999267578125,407.20001220703125,399.0851135253906,2270400.0,2.0,1.8202705012384968,398.73621676647383,377.4083450011043,59.180656082332376,100.71949966818238,31.43746206590123,390.0484690348307,389.44518076578777,16.200000762939453,9.107224965404196
255,2021-07-07,V,240.25999450683594,241.0399932861328,238.3000030517578,236.0866241455078,4366100.0,2.0,2.341848618092058,236.35284429509178,225.60668329279886,59.79693610306105,160.72205659804584,21.445527214680013,229.01483408610025,226.4156524658203,16.200000762939453,9.107224965404196
255,2021-07-07,VZ,56.349998474121094,56.58000183105469,56.209999084472656,48.79478073120117,14393300.0,2.0,-0.17923437646496865,49.612358976863845,47.966844056583426,48.129647306497866,-31.787664081061212,19.282170533406244,48.848296864827475,49.39137159983317,16.200000762939453,9.107224965404196
255,2021-07-07,WBA,47.54999923706055,47.970001220703125,47.060001373291016,42.512664794921875,7378000.0,2.0,-1.221193190594839,50.66274378215967,42.311891151312004,37.85787171833809,-224.05076976602382,56.814376659174314,47.0080207824707,47.47617117563883,16.200000762939453,9.107224965404196
255,2021-07-07,WMT,139.75999450683594,141.19000244140625,139.36000061035156,134.94264221191406,8535800.0,2.0,-0.044396564726355336,137.16832374180524,130.4413823739174,51.0778053583753,19.13547367305841,23.398841470721965,134.7739512125651,134.8785614013672,16.200000762939453,9.107224965404196
256,2021-07-08,AAPL,141.5800018310547,144.05999755859375,140.6699981689453,141.38998413085938,105575500.0,3.0,3.742981021870179,142.70890867234615,122.58083742140386,64.81227306749732,162.08010462076635,45.84646310656131,129.73215204874674,128.88091545104982,19.0,17.474317054011927
256,2021-07-08,AMGN,244.24000549316406,246.6999969482422,242.4499969482422,226.99417114257812,1994300.0,3.0,0.6590202148574633,230.03687367872172,220.24938120409078,51.35443657262213,98.2398229146215,16.26628174431904,223.401735941569,227.56028162638347,19.0,17.474317054011927
256,2021-07-08,AXP,166.9499969482422,170.0399932861328,165.58999633789062,162.54132080078125,4628400.0,3.0,2.2759303244505134,166.425509999635,154.4062145487048,58.35996326728733,90.65204591171363,15.425599538491946,159.60800120035807,153.89964904785157,19.0,17.474317054011927
256,2021-07-08,BA,227.47999572753906,237.47000122070312,226.16000366210938,236.77000427246094,17964300.0,3.0,-1.8782189493599617,252.02022823633558,231.389772374016,48.48622893828674,-139.4083444064677,28.059885691114655,244.57533315022786,239.70033315022786,19.0,17.474317054011927
256,2021-07-08,CAT,210.0,213.89999389648438,209.92999267578125,201.92588806152344,3723800.0,3.0,-4.199613425945216,213.13264235384065,198.11990738981171,41.738085431209605,-74.93058717667736,29.129659900413497,213.51983133951822,218.4606554667155,19.0,17.474317054011927
256,2021-07-08,CRM,244.83999633789062,246.5800018310547,241.74000549316406,245.8000030517578,5159600.0,3.0,3.881783225101202,249.58979773664615,239.0432009205804,57.0461477035965,55.06714070329734,15.751151028655375,240.99099884033203,232.66599985758464,19.0,17.474317054011927
256,2021-07-08,CSCO,53.15999984741211,53.720001220703125,52.90999984741211,49.76710510253906,15691800.0,3.0,0.11166782007182974,50.84866276370127,48.284568208588766,55.168304555712375,7.587374110092663,8.003836121418885,49.55508855183919,48.973182678222656,19.0,17.474317054011927
256,2021-07-08,CVX,101.5,103.08999633789062,101.22000122070312,93.92112731933594,8695500.0,3.0,-0.637917871320326,101.18952416323862,93.04321051693717,47.104808309409975,-148.2629205386739,38.09394429626787,97.27030995686849,96.32886823018391,19.0,17.474317054011927
256,2021-07-08,DIS,170.17999267578125,173.75,169.80999755859375,172.8000030517578,6960100.0,3.0,-0.8257398923491621,179.28582894389035,171.58917258198858,44.28141904769021,-168.02014426395823,25.0761430586617,176.0509999593099,178.36616592407228,19.0,17.474317054011927
256,2021-07-08,GS,359.69000244140625,362.8900146484375,355.5899963378906,338.3157958984375,2940500.0,3.0,0.1631518516013557,361.6357842981227,331.85402893429915,49.6732094442518,-108.9558278543085,15.087547530866471,350.8657999674479,341.2693654378255,19.0,17.474317054011927
256,2021-07-08,HD,319.07000732421875,320.3299865722656,314.79998779296875,301.5536193847656,3663000.0,3.0,2.068141555370346,308.76447443318864,283.639599663491,54.50848112110803,67.9498879428039,2.8252143163255488,296.19220072428385,300.75886586507164,19.0,17.474317054011927
256,2021-07-08,HON,218.55999755859375,220.7100067138672,217.1300048828125,209.7240753173828,2404700.0,3.0,-1.1496158901953493,216.18597725874972,202.66070548050808,48.83023931170393,-46.40051259669181,19.08775977536044,212.774826558431,214.06017481486003,19.0,17.474317054011927
256,2021-07-08,IBM,131.72084045410156,135.09559631347656,131.6061248779297,120.49881744384766,5739820.0,3.0,-0.9758425626928187,130.75380553068536,118.50511017976388,48.259948115051955,-172.5868501262426,39.76868918205562,124.7988380432129,122.94656308492024,19.0,17.474317054011927
256,2021-07-08,INTC,55.310001373291016,55.720001220703125,54.790000915527344,51.535953521728516,19162000.0,3.0,-0.30775519790803685,54.28723041703032,50.94696948836519,44.90725375650785,-146.58426382146888,19.446575627524446,52.78209406534831,53.39323768615723,19.0,17.474317054011927
256,2021-07-08,JNJ,168.6999969482422,169.4600067138672,167.5800018310547,159.18490600585938,5755500.0,3.0,0.6100401772946782,159.6626135435416,151.5322045716928,56.47370208655848,116.32352370060462,19.65811821217302,155.97384490966797,156.0308753967285,19.0,17.474317054011927
256,2021-07-08,JPM,151.61000061035156,152.52999877929688,150.0399932861328,141.23521423339844,17834600.0,3.0,-1.2501647165148597,149.64990625382387,137.48264989851987,45.73427591312831,-81.77561321779824,26.212311923530944,146.8406494140625,146.26246871948243,19.0,17.474317054011927
256,2021-07-08,KO,54.0099983215332,54.16999816894531,53.7400016784668,50.59526443481445,11943900.0,3.0,-0.13031409877476108,52.076894183683685,49.808286861848536,50.98891532151212,-86.08283744835671,10.645360715668104,51.144131342569985,50.72905413309733,19.0,17.474317054011927
256,2021-07-08,MCD,232.9499969482422,233.8300018310547,231.94000244140625,221.58201599121094,1932600.0,3.0,0.12475726644595397,226.03422926642557,218.22137376091817,52.62216520818546,-19.091377265046205,2.3582943278041153,221.9072992960612,221.1498555501302,19.0,17.474317054011927
256,2021-07-08,MMM,198.5,199.5500030517578,197.32000732421875,179.34466552734375,2167100.0,3.0,-0.39086328907964685,184.5015068435358,172.56318889621028,51.39312061179293,-19.332142443902494,1.9738575798607896,180.3538019816081,180.3751653035482,19.0,17.474317054011927
256,2021-07-08,MRK,77.7699966430664,78.30000305175781,77.30999755859375,72.81053161621094,8400400.0,3.0,1.0393380122181242,73.62125032417197,69.72666990287883,58.91194660305526,87.59715793007385,20.470864671466156,70.26705271402994,69.41131490071615,19.0,17.474317054011927
256,2021-07-08,MSFT,276.8999938964844,278.7300109863281,274.8699951171875,271.9628601074219,24618600.0,3.0,6.475571170767921,276.0903539814994,246.57100618695765,65.25136552817197,132.405250390747,43.40838837269682,255.96844584147135,251.13611551920573,19.0,17.474317054011927
256,2021-07-08,NKE,158.1699981689453,160.82000732421875,157.35000610351562,156.88143920898438,6081600.0,3.0,7.212965030286625,166.10814829990747,112.9587447054636,69.9082179759693,130.43033395072266,62.355059045943015,136.8122762044271,133.2765791575114,19.0,17.474317054011927
256,2021-07-08,PG,136.99000549316406,137.39999389648438,135.88999938964844,129.55238342285156,7585200.0,3.0,0.34476143214152444,129.96392464185715,124.62192283128738,54.86404361934139,115.16960792301307,18.389566595887686,127.4893305460612,127.84744313557943,19.0,17.474317054011927
256,2021-07-08,TRV,150.13999938964844,151.0399932861328,147.91000366210938,141.32203674316406,1346500.0,3.0,-1.1830276112487184,148.15198627769735,138.5094486588261,45.52184507715169,-73.44763657987518,22.104726494501268,145.67790730794272,147.20917307535808,19.0,17.474317054011927
256,2021-07-08,UNH,408.6099853515625,410.8299865722656,405.0799865722656,397.4273681640625,2032300.0,3.0,2.1213428595340815,400.0179427725455,377.1264786141732,58.027772323961564,80.41062547502086,24.565721018541495,389.9970001220703,390.04004720052086,19.0,17.474317054011927
256,2021-07-08,V,236.97000122070312,237.07000732421875,234.5500030517578,232.7519073486328,6388000.0,3.0,2.1876946368743972,236.48947577973468,225.89304375151534,56.204335944123365,70.04053617545019,1.9584558741938078,229.26370900472006,226.6765047709147,19.0,17.474317054011927
256,2021-07-08,VZ,55.75,55.97999954223633,55.54999923706055,48.60100555419922,18384000.0,3.0,-0.17085245759972167,49.55538875573045,47.95955226904982,46.83938946957182,-114.87274024273971,32.66308908269223,48.84327621459961,49.37246112823486,19.0,17.474317054011927
256,2021-07-08,WBA,47.04999923706055,47.09000015258789,46.470001220703125,41.8233642578125,7926700.0,3.0,-1.3851075236391992,50.79721421179493,41.57674666466992,36.396643769866046,-223.14081035137758,59.356494699061045,46.785117848714194,47.36555836995443,19.0,17.474317054011927
256,2021-07-08,WMT,138.33999633789062,140.64999389648438,138.22000122070312,134.82675170898438,7089000.0,3.0,0.0007850571574294918,137.2164048775242,130.44255966104998,50.87118138293876,-1.332304439291744,11.54001215157695,134.68541259765624,134.89087931315103,19.0,17.474317054011927
257,2021-07-09,AAPL,142.75,145.64999389648438,142.64999389648438,143.2357940673828,99890800.0,4.0,4.013501393529367,143.9347008154454,123.23050456785536,66.35424947247184,166.56012140262885,50.31897991475375,130.33295745849608,129.0997829437256,16.18000030517578,10.35927357989163
257,2021-07-09,AMGN,243.08999633789062,245.92999267578125,241.7100067138672,227.8490753173828,1609900.0,4.0,0.7377643498967075,230.11705442280424,220.22123903422698,52.109570093832346,85.69357723396452,13.152253736515965,223.60771738688152,227.5188212076823,16.18000030517578,10.35927357989163
257,2021-07-09,AXP,170.0,172.30999755859375,169.2100067138672,166.84988403320312,3175200.0,4.0,2.493015957762026,167.34037276114313,154.47457780038033,61.59596604519188,178.3221633355081,21.855188778284813,160.05350087483723,154.30242233276368,16.18000030517578,10.35927357989163
257,2021-07-09,BA,237.77000427246094,240.3800048828125,236.22000122070312,239.58999633789062,12385400.0,4.0,-1.6812577207087998,251.13014219495284,231.40485841539873,49.887149687711975,-72.41183643911555,19.990372842916006,244.51599985758463,239.48633321126303,16.18000030517578,10.35927357989163
257,2021-07-09,CAT,215.89999389648438,218.58999633789062,214.39999389648438,206.98094177246094,3163800.0,4.0,-3.7793413951635557,211.39504461336415,199.06640405606944,45.82591895122262,-43.856651556473764,12.475856566678413,212.87596995035807,218.2367256164551,16.18000030517578,10.35927357989163
257,2021-07-09,CRM,245.58999633789062,248.0,244.08999633789062,245.05999755859375,4213500.0,4.0,3.5583787281740626,249.46811120757656,239.65188696136875,56.48719787209816,67.69108375015495,19.237950438571005,241.5036656697591,232.94999974568685,16.18000030517578,10.35927357989163
257,2021-07-09,CSCO,53.36000061035156,53.93000030517578,53.290000915527344,50.215633392333984,14673400.0,4.0,0.15767582423521986,50.643101115159176,48.405192189284186,56.98214270784275,51.99456158206798,3.330378566261463,49.5923511505127,49.015631357828774,16.18000030517578,10.35927357989163
257,2021-07-09,CVX,103.45999908447266,104.2300033569336,102.36000061035156,95.26676940917969,8567900.0,4.0,-0.6452670736786672,100.94209237852749,92.89335378846471,49.141090041054625,-98.94414889988143,29.869853323346213,97.26878382364909,96.34505449930826,16.18000030517578,10.35927357989163
257,2021-07-09,DIS,174.6999969482422,177.52000427246094,173.92999267578125,177.0399932861328,7873300.0,4.0,-0.5962855539718532,179.34402948960084,171.57797063246946,49.325062603182964,5.337475603430547,4.406607330246418,176.06999969482422,178.19249903361003,16.18000030517578,10.35927357989163
257,2021-07-09,GS,366.0,372.1499938964844,364.95001220703125,350.3991394042969,2641800.0,4.0,0.3932446840826742,361.3949136698764,331.8894247090298,54.32579443249384,-22.580174120610593,0.8251413682509191,351.04163614908856,341.85906270345055,16.18000030517578,10.35927357989163
257,2021-07-09,HD,320.5400085449219,323.30999755859375,320.17999267578125,304.9142761230469,2587400.0,4.0,2.265694857097344,309.81772969735744,283.8908610008848,56.56188818530408,118.5148157956574,6.038015722926633,296.39464111328124,300.81786549886067,16.18000030517578,10.35927357989163
257,2021-07-09,HON,221.02999877929688,224.60000610351562,220.74000549316406,214.5244598388672,2161800.0,4.0,-0.6825729799061264,215.74084336291006,202.92319777478528,52.965067550931295,7.245969335814374,1.6500653174830244,212.77705841064454,213.99530131022135,16.18000030517578,10.35927357989163
257,2021-07-09,IBM,135.2294464111328,135.73614501953125,134.64627075195312,121.1666259765625,4083689.0,4.0,-1.0187839282449858,130.20854826622042,118.27809418983426,49.24700543797643,-120.94017267293876,34.8242144794195,124.74575475056966,123.09433275858561,16.18000030517578,10.35927357989163
257,2021-07-09,INTC,55.5099983215332,56.11000061035156,55.310001373291016,52.09420394897461,18708000.0,4.0,-0.3004456708059351,54.196924790619946,50.90794657778825,46.593178965356444,-87.99695188895184,12.971773689798505,52.753251266479495,53.272173436482746,16.18000030517578,10.35927357989163
257,2021-07-09,JNJ,169.3699951171875,170.3699951171875,169.24000549316406,159.81568908691406,6120900.0,4.0,0.7980007417235129,160.14958508272312,151.2966093752847,57.39750798431998,155.41829509464628,25.56225512538937,155.99518483479818,156.20067901611327,16.18000030517578,10.35927357989163
257,2021-07-09,JPM,153.0500030517578,156.14999389648438,152.5800018310547,145.75466918945312,13694500.0,4.0,-0.9955588104995456,148.97348825808652,137.81182973507757,51.18419995198534,-32.41681259762068,5.584842519642669,146.68055725097656,146.3470932006836,16.18000030517578,10.35927357989163
257,2021-07-09,KO,54.25,54.52000045776367,54.18000030517578,50.903717041015625,10847000.0,4.0,-0.10360031937066339,51.94164993631425,49.84708297384201,52.69379251884206,-44.46648543312981,0.3088195213868151,51.13919474283854,50.75673637390137,16.18000030517578,10.35927357989163
257,2021-07-09,MCD,234.07000732421875,236.22999572753906,233.05999755859375,224.28469848632812,2560500.0,4.0,0.32875875885886785,226.17520934001925,218.18412293537136,55.711124133242414,90.82967095267999,12.277522877927142,222.05341491699218,221.2550926208496,16.18000030517578,10.35927357989163
257,2021-07-09,MMM,199.6999969482422,201.89999389648438,199.25,181.8140411376953,2446100.0,4.0,-0.13388211043576348,184.10593654982492,172.76608951218682,54.130133020075,26.18341619647802,12.275953014345655,180.33631439208983,180.46090545654297,16.18000030517578,10.35927357989163
257,2021-07-09,MRK,78.41999816894531,78.69000244140625,77.94000244140625,72.68936157226562,6006500.0,4.0,0.9989440531432763,73.6847731406582,69.8960519020664,58.47805250398375,93.7275472095083,24.2743231635801,70.42007090250651,69.50002161661784,16.18000030517578,10.35927357989163
257,2021-07-09,MSFT,275.7200012207031,278.04998779296875,275.32000732421875,272.47259521484375,23916700.0,4.0,6.467184184691405,277.2456327403062,247.44500599260405,65.51903920342353,121.51594802794841,43.408388372696834,256.83276824951173,251.51090825398762,16.18000030517578,10.35927357989163
257,2021-07-09,NKE,161.69000244140625,161.9600067138672,160.50999450683594,157.2427978515625,5002300.0,4.0,7.341119740153829,168.10686878504146,113.89196696935306,70.11855817363501,124.62042329503534,63.916664199773486,137.60616302490234,133.74873644510905,16.18000030517578,10.35927357989163
257,2021-07-09,PG,137.24000549316406,137.64999389648438,136.83999633789062,129.5996856689453,5948700.0,4.0,0.43772486197457283,130.1745554055807,124.52856959441931,54.95723507043026,148.2426100393048,20.399688464432682,127.45496877034505,127.88357238769531,16.18000030517578,10.35927357989163
257,2021-07-09,TRV,151.07000732421875,153.3800048828125,150.38999938964844,145.89891052246094,988200.0,4.0,-0.8885171901812612,148.03490928912993,138.56086860393646,50.77052610979102,-15.17162474825061,7.613764446673876,145.58490295410155,147.18963851928712,16.18000030517578,10.35927357989163
257,2021-07-09,UNH,412.5299987792969,413.25,410.6400146484375,399.5213928222656,2078900.0,4.0,2.500095616009446,401.5948471758764,376.72116539736584,59.06970076300757,128.22782529907622,29.089472085694428,390.0101806640625,390.65162251790366,16.18000030517578,10.35927357989163
257,2021-07-09,V,238.75999450683594,239.4499969482422,237.4199981689453,234.58155822753906,5615900.0,4.0,2.1879427885183134,236.8951841501102,225.93196581326873,57.648547419872564,120.59393155262305,11.583562606609838,229.63751220703125,226.9521354675293,16.18000030517578,10.35927357989163
257,2021-07-09,VZ,55.70000076293945,56.22999954223633,55.619998931884766,48.94142150878906,13757000.0,4.0,-0.13518270191067217,49.45537520091961,48.00431336719563,49.30900671202397,-72.22056086457717,24.318371662631858,48.85305557250977,49.358073488871256,16.18000030517578,10.35927357989163
257,2021-07-09,WBA,46.709999084472656,47.5,46.68000030517578,42.4410514831543,7642100.0,4.0,-1.4484715384057836,50.454297570687935,41.21246192027886,38.59378201799114,-178.15290933315404,52.68021460259498,46.64785525004069,47.26716346740723,16.18000030517578,10.35927357989163
257,2021-07-09,WMT,140.41000366210938,140.83999633789062,139.92999267578125,135.5125274658203,5061800.0,4.0,0.09088057562127005,137.27355679227492,130.42597476290086,52.0583675820931,37.77855052132565,13.029108897096355,134.62520650227864,134.9154281616211,16.18000030517578,10.35927357989163
258,2021-07-12,AAPL,146.2100067138672,146.32000732421875,144.0,142.63365173339844,76299700.0,0.0,4.1316754997419025,144.8372933123629,124.02076027650426,65.38727459725476,155.73878100386275,52.100960775999226,130.96534856160483,129.26804847717284,16.170000076293945,12.916866810301
258,2021-07-12,AMGN,244.49000549316406,247.89999389648438,243.5399932861328,227.0778045654297,2149400.0,0.0,0.7295250299010263,230.26224934976372,220.22472117025583,51.36541409581549,103.34781828750887,19.303033051627875,223.88834737141926,227.37976633707683,16.170000076293945,12.916866810301
258,2021-07-12,AXP,170.07000732421875,174.10000610351562,169.8800048828125,168.46072387695312,3154100.0,0.0,2.76318690065267,168.57336325928188,154.16522621825717,62.71658162256736,197.70761474380862,26.56129205488486,160.51527048746746,154.71413752237956,16.170000076293945,12.916866810301
258,2021-07-12,BA,237.99000549316406,240.77000427246094,236.4600067138672,238.2899932861328,9071500.0,0.0,-1.6114876827808757,250.34043889522252,231.29556116581261,49.24844153694419,-70.23551501892771,18.916849015271154,244.10233306884766,239.27266642252604,16.170000076293945,12.916866810301
258,2021-07-12,CAT,216.02000427246094,218.9499969482422,214.85000610351562,208.08523559570312,2509000.0,0.0,-3.318907204005768,211.01816747380948,199.24145777033115,46.67148984404449,-37.326170974895795,11.298063759366022,212.15563252766927,218.03214848836262,16.170000076293945,12.916866810301
258,2021-07-12,CRM,247.22000122070312,247.25999450683594,241.85000610351562,242.91000366210938,5604500.0,0.0,3.0929383274070403,249.24948694738518,240.13051183191172,54.8712877537529,35.81797086552459,11.459348887141644,242.0729990641276,233.11516647338868,16.170000076293945,12.916866810301
258,2021-07-12,CSCO,54.040000915527344,54.040000915527344,53.130001068115234,49.73907470703125,14000600.0,0.0,0.15390902839338594,50.41534149344478,48.52448547188725,54.556056947283494,25.30780723827195,6.62126555267933,49.61341934204101,49.04596157073975,16.170000076293945,12.916866810301
258,2021-07-12,CVX,103.55999755859375,105.0199966430664,103.23999786376953,95.45902252197266,9898600.0,0.0,-0.6283350941790218,100.72594644650887,92.77720601931144,49.42882444514983,-76.95872106764051,24.382630700094808,97.30753631591797,96.37725639343262,16.170000076293945,12.916866810301
258,2021-07-12,DIS,177.7100067138672,184.99000549316406,177.3699951171875,184.3800048828125,21835500.0,0.0,0.1758096311468762,181.33675175240361,170.28524836966668,56.39388235907399,247.2534095938988,22.66319081155525,176.2480000813802,178.16666590372722,16.170000076293945,12.916866810301
258,2021-07-12,GS,370.30999755859375,384.0,367.3299865722656,358.636962890625,4135900.0,0.0,1.2261837376816516,361.86151591434805,331.6537459264723,57.121450744701264,40.22031053863498,16.599635533170535,351.3677571614583,342.5359578450521,16.170000076293945,12.916866810301
258,2021-07-12,HD,321.07000732421875,324.0,320.5299987792969,304.58294677734375,2521800.0,0.0,2.3682223695385574,310.71539834722284,284.0316933275818,56.3026895206058,116.83357374724162,8.00080148904012,296.54083353678385,300.82865142822266,16.170000076293945,12.916866810301
258,2021-07-12,HON,222.8800048828125,225.6999969482422,222.1300048828125,215.17471313476562,2066300.0,0.0,-0.25700550260035016,215.70335883261458,202.94538384316667,53.4916960792914,24.231519556034385,2.6584099804511094,212.57784067789714,213.93396555582683,16.170000076293945,12.916866810301
258,2021-07-12,IBM,135.2103271484375,135.71701049804688,133.9579315185547,120.65292358398438,3496360.0,0.0,-1.081796483248013,129.42132565328515,118.17831423929297,48.51056984120783,-124.35713047245056,37.369351889172336,124.66299057006836,123.23424657185872,16.170000076293945,12.916866810301
258,2021-07-12,INTC,56.2599983215332,56.7599983215332,56.11000061035156,52.782711029052734,15392800.0,0.0,-0.23637130932875294,54.03762281556539,50.96304132322856,48.600004273052605,-13.810254532804722,3.022393724129382,52.722237014770506,53.14979241689046,16.170000076293945,12.916866810301
258,2021-07-12,JNJ,169.72999572753906,171.17999267578125,168.5399932861328,159.56150817871094,7840500.0,0.0,0.9158927269695312,160.67594716361174,151.19579508492342,56.89414333685601,150.64514306619782,30.427069409893143,156.0162114461263,156.35891698201496,16.170000076293945,12.916866810301
258,2021-07-12,JPM,154.35000610351562,159.16000366210938,153.94000244140625,147.84129333496094,19940400.0,0.0,-0.6182815014670098,148.6555522821203,138.00142556211796,53.41858956715453,-0.5768844415986517,7.807685494208686,146.51187082926432,146.45160954793295,16.170000076293945,12.916866810301
258,2021-07-12,KO,54.31999969482422,54.599998474121094,54.27000045776367,50.92240905761719,15107600.0,0.0,-0.07999898866282251,51.71655615431725,49.95440522568763,52.79672723461094,-35.445138800117846,2.6633012046630706,51.12065633138021,50.7808645884196,16.170000076293945,12.916866810301
258,2021-07-12,MCD,234.58999633789062,236.24000549316406,234.5,224.21807861328125,2158600.0,0.0,0.4795280435677114,225.92965067337497,218.30406362105862,55.618656562661265,108.22552665539956,12.333409199039615,222.11812591552734,221.343918355306,16.170000076293945,12.916866810301
258,2021-07-12,MMM,198.10000610351562,201.4600067138672,197.89999389648438,180.89141845703125,2164000.0,0.0,-0.004617388184442461,183.60452606468147,173.01151397438105,52.97713717747855,10.6250500987556,5.469162111712076,180.23802083333334,180.52034378051758,16.170000076293945,12.916866810301
258,2021-07-12,MRK,77.55000305175781,78.43000030517578,77.38999938964844,72.27925872802734,11087900.0,0.0,0.9231976297905078,73.68134803504537,70.07935905723977,57.00798646341212,74.76180065000254,15.917049807158415,70.597922261556,69.57807248433431,16.170000076293945,12.916866810301
258,2021-07-12,MSFT,279.1600036621094,279.7699890136719,276.5799865722656,271.86480712890625,18931700.0,0.0,6.338428559859324,278.0681164458816,248.5272982880051,64.902360001506,117.49842772374598,47.08603032016008,257.748068745931,251.81183395385742,16.170000076293945,12.916866810301
258,2021-07-12,NKE,161.63999938964844,162.42999267578125,160.7100067138672,158.04367065429688,4992200.0,0.0,7.421753656761894,169.95381191030896,114.96329471810901,70.58988210555168,114.33944726279758,64.56447392164144,138.43746643066407,134.21133639017742,16.170000076293945,12.916866810301
258,2021-07-12,PG,136.89999389648438,137.47000122070312,136.42999267578125,129.70372009277344,6807300.0,0.0,0.5138701828389003,130.47219370214577,124.44656850488546,55.16783667740888,131.7079041195767,15.41596414202632,127.52306518554687,127.89574890136718,16.170000076293945,12.916866810301
258,2021-07-12,TRV,154.14999389648438,154.61000061035156,152.72000122070312,146.6220703125,1076400.0,0.0,-0.589961894809818,147.95795436586636,138.60071262632115,51.53375665064522,14.53557921167247,0.8863752781768524,145.44629923502603,147.19903081258138,16.170000076293945,12.916866810301
258,2021-07-12,UNH,411.0199890136719,416.3999938964844,410.30999755859375,403.3313903808594,2802600.0,0.0,3.0722795396769698,403.828745500038,376.3875875077745,60.89676864151718,155.84251963020895,34.55070338986686,390.1667826334635,391.09520009358727,16.170000076293945,12.916866810301
258,2021-07-12,V,237.5800018310547,238.50999450683594,237.27000427246094,233.99131774902344,7010700.0,0.0,2.1161186778333274,237.1552372796044,225.95816451482918,57.02104005337202,100.78626187530419,10.850409074781533,229.99852752685547,227.14753265380858,16.170000076293945,12.916866810301
258,2021-07-12,VZ,55.9900016784668,56.36000061035156,55.880001068115234,49.011253356933594,13451500.0,0.0,-0.10012513675346213,49.35463828175867,48.05764466196692,49.80386049291132,-44.962256561252794,20.118443774759044,48.8671765645345,49.34484971364339,16.170000076293945,12.916866810301
258,2021-07-12,WBA,47.349998474121094,48.13999938964844,46.95000076293945,42.56637191772461,7943100.0,0.0,-1.4716118396571147,49.98508857425041,40.987001574675375,39.03578870558497,-145.6119433622564,42.70411368476483,46.48403498331706,47.18195139567057,16.170000076293945,12.916866810301
258,2021-07-12,WMT,140.69000244140625,140.7899932861328,139.3300018310547,135.2710723876953,6505000.0,0.0,0.14117118270834794,137.1650961009615,130.46682681163614,51.60417003100995,29.45663592689625,6.951773992960055,134.57240549723306,134.92248407999674,16.170000076293945,12.916866810301
259,2021-07-13,AAPL,144.02999877929688,147.4600067138672,143.6300048828125,143.75894165039062,100827100.0,1.0,4.2669441461386555,146.0223951015639,124.33207724951033,66.3357029356044,149.83635278555823,55.03440403998635,131.65729446411132,129.46065305074055,17.1200008392334,15.48430358388725
259,2021-07-13,AMGN,245.38999938964844,246.75,242.97999572753906,227.50526428222656,1618200.0,1.0,0.7488553972853254,230.49986045222212,220.32535164494587,51.760382125404284,86.02082167287335,16.78964659285855,224.1017634073893,227.23891576131186,17.1200008392334,15.48430358388725
259,2021-07-13,AXP,174.0,174.74000549316406,172.4199981689453,167.50973510742188,2675000.0,1.0,2.867507630411808,169.38802671051087,154.2468503036493,61.618493564297204,192.07042327994338,28.213602388443036,160.93275756835936,155.0864517211914,17.1200008392334,15.48430358388725
259,2021-07-13,BA,232.27000427246094,234.49000549316406,228.16000366210938,228.1999969482422,21029500.0,1.0,-2.343360008420916,250.79885033773547,229.14314947915904,44.657727121600686,-153.58575828089369,32.62928105389154,243.4749994913737,238.9396664937337,17.1200008392334,15.48430358388725
259,2021-07-13,CAT,218.9600067138672,219.0500030517578,214.6999969482422,204.8580322265625,2373300.0,1.0,-3.1777865856340384,210.61945092537627,199.2765177025534,44.568434049448854,-42.17871769270371,11.709876649621817,211.33406880696614,217.76051712036133,17.1200008392334,15.48430358388725
259,2021-07-13,CRM,242.2899932861328,247.16000366210938,241.67999267578125,244.02000427246094,6699800.0,1.0,2.7815769415645377,249.0848492436477,240.0711505122117,55.55040417601899,39.029738449941114,10.872519660748296,242.27033233642578,233.31699981689454,17.1200008392334,15.48430358388725
259,2021-07-13,CSCO,53.34000015258789,53.58000183105469,53.20000076293945,49.82316589355469,9927400.0,1.0,0.15591201486796535,50.33332136682595,48.56212502904807,54.906516984282774,9.139448194418438,6.621265552679328,49.637908935546875,49.059753036499025,17.1200008392334,15.48430358388725
259,2021-07-13,CVX,104.0,104.58000183105469,103.22000122070312,95.13862609863281,6738000.0,1.0,-0.6334674734223142,100.47612380171465,92.65720291947675,48.951375235799524,-87.97435479900057,24.468981618482676,97.31180826822917,96.41105143229167,17.1200008392334,15.48430358388725
259,2021-07-13,DIS,184.08999633789062,185.6699981689453,181.83999633789062,183.64999389648438,12534600.0,1.0,0.7204894880297559,182.5632561513094,169.60574409283126,55.595974140832,276.7340889203367,24.566325627748263,176.41466674804687,178.10649922688802,17.1200008392334,15.48430358388725
259,2021-07-13,GS,381.05999755859375,385.3299865722656,372.010009765625,354.37664794921875,6466800.0,1.0,1.5249435280793477,362.24917830246005,331.5544960139462,55.310232671758534,42.708987103529275,18.161360773702107,351.49217122395834,343.0829798380534,17.1200008392334,15.48430358388725
259,2021-07-13,HD,322.44000244140625,323.2900085449219,316.8299865722656,300.1430358886719,3213800.0,1.0,2.0673809779726184,310.95688276878553,284.5219899118785,52.939682303626405,77.10183110759921,3.5482675734307736,296.5346354166667,300.681623840332,17.1200008392334,15.48430358388725
259,2021-07-13,HON,225.85000610351562,225.85000610351562,223.7100067138672,214.27581787109375,1417300.0,1.0,0.0076384030596727825,215.87466890718497,202.8610931167408,52.64870813606812,32.46761199781063,3.2561764956638455,212.36013488769532,213.8216229756673,17.1200008392334,15.48430358388725
259,2021-07-13,IBM,134.72274780273438,134.72274780273438,133.48948669433594,120.10497283935547,3309858.0,1.0,-1.1625482996082468,128.78465773556078,117.98020508792555,47.72309491304525,-133.37536095745747,39.099430865138274,124.56424433390299,123.3507745107015,17.1200008392334,15.48430358388725
259,2021-07-13,INTC,56.619998931884766,57.29999923706055,56.34000015258789,52.91297149658203,15716000.0,1.0,-0.17308576022801248,53.786682876177565,51.09116593974041,48.975254674754176,18.867616078895068,4.4506922580760495,52.71448338826497,53.03374360402425,17.1200008392334,15.48430358388725
259,2021-07-13,JNJ,168.97000122070312,169.75999450683594,168.6699981689453,159.36380004882812,4691200.0,1.0,0.9820491298130207,161.09818674715694,151.14073384610475,56.49547823459222,134.09042959004074,30.42706940989315,156.01683858235677,156.48501103719076,17.1200008392334,15.48430358388725
259,2021-07-13,JPM,156.0500030517578,157.38999938964844,153.5,145.6423797607422,22671700.0,1.0,-0.4910598322029216,148.50105621140682,138.0607418842963,50.879775657519474,-18.55507785965815,5.712425589037254,146.27329813639324,146.50195541381837,17.1200008392334,15.48430358388725
259,2021-07-13,KO,54.95000076293945,55.29999923706055,54.75,51.42714309692383,15170800.0,1.0,-0.020332564161698485,51.584424383006784,50.03699781242779,55.501429650382455,25.114572833706536,20.27549315331075,51.12512690226237,50.80799338022868,17.1200008392334,15.48430358388725
259,2021-07-13,MCD,235.66000366210938,237.47000122070312,235.1999969482422,224.7510223388672,1884600.0,1.0,0.6347014493713345,225.7594948682571,218.39713507559054,56.22000207193851,137.4074062453661,19.103115411963575,222.1904510498047,221.41323369344076,17.1200008392334,15.48430358388725
259,2021-07-13,MMM,200.08999633789062,201.1300048828125,199.14999389648438,180.5476837158203,1688300.0,1.0,0.06929057596926214,183.32660152650635,173.13023898863037,52.545768158286116,17.562089262388405,5.469162111712066,180.1342997233073,180.55759099324544,17.1200008392334,15.48430358388725
259,2021-07-13,MRK,77.4000015258789,77.7699966430664,77.23999786376953,72.3351821899414,6465800.0,1.0,0.857792501563793,73.63425358434995,70.32777339318912,57.15990783222308,61.933351180406746,13.688139290866882,70.77851969401041,69.64515139261881,17.1200008392334,15.48430358388725
259,2021-07-13,MSFT,277.5199890136719,282.8500061035156,277.3900146484375,275.4527893066406,26120100.0,1.0,6.451539642219188,279.4803102382912,249.1826139560447,66.8100995487346,126.37763071395996,52.94008275992061,258.77087860107423,252.1523457845052,17.1200008392334,15.48430358388725
259,2021-07-13,NKE,161.35000610351562,162.30999755859375,161.00999450683594,157.8190155029297,5747700.0,1.0,7.38242877984419,171.3983908373083,116.47116787851198,70.26825458562121,103.57386464767475,64.56447392164142,139.25558471679688,134.6597952524821,17.1200008392334,15.48430358388725
259,2021-07-13,PG,136.38999938964844,137.57000732421875,136.38999938964844,129.5429229736328,5603800.0,1.0,0.554845006686179,130.71070784749944,124.40288468179745,54.7584700839578,119.81183628618712,16.31910899288648,127.58989969889323,127.90508931477865,17.1200008392334,15.48430358388725
259,2021-07-13,TRV,153.57000732421875,154.67999267578125,152.67999267578125,145.57537841796875,1066400.0,1.0,-0.4328246276886887,147.91849858644508,138.61542780515646,50.36462347250442,12.517033429728883,0.5041918898980953,145.2617665608724,147.16590321858723,17.1200008392334,15.48430358388725
259,2021-07-13,UNH,416.3800048828125,419.69000244140625,415.7099914550781,405.7550048828125,2948900.0,1.0,3.6788968243053546,406.32133524638414,375.9150111891628,62.0126321288811,195.19238598944665,39.73287000508939,390.4292846679688,391.56307220458984,17.1200008392334,15.48430358388725
259,2021-07-13,V,238.25,242.47999572753906,238.25,238.39830017089844,8079200.0,1.0,2.3872850671860135,238.29977492288285,225.62714463278124,60.35425009719494,167.73494014852582,24.825265634822,230.49201456705728,227.41425145467122,17.1200008392334,15.48430358388725
259,2021-07-13,VZ,56.27000045776367,56.47999954223633,56.0,48.9588737487793,12511900.0,1.0,-0.07569578650581121,49.27235797170351,48.100228469336535,49.42943646012068,-33.01794333179078,16.243465903297842,48.873797225952146,49.32240886688233,17.1200008392334,15.48430358388725
259,2021-07-13,WBA,47.58000183105469,48.099998474121094,47.2599983215332,42.360477447509766,6540300.0,1.0,-1.489395830117246,49.60205894310836,40.73354858557816,38.56400314224776,-129.2585532498941,42.70411368476484,46.324690628051755,47.099520746866865,17.1200008392334,15.48430358388725
259,2021-07-13,WMT,139.99000549316406,141.17999267578125,139.94000244140625,135.78297424316406,6315900.0,1.0,0.21979934274037305,137.16844000581722,130.46541619535463,52.512835650859415,54.87197605909327,10.302851722577918,134.52572123209634,134.93085530598958,17.1200008392334,15.48430358388725
260,2021-07-14,AAPL,148.10000610351562,149.57000732421875,147.67999267578125,147.22360229492188,127050800.0,2.0,4.600680896057241,147.6863510471263,124.5939223903737,69.03790943288175,169.41786391446428,59.89401732398969,132.4755874633789,129.6998343149821,16.329999923706055,21.00497251063886
260,2021-07-14,AMGN,244.22000122070312,245.3300018310547,241.49000549316406,227.38446044921875,2185200.0,2.0,0.7458295343717225,230.6511386788874,220.62475243439386,51.63778139064194,56.9645308528574,10.187271419891795,224.44620157877605,227.09205373128256,16.329999923706055,21.00497251063886
260,2021-07-14,AXP,172.86000061035156,174.5500030517578,171.00999450683594,167.41268920898438,3123100.0,2.0,2.9088206931065486,170.09752460283224,154.18583873945292,61.50481228806172,155.5460815675396,21.76178630180466,161.22989908854166,155.48053894042968,16.329999923706055,21.00497251063886
260,2021-07-14,BA,229.02000427246094,230.52000427246094,224.3000030517578,224.4499969482422,12137000.0,2.0,-3.1892045939403317,251.2655883462305,226.46741183687496,43.11262988302804,-181.92424017780107,37.85407696281562,242.46566619873047,238.61133321126303,16.329999923706055,21.00497251063886
260,2021-07-14,CAT,215.25999450683594,215.63999938964844,211.22000122070312,201.47845458984375,3185200.0,2.0,-3.3006038432789353,210.12461591957754,199.02689470053963,42.49406165596868,-65.4596264454583,20.825319963007423,210.34654134114584,217.44788080851237,16.329999923706055,21.00497251063886
260,2021-07-14,CRM,244.5,246.14999389648438,239.8699951171875,242.42999267578125,6375700.0,2.0,2.3790954213936857,249.0918254211221,240.04917341920992,54.33868836774945,6.43217230863819,4.604857933573832,242.47799886067708,233.51583302815754,16.329999923706055,21.00497251063886
260,2021-07-14,CSCO,53.5,54.20000076293945,53.34000015258789,50.54267501831055,17113700.0,2.0,0.21310127046398009,50.47246301519597,48.48581564080989,57.78794685600465,72.99215912822328,7.345287291404964,49.69504330952962,49.084763018290204,16.329999923706055,21.00497251063886
260,2021-07-14,CVX,104.4800033569336,105.31999969482422,101.72000122070312,93.34442138671875,9216600.0,2.0,-0.7733970071311802,99.75975927940324,92.61103005775497,46.35735626744389,-110.73762655422233,30.805020609573702,97.16900405883788,96.41042124430338,16.329999923706055,21.00497251063886
260,2021-07-14,DIS,185.1999969482422,186.2899932861328,182.0800018310547,183.4199981689453,8787300.0,2.0,1.1206750217037325,183.72131361802843,169.20368638197158,55.34077464771806,258.7051016419014,26.333188749624064,176.5673334757487,178.03966598510743,16.329999923706055,21.00497251063886
260,2021-07-14,GS,378.75,381.7699890136719,371.3900146484375,352.887451171875,3295700.0,2.0,1.6228399909894051,362.5726710392086,331.5231907771976,54.68324438575194,28.546823866452893,17.0689571318797,351.23957010904945,343.5929702758789,16.329999923706055,21.00497251063886
260,2021-07-14,HD,318.75,320.05999755859375,318.010009765625,302.1973571777344,3381600.0,2.0,1.971996617577247,311.19249073596507,285.49528392223806,54.247744916990435,75.14900553213853,3.5482675734307634,296.67852986653645,300.5881408691406,16.329999923706055,21.00497251063886
260,2021-07-14,HON,224.1699981689453,228.75999450683594,224.1699981689453,217.8043670654297,2631800.0,2.0,0.4963731548707244,217.0107604907829,202.2289428783577,55.49669265175611,71.05895102678282,14.184110084152588,212.1950225830078,213.7861811319987,16.329999923706055,21.00497251063886
260,2021-07-14,IBM,134.53155517578125,134.5602264404297,132.8202667236328,119.71112823486328,4606061.0,2.0,-1.2439847817347953,128.17620435915714,117.771864641087,47.15394713186156,-131.3042309974785,41.5645045034433,124.4395268758138,123.46737124125163,16.329999923706055,21.00497251063886
260,2021-07-14,INTC,57.16999816894531,57.459999084472656,56.33000183105469,52.58732604980469,16263600.0,2.0,-0.1475079923253091,53.518351958770324,51.22272470138593,48.06771177024212,14.058239476363791,6.596642262735209,52.70300827026367,52.92952893575033,16.329999923706055,21.00497251063886
260,2021-07-14,JNJ,170.0,170.8300018310547,169.0399932861328,160.4464874267578,6162900.0,2.0,1.1090578501683694,161.69665104937525,151.10056727337866,58.1564821264625,152.45427844894985,36.6742470167156,156.17029876708983,156.62213261922201,16.329999923706055,21.00497251063886
260,2021-07-14,JPM,155.9499969482422,157.27999877929688,152.9499969482422,145.14642333984375,14622800.0,2.0,-0.42535208692859783,148.58526770855772,138.05410454486022,50.321751736145615,-20.756542949837016,3.036626388395525,145.96206359863282,146.55411478678386,16.329999923706055,21.00497251063886
260,2021-07-14,KO,55.02000045776367,56.349998474121094,54.959999084472656,52.58616638183594,22002700.0,2.0,0.11910404259612761,51.8766072182828,49.82426367710295,60.83262576669335,105.56803189747653,38.20423059104374,51.16854108174642,50.84949156443278,16.329999923706055,21.00497251063886
260,2021-07-14,MCD,237.02999877929688,239.0500030517578,236.63999938964844,225.66461181640625,1993200.0,2.0,0.8219219227890164,225.92989744772612,218.3009619272739,57.247262475764344,179.60053478321976,26.858724597317764,222.31384785970053,221.5178082784017,16.329999923706055,21.00497251063886
260,2021-07-14,MMM,200.5800018310547,203.17999267578125,200.00999450683594,183.4693603515625,2457700.0,2.0,0.359474261550929,183.7630970932462,172.89455061183196,55.71632876260413,61.7584959927483,14.466890053758183,180.1231435139974,180.64338251749675,16.329999923706055,21.00497251063886
260,2021-07-14,MRK,77.5999984741211,77.72000122070312,76.87999725341797,72.3445053100586,7163200.0,2.0,0.7975174790414883,73.58679949951618,70.55417874145063,57.185999832437446,53.37521900239077,8.343487906871907,70.9802963256836,69.70959332784017,16.329999923706055,21.00497251063886
260,2021-07-14,MSFT,282.3500061035156,283.6600036621094,280.54998779296875,276.9527282714844,23113700.0,2.0,6.586290867563093,280.72706408640346,250.30336041310827,67.57235946816947,130.91541256540125,54.35956612765113,259.91819051106773,252.55045903523762,16.329999923706055,21.00497251063886
260,2021-07-14,NKE,161.8699951171875,162.72999572753906,161.33999633789062,157.77017211914062,4928000.0,2.0,7.263592110277699,172.4076623181865,118.51396777824903,70.19632000610352,95.95154830465592,65.20241387525503,140.13555755615235,135.13570620218914,16.329999923706055,21.00497251063886
260,2021-07-14,PG,137.00999450683594,138.22999572753906,136.3699951171875,130.49815368652344,5903600.0,2.0,0.65682550951297,131.12821290659605,124.30032331776918,56.731577710945615,138.85481928587734,22.180879596793112,127.75068054199218,127.94037450154623,16.329999923706055,21.00497251063886
260,2021-07-14,TRV,153.35000610351562,154.77999877929688,152.80999755859375,147.04075622558594,1436600.0,2.0,-0.1878826744626565,147.89939654013887,138.62596814491974,51.943606155343254,30.802533281592744,0.07398304132053139,145.0885467529297,147.1819580078125,16.329999923706055,21.00497251063886
260,2021-07-14,UNH,420.7699890136719,422.5299987792969,413.3500061035156,402.07110595703125,3538700.0,2.0,3.8183697475352005,407.6904184217732,376.0893667344768,59.34955756946234,166.93069445008405,43.836295781392174,390.7364135742188,391.98838094075523,16.329999923706055,21.00497251063886
260,2021-07-14,V,243.22000122070312,246.80999755859375,242.82000732421875,241.97894287109375,8693400.0,2.0,2.858167153820517,240.2134046202823,224.99330161751067,62.780419802076004,248.30183505242587,36.441441506357435,231.12682545979817,227.75079828898112,16.329999923706055,21.00497251063886
260,2021-07-14,VZ,56.09000015258789,56.43000030517578,56.029998779296875,49.15963363647461,14821700.0,2.0,-0.03967831835880986,49.1881701398555,48.15530062430466,50.89323067919949,-21.870859646323254,16.243465903297853,48.89027493794759,49.30173155466716,16.329999923706055,21.00497251063886
260,2021-07-14,WBA,47.41999816894531,47.599998474121094,46.4900016784668,41.96659851074219,7219100.0,2.0,-1.517776526087495,49.191233275260544,40.48551271167793,37.66317904618896,-130.1572422444557,47.42670069800397,46.14684588114421,47.00327714284261,16.329999923706055,21.00497251063886
260,2021-07-14,WMT,140.7100067138672,141.8000030517578,139.8300018310547,136.71987915039062,6270700.0,2.0,0.35363661920817435,137.43679533207018,130.34677400386732,54.143008950656956,78.76372529250987,15.476002747285742,134.52218017578124,134.969273630778,16.329999923706055,21.00497251063886
261,2021-07-15,AAPL,149.24000549316406,150.0,147.08999633789062,146.56224060058594,106820300.0,3.0,4.756967947914717,148.89164719244218,125.1979508910539,67.96067980665043,149.43531700750682,54.89048703526371,133.2461700439453,129.9564052581787,17.010000228881836,19.892522051724402
261,2021-07-15,AMGN,244.3300018310547,247.57000732421875,242.13999938964844,229.17788696289062,2106700.0,3.0,0.8780247250956279,231.0062960460222,220.924706761595,53.335283638382435,91.27685801450117,17.667210202676358,224.80148010253907,226.92633005777995,17.010000228881836,19.892522051724402
261,2021-07-15,AXP,171.13999938964844,173.25999450683594,171.10000610351562,167.73294067382812,3448200.0,3.0,2.9335866489021214,170.77768767494092,154.34008118492238,61.74574447080921,131.87163892819893,21.761786301804648,161.5260991414388,155.93545405069986,17.010000228881836,19.892522051724402
261,2021-07-15,BA,222.8800048828125,226.6699981689453,220.8000030517578,222.75999450683594,12228600.0,3.0,-3.950374140953045,252.1003831429048,223.6816160636382,42.428255574018564,-196.87054945711196,42.19896073004447,241.37033284505208,238.42299982706706,17.010000228881836,19.892522051724402
261,2021-07-15,CAT,210.27999877929688,213.38999938964844,210.1199951171875,201.25949096679688,2737500.0,3.0,-3.3766816550297847,209.9420573935915,198.66205790181866,42.361911494790554,-75.1029314537251,23.494265669583015,209.32950134277343,217.20677897135417,17.010000228881836,19.892522051724402
261,2021-07-15,CRM,241.22000122070312,242.02999877929688,235.82000732421875,237.5800018310547,7912600.0,3.0,1.649754841949516,249.76007212423593,238.8999269602367,50.839414189261674,-90.70273734463359,7.854487902999116,242.57666575113933,233.67616628011066,17.010000228881836,19.892522051724402
261,2021-07-15,CSCO,53.84000015258789,53.869998931884766,53.2400016784668,50.131534576416016,14952400.0,3.0,0.22268163466341662,50.53900623753184,48.47068461940175,55.6846203962019,30.082058141377043,4.974485331395686,49.727956008911136,49.119314448038736,17.010000228881836,19.892522051724402
261,2021-07-15,CVX,101.05000305175781,102.25,100.8499984741211,92.7311019897461,9665700.0,3.0,-0.9231405309392926,99.1102930325018,92.49429757418764,45.50464510979675,-152.14042596715583,34.22592031429153,96.96212158203124,96.42865893046061,17.010000228881836,19.892522051724402
261,2021-07-15,DIS,183.4499969482422,185.4199981689453,183.0500030517578,184.14999389648438,7867000.0,3.0,1.4796727483266068,184.90568632883387,168.9683126946036,56.0038681386674,231.96377875153226,26.333188749624064,176.8056666056315,178.0623326619466,17.010000228881836,19.892522051724402
261,2021-07-15,GS,371.239990234375,378.75,370.57000732421875,351.89776611328125,2183900.0,3.0,1.6020963604927942,362.7937709906773,331.5235874077602,54.260376284604504,17.53766904448448,15.558519549537985,350.9225616455078,344.26197102864586,17.010000228881836,19.892522051724402
261,2021-07-15,HD,317.3800048828125,322.9599914550781,317.3599853515625,305.5011901855469,2603900.0,3.0,2.138346015411173,311.25622277577037,287.3182736841906,56.26995637446834,92.48138907873131,5.50204785522764,296.97767842610676,300.59508158365884,17.010000228881836,19.892522051724402
261,2021-07-15,HON,230.0,233.42999267578125,229.0399932861328,222.6238555908203,5546800.0,3.0,1.258088946436203,219.68160962432984,200.8796284738147,58.98249724829893,142.4085391969393,28.114015628186102,212.26100413004556,213.88883107503256,17.010000228881836,19.892522051724402
261,2021-07-15,IBM,133.193115234375,134.28298950195312,132.69598388671875,120.25050354003906,3807126.0,3.0,-1.2505847387517122,127.70616584180905,117.61004128099367,48.032002384519004,-116.94159181424367,42.03032157272103,124.2891242980957,123.5218329111735,17.010000228881836,19.892522051724402
261,2021-07-15,INTC,56.400001525878906,56.400001525878906,55.56999969482422,51.92673110961914,18917000.0,3.0,-0.1784844600821458,53.392225017333224,51.21766267797927,46.268471731458504,-69.34483492555115,4.3151068404285855,52.6512149810791,52.828637568155926,17.010000228881836,19.892522051724402
261,2021-07-15,JNJ,169.3000030517578,169.89999389648438,167.72000122070312,158.5164337158203,6656900.0,3.0,1.0419628723644223,161.90717713214863,151.26098082683572,54.33110409138197,93.15653184517056,22.203961315178443,156.23839823404947,156.66798553466796,17.010000228881836,19.892522051724402
261,2021-07-15,JPM,153.89999389648438,156.52999877929688,153.6999969482422,145.46461486816406,11539300.0,3.0,-0.34364154250948786,148.595973785209,138.05138644428317,50.68075007918531,-14.730508206018504,3.036626388395521,145.66112467447917,146.6639862060547,17.010000228881836,19.892522051724402
261,2021-07-15,KO,56.2400016784668,56.470001220703125,55.90999984741211,52.75442123413086,15068200.0,3.0,0.24041397579349422,52.26518391475117,49.60112925663555,61.524866936678904,137.86690426132694,39.85661701124809,51.2107603708903,50.89116560618083,17.010000228881836,19.892522051724402
261,2021-07-15,MCD,236.58999633789062,237.38999938964844,234.9199981689453,225.42669677734375,2165800.0,3.0,0.9402590208088384,226.1693660248878,218.1852085600731,56.887664712982364,113.65742084432422,14.12646866899975,222.412185160319,221.59948857625326,17.010000228881836,19.892522051724402
261,2021-07-15,MMM,201.42999267578125,202.77000427246094,200.52999877929688,183.25225830078125,2138700.0,3.0,0.5654108970691141,184.44634492329146,172.72508452006792,55.431637685121025,62.709922984469046,14.466890053758178,180.10203806559244,180.72989603678386,17.010000228881836,19.892522051724402
261,2021-07-15,MRK,77.62000274658203,78.04000091552734,77.20999908447266,72.60546875,7041300.0,3.0,0.7620225366157456,73.63076485394743,70.63044425249788,57.92797947902451,64.87365947152954,12.262697806642512,71.17049128214518,69.76501121520997,17.010000228881836,19.892522051724402
261,2021-07-15,MSFT,282.0,282.510009765625,279.8299865722656,275.5018005371094,22604200.0,3.0,6.50106422065943,281.1681229416146,252.18077537381504,66.05428326914853,115.09072721596358,50.05872288292931,261.0204055786133,252.93221435546874,17.010000228881836,19.892522051724402
261,2021-07-15,NKE,160.86000061035156,162.1999969482422,160.38999938964844,157.9167022705078,6432500.0,3.0,7.099399493942627,173.06493551620125,120.9126760255468,70.29070769697378,86.51912762691666,58.31127087561163,141.03148396809897,135.7027566274007,17.010000228881836,19.892522051724402
261,2021-07-15,PG,138.00999450683594,139.25999450683594,137.6999969482422,131.61416625976562,7357100.0,3.0,0.8182662168921411,131.69222242723336,124.33971955885065,58.89808244784005,188.03761955653061,30.323311348258652,127.93037745157878,127.97640431722006,17.010000228881836,19.892522051724402
261,2021-07-15,TRV,152.7100067138672,155.75,152.4499969482422,148.0398712158203,1358700.0,3.0,0.08586600804892441,148.42345777778584,138.36738694877667,52.9982105117678,50.10684891257942,5.698719046739396,144.97039337158202,147.19337488810223,17.010000228881836,19.892522051724402
261,2021-07-15,UNH,411.9100036621094,421.7300109863281,407.20001220703125,407.2188720703125,3546500.0,3.0,4.294777229216038,409.7752604610865,376.3554127566869,61.725557333917976,144.9347679396653,24.252697238655553,391.24314778645834,392.39178670247395,17.010000228881836,19.892522051724402
261,2021-07-15,V,245.30999755859375,248.8000030517578,245.30999755859375,244.49717712402344,10135100.0,3.0,3.3954049438240475,242.1640045031302,224.90680085575653,64.36690659833533,257.66413500557877,40.925979397449346,231.74622497558593,228.1704065958659,17.010000228881836,19.892522051724402
261,2021-07-15,VZ,56.31999969482422,56.599998474121094,56.2400016784668,49.36039352416992,12813900.0,3.0,0.0050077040609224355,49.290425113447775,48.10011252998485,52.32091887344276,12.030344578519273,10.474274558511794,48.9056760152181,49.28440024058024,17.010000228881836,19.892522051724402
261,2021-07-15,WBA,46.689998626708984,47.040000915527344,46.130001068115234,41.40262222290039,6194700.0,3.0,-1.5677050769337555,48.91106586781243,40.133674046128,36.403605225451216,-128.83034913088414,49.50672388999921,45.920660400390624,46.904290453592935,17.010000228881836,19.892522051724402
261,2021-07-15,WMT,142.0,142.63999938964844,141.08999633789062,136.82611083984375,5991600.0,3.0,0.4629391601098689,137.8182924401138,130.40088785773776,54.326916561530304,109.79944082157849,21.991680190042853,134.53216044108072,134.99214452107748,17.010000228881836,19.892522051724402
262,2021-07-16,AAPL,148.4600067138672,149.75999450683594,145.8800048828125,144.49923706054688,93251400.0,4.0,4.660634524404912,149.5836135013184,125.94712685512694,64.70285094156367,124.90212448481203,44.946753140247424,133.99799830118815,130.17218742370605,18.450000762939453,14.90041654019526
262,2021-07-16,AMGN,248.0800018310547,249.52999877929688,246.5399932861328,230.4137725830078,3141400.0,4.0,1.070179642223735,231.59584364749256,221.00421128414806,54.47442477159385,150.15087946869713,23.61730545458461,225.17998962402345,226.78674138387044,18.450000762939453,14.90041654019526
262,2021-07-16,AXP,173.74000549316406,173.7899932861328,169.5399932861328,164.97702026367188,4359800.0,4.0,2.699713485836014,170.79779467485224,155.12559094526495,58.487026903705676,94.04485595429895,14.47881940023003,161.7175308227539,156.31088511149088,18.450000762939453,14.90041654019526
262,2021-07-16,BA,223.11000061035156,224.0,217.02999877929688,217.74000549316406,12413400.0,4.0,-4.902168503481533,253.61476323469313,220.01923639909594,40.4549274720241,-213.35536585612556,46.50535073102632,240.28433278401693,238.11999994913737,18.450000762939453,14.90041654019526
262,2021-07-16,CAT,212.4600067138672,212.6999969482422,207.00999450683594,197.9656219482422,4368800.0,4.0,-3.6605648576818908,210.16097690515025,198.3003390128185,40.40645647322216,-100.5496130717993,30.567902853432074,208.19060719807942,216.83448944091796,18.450000762939453,14.90041654019526
262,2021-07-16,CRM,238.3000030517578,240.8800048828125,237.77000427246094,238.42999267578125,7288100.0,4.0,1.1273390725403942,250.0659811536786,237.9940179307941,51.40675149243337,-94.24364539530998,7.854487902999112,242.829665629069,233.80733286539714,18.450000762939453,14.90041654019526
262,2021-07-16,CSCO,53.880001068115234,54.40999984741211,53.650001525878906,50.178253173828125,14144900.0,4.0,0.23137677524384515,50.620205223054356,48.477120674162435,55.87341630562958,72.30202642771722,15.719438658961685,49.75098126729329,49.15247917175293,18.450000762939453,14.90041654019526
262,2021-07-16,CVX,101.62999725341797,101.69000244140625,98.33000183105469,90.27779388427734,12199100.0,4.0,-1.2256463254595218,99.37904500959355,91.45202417375604,42.28603135238606,-193.01718360411888,42.95775319491072,96.68841349283854,96.38490664164225,18.450000762939453,14.90041654019526
262,2021-07-16,DIS,184.94000244140625,185.2899932861328,178.9199981689453,179.30999755859375,8348800.0,4.0,1.35797983199339,185.12963204402783,169.2103673456206,50.82766069671344,123.19678271394966,7.217385793450952,176.90799967447916,177.99899927775064,18.450000762939453,14.90041654019526
262,2021-07-16,GS,374.92999267578125,374.92999267578125,363.8299865722656,343.8390808105469,2583300.0,4.0,0.9247286331278133,362.7404742937131,331.88792841624786,50.9420613170902,-33.899405540877375,3.7923871220142082,350.171044921875,344.743586730957,18.450000762939453,14.90041654019526
262,2021-07-16,HD,324.0,326.2799987792969,321.3999938964844,304.3935852050781,3623700.0,4.0,2.1559521717916823,310.8142552743669,289.5040155996566,55.42043548048359,108.19164836512134,14.633009218038225,297.2967061360677,300.5523274739583,18.450000762939453,14.90041654019526
262,2021-07-16,HON,232.19000244140625,233.86000061035156,229.6199951171875,220.25234985351562,3592800.0,4.0,1.6513576821918434,221.19414359920395,200.70966499454605,56.72097470234528,133.33697471280405,29.244498866101175,212.2970225016276,213.90164794921876,18.450000762939453,14.90041654019526
262,2021-07-16,IBM,134.7992401123047,134.7992401123047,132.49522399902344,118.92343139648438,4298328.0,4.0,-1.347367272210903,127.58945488536132,117.15310874378908,46.083153297357846,-112.06261858455147,37.17490548028463,124.09933802286784,123.4781130472819,18.450000762939453,14.90041654019526
262,2021-07-16,INTC,56.04999923706055,56.93000030517578,54.900001525878906,51.14517593383789,25263800.0,4.0,-0.2630660433148435,53.32090827396446,51.08335693904823,44.24165410717852,-94.80027316640644,12.733353250753954,52.61182708740235,52.699308204650876,18.450000762939453,14.90041654019526
262,2021-07-16,JNJ,168.33999633789062,169.08999633789062,167.9499969482422,158.26226806640625,5834900.0,4.0,0.9572460388340858,162.06999070817758,151.36931135481072,53.84857757492666,77.92761791005287,22.20396131517844,156.30304718017578,156.70788701375326,18.450000762939453,14.90041654019526
262,2021-07-16,JPM,155.9600067138672,156.27999877929688,151.02000427246094,142.14283752441406,14002700.0,4.0,-0.5406922540185803,148.57921837575657,138.16353980295435,47.01182812749755,-49.99915634208322,9.691179715029168,145.2460484822591,146.69880243937175,18.450000762939453,14.90041654019526
262,2021-07-16,KO,56.459999084472656,56.68000030517578,56.2599983215332,52.71703338623047,14860500.0,4.0,0.3297351039555778,52.545666824997475,49.45617796260019,61.27591877402507,143.47953139264277,42.72167297190016,51.24740422566732,50.92541319529216,18.450000762939453,14.90041654019526
262,2021-07-16,MCD,237.7899932861328,237.8800048828125,234.3800048828125,223.39968872070312,1680900.0,4.0,0.8605594204848046,226.24501044967522,218.19235832473882,53.90341361258985,78.17788797684229,10.407629427148212,222.48514556884766,221.6592160542806,18.450000762939453,14.90041654019526
262,2021-07-16,MMM,203.1199951171875,203.2100067138672,198.91000366210938,180.33963012695312,2474100.0,4.0,0.4879674278726327,184.6025225703377,172.9515286381584,51.7610246245214,35.44892069665146,5.407082634745784,179.9723866780599,180.72925415039063,18.450000762939453,14.90041654019526
262,2021-07-16,MRK,78.01000213623047,78.37999725341797,77.62999725341797,72.71731567382812,7638200.0,4.0,0.7344513530078842,73.68812090061516,70.64671796657234,58.248785808385435,77.22464193466108,16.32631209634323,71.31774876912435,69.81259384155274,18.450000762939453,14.90041654019526
262,2021-07-16,MSFT,282.07000732421875,284.1000061035156,279.4599914550781,275.22735595703125,26186800.0,4.0,6.338311989823808,281.66306032114966,253.63178983754167,65.76518024456036,110.18087900499577,53.140786820441676,262.1654296875,253.27157745361328,18.450000762939453,14.90041654019526
262,2021-07-16,NKE,161.6199951171875,161.6999969482422,159.63999938964844,156.11962890625,6603700.0,4.0,6.746497437910932,172.87919560868588,124.11923502485902,67.57553758133385,75.81920045868812,52.92777969717448,141.8675079345703,136.19453264872234,18.450000762939453,14.90041654019526
262,2021-07-16,PG,139.3000030517578,140.77999877929688,139.11000061035156,132.89096069335938,9346300.0,4.0,1.037278677867448,132.53935029566432,124.10923445165011,61.19752798455034,230.74031815410774,40.19472002118501,128.07728754679363,128.04781061808268,18.450000762939453,14.90041654019526
262,2021-07-16,TRV,156.07000732421875,156.9499969482422,154.77999877929688,148.8105926513672,1387700.0,4.0,0.36084499338741693,149.25574418474864,138.25065535138415,53.8071542556478,92.2125955118593,12.231999874601373,144.85269826253256,147.19161631266277,18.450000762939453,14.90041654019526
262,2021-07-16,UNH,421.3599853515625,422.2900085449219,417.6400146484375,406.8795471191406,2625400.0,4.0,4.592018966858575,411.4162461634479,377.0217207554974,61.480516270975514,166.07590543609294,25.24341197693227,391.67063496907554,392.7528325398763,18.450000762939453,14.90041654019526
262,2021-07-16,V,249.99000549316406,250.4600067138672,247.52000427246094,244.07420349121094,8674500.0,4.0,3.7438821824477486,243.78706072137152,224.85470105841364,63.89368630325233,241.22682048256613,44.42268968244868,232.40234883626303,228.51469802856445,18.450000762939453,14.90041654019526
262,2021-07-16,VZ,56.68000030517578,56.790000915527344,56.40999984741211,49.28184127807617,11637900.0,4.0,0.033694776592433584,49.369286626206176,48.06995707191395,51.71237567174911,30.204181782306705,4.290283208042914,48.90896402994792,49.26935628255208,18.450000762939453,14.90041654019526
262,2021-07-16,WBA,46.380001068115234,46.56999969482422,45.86000061035156,41.19672775268555,5410600.0,4.0,-1.6053819326061287,48.64619304101032,39.79071110327679,35.94955152176422,-123.19350879065156,51.059110064718304,45.659562555948895,46.79136969248454,18.450000762939453,14.90041654019526
262,2021-07-16,WMT,141.6999969482422,142.1300048828125,140.9499969482422,136.72952270507812,6031800.0,4.0,0.5355943576428785,138.14277178942916,130.4473023682857,54.12275827254253,98.18764722470087,20.338964068760344,134.53087259928387,135.00683110555013,18.450000762939453,14.90041654019526
263,2021-07-19,AAPL,143.75,144.07000732421875,141.6699981689453,140.61013793945312,121434600.0,0.0,4.221805450463478,149.44243463759463,127.27181859726866,59.17121796502825,70.3062173083342,17.008131648118816,134.54286829630533,130.3487720489502,22.5,24.96249464372047
263,2021-07-19,AMGN,247.8000030517578,249.9499969482422,244.85000610351562,229.27081298828125,2529900.0,0.0,1.117356323104076,231.67737495489934,221.67071922234675,53.231252138536924,122.1823948975269,15.897304552744895,225.48601888020832,226.6854670206706,22.5,24.96249464372047
263,2021-07-19,AXP,165.64999389648438,166.3800048828125,161.47999572753906,157.9901580810547,6739800.0,0.0,1.9283570331300837,169.9766584367324,156.43693714432226,51.375907669007375,-69.06094760326837,13.948022791073761,161.66058197021485,156.5701909383138,22.5,24.96249464372047
263,2021-07-19,BA,211.17999267578125,211.5500030517578,204.8000030517578,206.99000549316406,24123600.0,0.0,-6.449561026790349,256.73955200861906,213.85844756413482,36.676106602407906,-284.4257053313566,57.488608792221065,238.85333302815755,237.66433334350586,22.5,24.96249464372047
263,2021-07-19,CAT,202.27000427246094,203.75,199.22999572753906,194.366943359375,5391100.0,0.0,-4.128338708926577,211.0291958966617,196.985620387518,38.40292320717837,-183.98458230772115,44.33173147629381,206.9260452270508,216.45861002604167,22.5,24.96249464372047
263,2021-07-19,CRM,236.50999450683594,238.5,234.30999755859375,237.5500030517578,8843000.0,0.0,0.6349931968984492,250.45103490997855,237.08596460174022,50.77913242766559,-152.5554563604418,17.452829407072517,242.83199920654297,233.91066614786783,22.5,24.96249464372047
263,2021-07-19,CSCO,53.66999816894531,53.70000076293945,52.72999954223633,49.58022689819336,19925300.0,0.0,0.18784663518935218,50.51339416525889,48.71012687661123,52.88966481931826,-30.246470960992,4.041430084043127,49.7311829884847,49.18232727050781,22.5,24.96249464372047
263,2021-07-19,CVX,95.81999969482422,96.94999694824219,94.5199966430664,87.8427963256836,17385500.0,0.0,-1.6429296298237688,100.29638942985471,89.88748431892458,39.42296072077728,-269.7591800844463,53.03447210141902,96.30729751586914,96.32740008036295,22.5,24.96249464372047
263,2021-07-19,DIS,175.7100067138672,176.47999572753906,172.16000366210938,172.9499969482422,14651800.0,0.0,0.7398103493453903,185.09282339719917,169.30017587037898,45.154442187301996,-80.3071850615541,15.22636208458933,176.76699981689453,177.83549931844075,22.5,24.96249464372047
263,2021-07-19,GS,354.0,355.19000244140625,349.0,334.3382263183594,4394600.0,0.0,-0.37441371826577097,361.76306979813927,333.4204934342826,47.40622687090271,-160.31309678881001,16.261559375984813,349.0170593261719,345.13605448404945,22.5,24.96249464372047
263,2021-07-19,HD,317.989990234375,319.0,314.9100036621094,301.8659973144531,3752600.0,0.0,1.9435459705950962,309.4268615289218,292.4307037786954,53.51320545413201,39.81779848945837,4.624482246751015,297.54473470052085,300.5379201253255,22.5,24.96249464372047
263,2021-07-19,HON,225.6699981689453,226.61000061035156,220.00999450683594,211.00547790527344,6107100.0,0.0,1.2030131153920252,220.91390202533165,201.77020747173867,49.12362535667464,9.369278893920086,6.0511998109681375,211.99771881103516,213.780029296875,22.5,24.96249464372047
263,2021-07-19,IBM,130.44932556152344,132.3996124267578,130.21987915039062,118.08438110351562,8977086.0,0.0,-1.4747722175544027,127.70600192350057,116.59134762483927,44.891824896627625,-136.04430404759017,45.89002005437321,123.82821477254232,123.45244318644205,22.5,24.96249464372047
263,2021-07-19,INTC,54.40999984741211,54.810001373291016,53.970001220703125,50.838134765625,27007700.0,0.0,-0.35082907444217426,53.41874300802125,50.88968899881469,43.46780296114619,-187.03476502478813,22.80992684807763,52.52715886433919,52.58227717081706,22.5,24.96249464372047
263,2021-07-19,JNJ,166.47999572753906,168.19000244140625,165.32000732421875,157.11366271972656,8219700.0,0.0,0.7883370272009813,161.91891609531035,151.98171104092012,51.701949485817124,25.80524437075099,1.5315073819151925,156.33160502115885,156.75063298543293,22.5,24.96249464372047
263,2021-07-19,JPM,148.5500030517578,149.82000732421875,145.7100067138672,137.52044677734375,22172900.0,0.0,-1.057652702927129,148.59686270226027,138.13630532752487,42.57502883096814,-158.59581165509599,28.418892617058432,144.66851959228515,146.7057322184245,22.5,24.96249464372047
263,2021-07-19,KO,56.08000183105469,56.349998474121094,55.15999984741211,52.09077453613281,19527000.0,0.0,0.3460004088730031,52.66891403133819,49.51613082950165,57.261111676150485,81.60913407642245,12.66872862583042,51.244618606567386,50.95185159047445,22.5,24.96249464372047
263,2021-07-19,MCD,232.50999450683594,233.32000732421875,226.4199981689453,218.1751251220703,3774900.0,0.0,0.37153546455101605,226.29650720620126,218.10660253500967,47.288948686653775,-155.6650646279226,27.049703827619982,222.35445251464844,221.6208257039388,22.5,24.96249464372047
263,2021-07-19,MMM,197.7899932861328,198.5399932861328,195.11000061035156,178.702392578125,3146300.0,0.0,0.291125618448973,184.2755738715193,173.817585613344,49.84180547294223,-37.835682513658895,12.047893648115204,179.71639912923177,180.70102615356444,22.5,24.96249464372047
263,2021-07-19,MRK,77.80999755859375,78.33999633789062,76.1500015258789,71.81324768066406,9830600.0,0.0,0.6323607982705965,73.67594391912131,70.69990370661112,54.75743898171769,29.448174579665142,4.298768225593071,71.4287099202474,69.86377258300782,22.5,24.96249464372047
263,2021-07-19,MSFT,278.92999267578125,280.3699951171875,274.45001220703125,271.5609130859375,32935600.0,0.0,5.846088309397203,281.12578497196284,255.89248285030283,62.01410601165125,73.14520450630765,26.786136078471362,263.02223815917966,253.605419921875,22.5,24.96249464372047
263,2021-07-19,NKE,158.14999389648438,158.82000732421875,156.60000610351562,154.18582153320312,7377100.0,0.0,6.238860225359105,171.85302669295453,128.02265232315875,64.78957719899812,58.83082735967866,33.288722579958836,142.65307057698567,136.66577491760253,22.5,24.96249464372047
263,2021-07-19,PG,140.32000732421875,141.8699951171875,138.80999755859375,132.8247528076172,9544100.0,0.0,1.191767256944246,133.06409937160743,124.37988179904686,61.01442073799837,210.39464127800042,46.05339826579088,128.2188387552897,128.13939272562664,22.5,24.96249464372047
263,2021-07-19,TRV,153.92999267578125,155.10000610351562,149.72000122070312,143.92921447753906,1947800.0,0.0,0.18277448662774987,148.7826492156987,139.34224549865678,48.35448716240717,0.6270933688593844,14.475729850764507,144.60383148193358,147.1323148091634,22.5,24.96249464372047
263,2021-07-19,UNH,417.239990234375,419.5299987792969,406.80999755859375,396.5645751953125,3611300.0,0.0,3.949723206508395,410.47218239729483,379.87464072282233,54.65718271844499,76.99837822272741,1.413295424273213,391.8289855957031,392.97850545247394,22.5,24.96249464372047
263,2021-07-19,V,243.99000549316406,244.4499969482422,238.89999389648438,236.48992919921875,11474600.0,0.0,3.3692270021513195,243.59920950082596,226.0262452110881,56.22603778205125,90.23764639900796,8.705512567982286,232.73910013834634,228.73061981201172,22.5,24.96249464372047
263,2021-07-19,VZ,56.16999816894531,56.439998626708984,55.310001373291016,48.74066162109375,21958500.0,0.0,0.01261539039381887,49.34589477615179,48.14922164840876,47.75387449430735,-86.12025510329501,28.91546474128101,48.88500531514486,49.25766480763753,22.5,24.96249464372047
263,2021-07-19,WBA,45.939998626708984,46.09000015258789,45.09000015258789,40.802852630615234,7601200.0,0.0,-1.6480261234820404,48.61718797025183,39.348845583825316,35.083579524292276,-124.15640806253991,55.253029056732416,45.38294843037923,46.69362907409668,22.5,24.96249464372047
263,2021-07-19,WMT,141.41000366210938,142.97999572753906,139.77000427246094,136.41078186035156,9127700.0,0.0,0.5609876859581675,138.11559451915886,131.05980068347785,53.43721796106644,89.81063422224982,7.247933188750048,134.5109100341797,135.0407391866048,22.5,24.96249464372047
264,2021-07-20,AAPL,143.4600067138672,147.10000610351562,142.9600067138672,144.26234436035156,96350000.0,1.0,4.121225856872059,149.79063402221902,128.29072889282003,62.30216625610811,91.61025850731434,27.725860663057926,135.20914942423502,130.54713910420736,19.729999542236328,33.38793826074551
264,2021-07-20,AMGN,247.27000427246094,250.38999938964844,245.7100067138672,229.41946411132812,3035200.0,1.0,1.153442913972981,231.8549303028957,222.11110668440898,53.37441279336722,129.28708020821375,17.334115949526247,225.78647206624348,226.55621948242188,19.729999542236328,33.38793826074551
264,2021-07-20,AXP,162.94000244140625,169.5800018310547,162.57000732421875,163.8707733154297,4243700.0,1.0,1.7711512608675264,169.9773820369563,156.86310715982106,56.03061763427944,3.9663678700051097,3.0843978195327955,161.7699717203776,156.9731585184733,19.729999542236328,33.38793826074551
264,2021-07-20,BA,208.10000610351562,217.3699951171875,206.6199951171875,217.14999389648438,17027300.0,1.0,-6.777922919980682,256.2473567477937,211.53764233667894,41.975255469317155,-202.29124940608415,42.59546631308418,237.66966603597004,237.31049982706705,19.729999542236328,33.38793826074551
264,2021-07-20,CAT,203.0399932861328,208.6300048828125,202.30999755859375,199.03759765625,3934300.0,1.0,-4.07519379138833,211.16706174650872,196.4542044278077,42.24771548259761,-135.53661044112408,27.398229265879,205.95235443115234,216.12487513224283,19.729999542236328,33.38793826074551
264,2021-07-20,CRM,238.6999969482422,243.17999267578125,236.27000427246094,240.11000061035156,8487000.0,1.0,0.44623206599104037,250.4177868651972,236.68221313480282,52.52350741390004,-79.99622538223277,2.078745042907235,242.89766591389974,234.0206662495931,19.729999542236328,33.38793826074551
264,2021-07-20,CSCO,53.279998779296875,53.93000030517578,53.189998626708984,50.06612777709961,17250200.0,1.0,0.19036244588345141,50.56218419564717,48.73311991201884,54.91340848144957,28.559899193131596,0.49932068163227644,49.732221349080405,49.21393248240153,19.729999542236328,33.38793826074551
264,2021-07-20,CVX,95.88999938964844,98.04000091552734,95.05000305175781,88.36458587646484,12114600.0,1.0,-1.9095139111884407,100.57086513112186,88.7415379755676,40.3187241706739,-221.1368338735991,45.19065612806933,95.96493377685547,96.26954638163248,19.729999542236328,33.38793826074551
264,2021-07-20,DIS,173.6999969482422,177.50999450683594,172.8699951171875,176.75,8372400.0,1.0,0.5501927890138631,185.08926691367665,169.58173223183118,48.69398917808145,-27.654209180435494,11.427304680169351,176.75899963378907,177.7309992472331,19.729999542236328,33.38793826074551
264,2021-07-20,GS,352.2699890136719,367.30999755859375,351.5400085449219,343.8013610839844,2937900.0,1.0,-0.633099525452792,361.33829401539987,334.52578374338924,50.916542521203006,-79.87362465226188,0.5287040747138525,348.28187764485676,345.5531641642253,19.729999542236328,33.38793826074551
264,2021-07-20,HD,318.5,326.1300048828125,318.2699890136719,308.00048828125,4251700.0,1.0,2.2443432864322403,309.5042450196509,294.03367612292726,57.210357579222325,98.20413549385694,12.615403588455287,298.03038126627604,300.5876149495443,19.729999542236328,33.38793826074551
264,2021-07-20,HON,221.63999938964844,231.27000427246094,221.5,219.61167907714844,28237100.0,1.0,1.5245710198962001,221.9644045374834,202.02593817491896,54.93522306958773,87.85491662858882,7.099644353446934,212.0445760091146,213.87738876342775,19.729999542236328,33.38793826074551
264,2021-07-20,IBM,136.71128845214844,138.54684448242188,132.6003875732422,119.83955383300781,14237838.0,1.0,-1.4177706069374523,127.267689611856,116.45772924190378,47.81140272409724,-60.59263266248387,4.160795455469593,123.59847259521484,123.43979771931966,19.729999542236328,33.38793826074551
264,2021-07-20,INTC,54.91999816894531,55.560001373291016,54.27000045776367,51.396392822265625,19867000.0,1.0,-0.3710578256567345,53.43262061273012,50.81719513739195,45.26843746386175,-125.34279910510413,11.691890186356598,52.46978314717611,52.525872484842935,19.729999542236328,33.38793826074551
264,2021-07-20,JNJ,166.89999389648438,170.80999755859375,166.83999633789062,158.59176635742188,9902800.0,1.0,0.7649284105274035,162.0173389829087,152.31730762353658,54.13590538982823,80.54944933582881,15.869558083866906,156.44489491780598,156.8127113342285,19.729999542236328,33.38793826074551
264,2021-07-20,JPM,146.52000427246094,151.1199951171875,146.3300018310547,140.08428955078125,15385200.0,1.0,-1.2461026031604092,148.58555296831565,138.16089631146951,45.52493621830608,-121.75478166163151,21.808304179970047,144.2006403605143,146.7116668701172,19.729999542236328,33.38793826074551
264,2021-07-20,KO,55.72999954223633,56.33000183105469,55.52000045776367,52.18424987792969,16257900.0,1.0,0.3622575792066485,52.804172110623604,49.51827318661761,57.689160137209605,95.53743324665481,12.668728625830425,51.251133600870766,50.979384104410805,19.729999542236328,33.38793826074551
264,2021-07-20,MCD,230.64999389648438,235.52000427246094,230.2100067138672,222.9429168701172,3275600.0,1.0,0.3644996788111712,226.36550699574093,218.16798146861453,52.7612201627747,-15.690039501980364,15.475285987892498,222.43629506429036,221.63634541829427,19.729999542236328,33.38793826074551
264,2021-07-20,MMM,198.33999633789062,202.22000122070312,198.07000732421875,181.65122985839844,2783300.0,1.0,0.36882203948130154,184.51713476062898,174.08347711681242,53.08306429711342,45.154034921694745,4.349190487121566,179.62865804036457,180.70248998006184,19.729999542236328,33.38793826074551
264,2021-07-20,MRK,77.19000244140625,78.12999725341797,75.94999694824219,70.99305725097656,11627600.0,1.0,0.4797406336635248,73.71703501336818,70.60475530035252,51.841232349274826,-2.6544758449534376,6.688751485800297,71.55268376668295,69.90245730082194,19.729999542236328,33.38793826074551
264,2021-07-20,MSFT,278.0299987792969,280.9700012207031,276.260009765625,273.8254089355469,26259700.0,1.0,5.574464430292267,281.0160058645272,257.6384252878165,63.34973734516302,80.02023036149622,28.36439680776396,263.85584309895836,253.91212590535483,19.729999542236328,33.38793826074551
264,2021-07-20,NKE,157.25999450683594,160.42999267578125,156.5800018310547,156.01220703125,4629200.0,1.0,5.915735209952061,170.5922501670794,132.1802138221784,66.15293225411389,60.73232464427148,37.81006451272309,143.4926767985026,137.15104916890462,19.729999542236328,33.38793826074551
264,2021-07-20,PG,140.44000244140625,141.97999572753906,139.63999938964844,132.1154327392578,8136300.0,1.0,1.2426399871558829,133.40933191788818,124.66075170027588,59.05606343725105,187.44612303144137,46.6175454316667,128.32192713419596,128.23002967834472,19.729999542236328,33.38793826074551
264,2021-07-20,TRV,151.30999755859375,154.41000366210938,148.0399932861328,143.7674560546875,2367600.0,1.0,0.028273850886250784,148.73927396330635,139.6177954336663,48.18709027907799,-17.546116545391303,21.136451810556025,144.42022349039715,147.03924967447918,19.729999542236328,33.38793826074551
264,2021-07-20,UNH,411.0,417.7300109863281,410.6099853515625,400.35516357421875,3186700.0,1.0,3.7038720603176785,410.70931821385864,381.08198732813355,56.49279970017212,88.8748973679114,1.4132954242732092,392.2872334798177,393.20666351318357,19.729999542236328,33.38793826074551
264,2021-07-20,V,240.63999938964844,244.2100067138672,239.50999450683594,238.74258422851562,7072300.0,1.0,3.216996968619071,243.93243085833993,226.51736009624992,57.7827146448057,97.809368089288,8.705512567982279,233.11224772135418,228.94430440266927,19.729999542236328,33.38793826074551
264,2021-07-20,VZ,55.95000076293945,56.77000045776367,55.540000915527344,48.51371765136719,20258900.0,1.0,-0.022147355812840885,49.3462656128033,48.13282870177189,46.21905334213235,-62.82628778113796,19.089298455741815,48.8563591003418,49.24190305074056,19.729999542236328,33.38793826074551
264,2021-07-20,WBA,45.72999954223633,46.650001525878906,45.439998626708984,41.2325439453125,6194300.0,1.0,-1.6283785200217125,48.352471057038855,39.08808489694064,36.80163620588877,-103.73234666267209,45.555970792027935,45.129310862223306,46.59654140472412,19.729999542236328,33.38793826074551
264,2021-07-20,WMT,140.97000122070312,142.47000122070312,140.77999877929688,137.02894592285156,6340100.0,1.0,0.6238019545988323,138.27331862437205,131.43041367543265,54.59115683676334,104.75231760931274,7.2479331887500456,134.5421396891276,135.0812614440918,19.729999542236328,33.38793826074551
265,2021-07-21,AAPL,145.52999877929688,146.1300048828125,144.6300048828125,143.5220489501953,74993500.0,2.0,3.936403739637001,150.03227015206045,129.17634496024425,61.31620972230326,84.37713908448261,27.725860663057933,135.82311579386393,130.72659848531086,17.90999984741211,11.980458259736173
265,2021-07-21,AMGN,246.91000366210938,246.9600067138672,242.69000244140625,227.52381896972656,1901900.0,2.0,1.0173516799792708,231.6983785029199,222.72670236866216,51.30274258611199,47.808069799403896,4.265044047262777,226.03519744873046,226.41860020955403,17.90999984741211,11.980458259736173
265,2021-07-21,AXP,170.74000549316406,173.6199951171875,169.74000549316406,167.40301513671875,3384500.0,2.0,1.9095745616664317,170.30316294980918,157.35615864442912,58.49920474555803,102.13040018248046,8.667022547998437,161.97806752522786,157.3380475362142,17.90999984741211,11.980458259736173
265,2021-07-21,BA,219.5,224.08999633789062,218.89999389648438,222.5399932861328,11437600.0,2.0,-6.527973763391657,255.22562636301458,210.43537217214165,44.52308055280574,-121.64764103615916,27.691254721573426,236.6623326619466,236.99549967447916,17.90999984741211,11.980458259736173
265,2021-07-21,CAT,208.72000122070312,210.9600067138672,207.5800018310547,201.68875122070312,3407300.0,2.0,-3.775627046963109,211.15790867348895,196.34253993490947,44.2895922744003,-85.11353494951292,20.20057136876447,205.0543411254883,215.82818705240885,17.90999984741211,11.980458259736173
265,2021-07-21,CRM,241.44000244140625,242.97999572753906,238.27000427246094,242.11000061035156,15323100.0,2.0,0.45280118489841925,250.39577836989267,236.60422163010733,53.845468390829225,-52.51962357180914,2.0787450429072383,243.08733266194662,234.13149948120116,17.90999984741211,11.980458259736173
265,2021-07-21,CSCO,53.81999969482422,53.900001525878906,53.41999816894531,50.34645080566406,14068600.0,2.0,0.21252610103201874,50.652763267277734,48.734932045222266,56.04041705468593,54.83916282141027,0.4993206816322836,49.73610776265462,49.25438563028971,17.90999984741211,11.980458259736173
265,2021-07-21,CVX,97.9800033569336,100.47000122070312,97.69999694824219,91.37627410888672,11478100.0,2.0,-1.8563667636748278,100.29486021818498,88.41520066438339,45.1606228701499,-136.2813951569915,29.386573766831265,95.69305623372396,96.26233978271485,17.90999984741211,11.980458259736173
265,2021-07-21,DIS,176.5,177.89999389648438,175.32000732421875,176.88999938964844,6302200.0,2.0,0.4065300615578451,185.05116791871052,169.95883116576215,48.819873901424316,-0.6059801670828026,9.95990215102441,176.7776662190755,177.60799916585287,17.90999984741211,11.980458259736173
265,2021-07-21,GS,368.0400085449219,374.8999938964844,367.92999267578125,352.0391845703125,2398800.0,2.0,-0.17141046920619374,361.1615619290503,336.20775874966057,53.69944962276574,31.141352754884732,9.297564049904075,347.92999572753905,346.0422846476237,17.90999984741211,11.980458259736173
265,2021-07-21,HD,327.6000061035156,328.4700012207031,324.9700012207031,308.95654296875,2832600.0,2.0,2.5307006082541648,310.2909777379648,294.53914921516025,57.75207224376684,125.89078501547498,17.390894571222457,298.5182332356771,300.7144566853841,17.90999984741211,11.980458259736173
265,2021-07-21,HON,229.1999969482422,232.07000732421875,228.72999572753906,221.7058563232422,4554700.0,2.0,1.9261866966759555,223.22963437516765,202.32512636701986,56.19481566637369,138.65106544221425,9.166700237651442,212.10960083007814,214.05694452921549,17.90999984741211,11.980458259736173
265,2021-07-21,IBM,133.8145294189453,135.17208862304688,133.50860595703125,120.9782943725586,5024984.0,2.0,-1.2661145942456358,126.81119654602459,116.48099629455159,49.603384444357985,-64.6169830375738,4.1607954554695805,123.3767219543457,123.45826746622721,17.90999984741211,11.980458259736173
265,2021-07-21,INTC,55.18000030517578,56.279998779296875,55.0099983215332,52.317508697509766,18497200.0,2.0,-0.30919865407422975,53.45027120363256,50.83303987730006,48.09057667276346,-48.74647377850129,2.197476201855884,52.44590263366699,52.492217699686684,17.90999984741211,11.980458259736173
265,2021-07-21,JNJ,169.3000030517578,169.69000244140625,167.47999572753906,159.57093811035156,7585200.0,2.0,0.8159817605407227,162.17273744492675,152.71456113905762,55.66695040096173,79.59603640348321,15.869558083866922,156.6363291422526,156.9129414876302,17.90999984741211,11.980458259736173
265,2021-07-21,JPM,152.0500030517578,153.64999389648438,151.36000061035156,143.0317840576172,12356700.0,2.0,-1.144420169998341,148.46806979925898,138.60687069146368,48.661374222043165,-36.125831335362534,10.02548473062808,143.85147959391276,146.7609893798828,17.90999984741211,11.980458259736173
265,2021-07-21,KO,57.33000183105469,57.560001373291016,56.43000030517578,52.85723876953125,20918200.0,2.0,0.42455211051653663,53.060539779360084,49.44791091949246,60.626208175819684,170.84956341235088,31.18388919494276,51.29214172363281,51.03065719604492,17.90999984741211,11.980458259736173
265,2021-07-21,MCD,235.97999572753906,238.11000061035156,235.22000122070312,224.52264404296875,2146600.0,2.0,0.4808515906235584,226.58466758161507,218.1439106044201,54.38440280109086,98.51177553944562,3.5979895839279985,222.54066060384113,221.71399993896483,17.90999984741211,11.980458259736173
265,2021-07-21,MMM,201.1300048828125,202.8800048828125,199.9600067138672,181.6060028076172,1999100.0,2.0,0.421884347755082,184.69559746692053,174.414273443724,53.02869503065663,69.12625513886675,6.9595248122449895,179.54363098144532,180.7416613260905,17.90999984741211,11.980458259736173
265,2021-07-21,MRK,76.31999969482422,76.45999908447266,75.63999938964844,71.19811248779297,7429300.0,2.0,0.37105698360443284,73.69937327090001,70.6410579424789,52.4955503689108,-61.23702865443919,10.396287423907173,71.69581400553385,69.94970334370932,17.90999984741211,11.980458259736173
265,2021-07-21,MSFT,278.8999938964844,281.5199890136719,277.2900085449219,275.8645324707031,24364300.0,2.0,5.460792163937072,281.3250815319124,258.8870888782438,64.5120952432577,84.6403289600466,29.846223974963372,264.7979380289714,254.24629618326824,17.90999984741211,11.980458259736173
265,2021-07-21,NKE,160.5,161.42999267578125,160.00999450683594,157.32093811035156,5393100.0,2.0,5.699558999519297,169.09843993638745,136.46728119398367,67.09731975891343,66.55015183310024,40.48808439333478,144.39543914794922,137.63523012797037,17.90999984741211,11.980458259736173
265,2021-07-21,PG,139.9499969482422,140.1999969482422,138.99000549316406,131.6519775390625,6954700.0,2.0,1.2313656146604615,133.5841502429121,125.0609623669512,57.802080355016436,132.70909209270056,37.53280548281987,128.45937906901042,128.35518697102864,17.90999984741211,11.980458259736173
265,2021-07-21,TRV,152.36000061035156,154.5,151.55999755859375,144.4811248779297,1307600.0,2.0,-0.036165018577236197,148.67377489219461,140.02013837684837,48.99301288070965,31.73970763060222,20.598613857638444,144.26734364827473,146.99135411580403,17.90999984741211,11.980458259736173
265,2021-07-21,UNH,417.05999755859375,417.2300109863281,410.8299865722656,401.9740905761719,1863700.0,2.0,3.5981894466737003,411.02728065228047,382.3102986934227,57.257303035624446,85.78786461443599,1.4132954242732068,392.7514709472656,393.533442179362,17.90999984741211,11.980458259736173
265,2021-07-21,V,243.2899932861328,246.89999389648438,242.3000030517578,239.68695068359375,11241400.0,2.0,3.136401565902105,244.39860705405513,226.811579713523,58.42391728119962,125.1741438175027,16.104153844172778,233.49293823242186,229.16816253662108,17.90999984741211,11.980458259736173
265,2021-07-21,VZ,56.540000915527344,56.849998474121094,55.91999816894531,48.83667755126953,25264100.0,2.0,-0.023367551215450533,49.35542995577374,48.14166477078876,48.64875714125268,-7.722071515931982,16.782636613152253,48.8399169921875,49.2367031733195,17.90999984741211,11.980458259736173
265,2021-07-21,WBA,46.2599983215332,46.75,46.02000045776367,41.778602600097656,8544400.0,2.0,-1.5508678437662695,48.02876164945542,38.9552459951979,38.92655017690844,-86.90104124340307,43.84102393802949,44.91058540344238,46.512844467163085,17.90999984741211,11.980458259736173
265,2021-07-21,WMT,142.5,142.5399932861328,140.7100067138672,136.35287475585938,6197300.0,2.0,0.6119749556871454,138.32272374167485,131.78088496193845,53.102245994835826,91.03270541119602,7.2479331887500535,134.5852834065755,135.14242579142254,17.90999984741211,11.980458259736173
266,2021-07-22,AAPL,145.94000244140625,148.1999969482422,145.80999755859375,144.90396118164062,77338200.0,3.0,3.856978797421249,150.28256626553028,130.2191289859346,62.463330175026776,93.47502448318734,34.34482183940501,136.4703140258789,130.93450965881348,17.690000534057617,15.515801907066333
266,2021-07-22,AMGN,243.97999572753906,246.22000122070312,243.1300048828125,227.421630859375,1379800.0,3.0,0.8909819843723596,231.19077123177965,223.7946383141188,51.19193852732503,40.34937504678769,4.265044047262769,226.19688466389974,226.285275777181,17.690000534057617,15.515801907066333
266,2021-07-22,AXP,172.25,173.2100067138672,169.0500030517578,165.8406524658203,3335900.0,3.0,1.8716314126290285,170.4432774813474,157.7315241543948,57.034038519269494,77.4845691557111,6.4514664434317,162.2121612548828,157.67657521565755,17.690000534057617,15.515801907066333
266,2021-07-22,BA,221.52000427246094,222.25,218.30999755859375,220.8699951171875,9768900.0,3.0,-6.390971015855854,254.09979926516408,209.29119804928902,43.90517426731784,-119.46128950027861,28.393677072812125,235.75599924723306,236.6354995727539,17.690000534057617,15.515801907066333
266,2021-07-22,CAT,211.0,211.3800048828125,208.5399932861328,200.18609619140625,1931500.0,3.0,-3.617766585183972,211.1608711745213,196.00566324930682,43.39009748455918,-81.90391548274903,18.90611673088293,204.28108876546224,215.50994491577148,17.690000534057617,15.515801907066333
266,2021-07-22,CRM,243.5,248.6999969482422,243.33999633789062,248.27999877929688,7868700.0,3.0,0.9449813891446013,250.98756031835615,236.65643992578447,57.6121562264535,94.26355991747364,13.698232486797535,243.49366607666016,234.36599934895833,17.690000534057617,15.515801907066333
266,2021-07-22,CSCO,53.90999984741211,54.54999923706055,53.779998779296875,50.96316909790039,15729800.0,3.0,0.2766657390501024,50.84412348751686,48.7440322589431,58.406637263536126,132.59292684453925,12.7905952825022,49.76395403544108,49.30929323832194,17.690000534057617,15.515801907066333
266,2021-07-22,CVX,99.4000015258789,99.41000366210938,97.88999938964844,90.46087646484375,7694300.0,3.0,-1.8665952577268143,100.0292309881145,87.99884899845776,44.03725783193597,-140.35705479784292,29.38657376683126,95.4196538289388,96.22209116617839,17.690000534057617,15.515801907066333
266,2021-07-22,DIS,176.6999969482422,176.72000122070312,173.89999389648438,175.1300048828125,5713700.0,3.0,0.14894255019586922,185.05382313694733,169.93617625270113,47.310251051226594,-39.464839696533254,14.350029084167026,176.74733327229816,177.4494992574056,17.690000534057617,15.515801907066333
266,2021-07-22,GS,372.29998779296875,373.69000244140625,368.45001220703125,351.2945861816406,1887100.0,3.0,0.13286695946004556,361.11065781897975,337.3576710384421,53.416264818692504,31.118728415876006,9.297564049904073,347.613617960612,346.4703053792318,17.690000534057617,15.515801907066333
266,2021-07-22,HD,327.94000244140625,327.9700012207031,325.3299865722656,309.2405700683594,2208100.0,3.0,2.748872174798578,310.75992331960083,295.489264912821,57.91581089143829,117.979586957226,17.390894571222447,299.127891031901,300.8366134643555,17.690000534057617,15.515801907066333
266,2021-07-22,HON,232.7100067138672,234.25,230.1300048828125,222.55694580078125,3680200.0,3.0,2.286785185846412,224.33603406107036,202.9476268276015,56.70359533626232,155.00780668979522,14.695535972685244,212.2667449951172,214.2283078511556,17.690000534057617,15.515801907066333
266,2021-07-22,IBM,135.43020629882812,135.5736083984375,134.2351837158203,120.47312927246094,3466653.0,3.0,-1.1731651952014914,126.56468449099957,116.39359950558246,48.833880236606724,-56.06346878861268,1.983588348154777,123.0924700419108,123.4621083577474,17.690000534057617,15.515801907066333
266,2021-07-22,INTC,56.060001373291016,56.540000915527344,55.68000030517578,52.06629180908203,36691000.0,3.0,-0.27724995343174896,53.438356968772425,50.91008320151566,47.40099475792247,-25.041964262928825,1.0494644685026036,52.413648223876955,52.46655133565267,17.690000534057617,15.515801907066333
266,2021-07-22,JNJ,169.36000061035156,171.07000732421875,168.64999389648438,160.0322265625,5281900.0,3.0,0.8834798257021248,162.18526259644653,153.39401901976441,56.37664445374827,102.34057144918532,23.736390459273466,156.77409871419272,157.03551788330077,17.690000534057617,15.515801907066333
266,2021-07-22,JPM,152.8800048828125,153.44000244140625,149.97000122070312,141.22584533691406,9913300.0,3.0,-1.1957761084032654,148.42778275104848,138.7103962650648,46.948087201456566,-60.248219845159085,14.862223411989826,143.5060048421224,146.76951370239257,17.690000534057617,15.515801907066333
266,2021-07-22,KO,56.619998931884766,56.7400016784668,56.04999923706055,52.78245544433594,13402700.0,3.0,0.4625545451680608,53.263956795490884,49.46414798661361,60.14626677691721,124.5620414720017,22.59985904436073,51.33591397603353,51.08192087809245,17.690000534057617,15.515801907066333
266,2021-07-22,MCD,235.64999389648438,239.69000244140625,235.16000366210938,227.13015747070312,2538300.0,3.0,0.7745374748471363,227.34265670591031,217.90266647524203,56.9124668344049,136.33945858807002,2.913910003511036,222.76905568440756,221.79299774169922,17.690000534057617,15.515801907066333
266,2021-07-22,MMM,201.50999450683594,201.64999389648438,198.67999267578125,180.0682830810547,1700500.0,3.0,0.335982481773641,184.2850215284871,175.4318043382121,51.18478164439712,37.84308186894715,1.2321197566935311,179.43297526041667,180.83272654215494,17.690000534057617,15.515801907066333
266,2021-07-22,MRK,76.5999984741211,76.79000091552734,76.08000183105469,71.32858276367188,8708900.0,3.0,0.2920852913649554,73.57509357155097,70.85388058006036,52.91661154420834,-50.80979558599201,5.620748576223255,71.79277648925782,70.00162251790364,17.690000534057617,15.515801907066333
266,2021-07-22,MSFT,283.8399963378906,286.4200134277344,283.4200134277344,280.5113220214844,23384100.0,3.0,5.680185512992466,282.21830637274263,260.0398143547965,66.98076242873901,120.70851173233552,41.39225081491191,265.8615951538086,254.65106608072918,17.690000534057617,15.515801907066333
266,2021-07-22,NKE,161.11000061035156,163.75,160.92999267578125,159.86026000976562,4851500.0,3.0,5.667804923497954,166.84676415779012,141.70559485099892,68.84227967575266,72.70366909835562,46.23035806485739,145.4320048014323,138.15344835917156,17.690000534057617,15.515801907066333
266,2021-07-22,PG,137.2899932861328,138.3300018310547,136.7100067138672,131.1475830078125,6013800.0,3.0,1.1682631594756003,133.57168052126886,125.6159911401081,56.45250764485234,69.41856663941216,11.60337801819662,128.58159434000652,128.47319869995118,17.690000534057617,15.515801907066333
266,2021-07-22,TRV,148.0,149.77000427246094,147.1999969482422,140.59884643554688,1540600.0,3.0,-0.3959366009557641,148.69089091768114,139.98969990263134,45.049706417003414,-101.13720927438631,35.44253041364384,144.04595235188802,146.88711191813152,17.690000534057617,15.515801907066333
266,2021-07-22,UNH,416.0199890136719,416.8299865722656,413.7300109863281,403.0696105957031,1421900.0,3.0,3.561776580599883,410.84364403586153,384.45320655007595,57.77668502169315,89.57259135610839,1.4132954242732139,393.2728322347005,393.900373840332,17.690000534057617,15.515801907066333
266,2021-07-22,V,243.77999877929688,245.35000610351562,243.14999389648438,240.15908813476562,10293600.0,3.0,3.0751779380446465,244.78972229363185,227.35103850959078,58.74795949223078,113.14981194541124,16.104153844172792,233.88084157307944,229.40692901611328,17.690000534057617,15.515801907066333
266,2021-07-22,VZ,56.150001525878906,56.279998779296875,55.619998931884766,48.83667755126953,16231400.0,3.0,-0.024057247884563537,49.35530545752843,48.18568384606044,48.64875714125268,-67.92164082977098,22.778529809150484,48.82635205586751,49.24042263031006,17.690000534057617,15.515801907066333
266,2021-07-22,WBA,46.52000045776367,46.59000015258789,46.099998474121094,41.617469787597656,3519000.0,3.0,-1.4853202979106825,47.6002803552996,38.88331453910958,38.531079178927506,-82.81910185292894,43.84102393802949,44.703497568766274,46.42971636454264,17.690000534057617,15.515801907066333
266,2021-07-22,WMT,141.1300048828125,142.1199951171875,140.8000030517578,136.44943237304688,4337800.0,3.0,0.6034373168204468,138.1193588545483,132.49713131879156,53.29046752396409,82.29584900751306,7.247933188750033,134.65579223632812,135.1976626078288,17.690000534057617,15.515801907066333
267,2021-07-23,AAPL,147.5500030517578,148.72000122070312,146.9199981689453,146.64125061035156,71447400.0,4.0,3.889384295155992,150.56090950636892,131.4362203154084,63.857183170591604,98.52736224736113,35.920714003780304,137.2089823404948,131.1846777598063,17.200000762939453,30.77948276016793
267,2021-07-23,AMGN,246.27000427246094,248.55999755859375,244.8699951171875,230.19073486328125,1747300.0,4.0,1.0027179327483964,231.2820066330638,224.33249684594014,53.978314779823215,102.92026145244508,12.858727484577011,226.29228617350262,226.48138732910155,17.200000762939453,30.77948276016793
267,2021-07-23,AXP,176.52999877929688,179.6699981689453,172.9499969482422,168.0531768798828,6326600.0,4.0,1.9970724153582182,170.91273895283845,157.78682922343106,58.55473091787357,149.0172297313595,22.304908785961793,162.58001302083332,158.0168118794759,17.200000762939453,30.77948276016793
267,2021-07-23,BA,222.97000122070312,224.6300048828125,220.94000244140625,221.52000427246094,9379500.0,4.0,-6.158948520176551,251.2160324789194,209.26996453035795,44.21689581291671,-95.55985371869205,23.231630487198053,234.86199951171875,236.40316619873047,17.200000762939453,30.77948276016793
267,2021-07-23,CAT,209.5,210.3699951171875,207.86000061035156,200.5402069091797,2302600.0,4.0,-3.424610478552495,210.4431701882052,195.89650876687293,43.6689968296854,-85.85765617139994,20.38989509425165,203.80269724527994,215.16650670369467,17.200000762939453,30.77948276016793
267,2021-07-23,CRM,250.0,250.55999755859375,246.67999267578125,248.25,5877300.0,4.0,1.3174305765828365,251.4797906488288,236.61220916806573,57.588517559320586,134.15736024045384,18.098326173077787,243.7623326619466,234.5554992675781,17.200000762939453,30.77948276016793
267,2021-07-23,CSCO,54.88999938964844,55.34000015258789,54.5099983215332,51.607913970947266,13042500.0,4.0,0.37519734572840946,51.18333954499054,48.66789565398407,60.69474534061475,230.93245984220405,24.851279087791674,49.78205083211263,49.378967666625975,17.200000762939453,30.77948276016793
267,2021-07-23,CVX,98.80000305175781,99.12000274658203,97.94000244140625,90.49748229980469,7570800.0,4.0,-1.8504171707025705,99.52621789313697,87.7439015831814,44.09478554133034,-129.44798524685655,29.38657376683126,95.1282480875651,96.14447034200033,17.200000762939453,30.77948276016793
267,2021-07-23,DIS,175.66000366210938,176.5,174.02999877929688,176.13999938964844,5126300.0,4.0,0.026000984287264828,184.98499743537963,169.82600262565552,48.260043737431744,-29.742696231096176,14.35002908416703,176.73299967447917,177.32866592407225,17.200000762939453,30.77948276016793
267,2021-07-23,GS,374.5899963378906,378.0,371.3800048828125,352.5575256347656,1706900.0,4.0,0.4704941096960624,361.422321113062,337.5455530324458,53.843353491736885,64.63627466557797,14.205166178555778,347.6170725504557,346.89620412190754,17.200000762939453,30.77948276016793
267,2021-07-23,HD,329.4700012207031,333.45001220703125,327.94000244140625,315.091064453125,2786400.0,4.0,3.3551842399664906,312.5506862170301,295.68652081421993,61.12620788446271,157.91679920780285,27.930583511855595,299.90195617675784,301.0700917561849,17.200000762939453,30.77948276016793
267,2021-07-23,HON,229.0,231.1199951171875,226.17999267578125,219.2865447998047,3908400.0,4.0,2.2823584500946765,224.8495592688318,203.5462155724768,54.2011655240867,100.99760632687332,2.599553082864851,212.3646006266276,214.3461166381836,17.200000762939453,30.77948276016793
267,2021-07-23,IBM,134.76100158691406,135.46844482421875,134.15870666503906,121.01253509521484,4680013.0,4.0,-1.0439426637056215,126.18507141326572,116.42218032623623,49.695883213508736,-49.4843247789608,2.398960890629178,122.82990926106771,123.46096865336101,17.200000762939453,30.77948276016793
267,2021-07-23,INTC,54.58000183105469,54.709999084472656,52.31999969482422,49.31224822998047,67742300.0,4.0,-0.46875516062387845,53.830441586564774,50.23235977451921,40.77087801950039,-257.1620436358897,29.77285567461369,52.27780685424805,52.40037848154704,17.200000762939453,30.77948276016793
267,2021-07-23,JNJ,171.0,172.17999267578125,170.3800048828125,161.73631286621094,5014900.0,4.0,1.0622332875838651,162.49917195529338,153.87283427029257,58.891524038660584,134.47737072559363,29.41158165636021,156.92191162109376,157.20520884195963,17.200000762939453,30.77948276016793
267,2021-07-23,JPM,151.47999572753906,152.83999633789062,150.25,140.95449829101562,9666100.0,4.0,-1.2440310825140841,148.46626711994566,138.57869747966373,46.692559036068545,-61.45948873832985,14.862223411989826,143.23025309244792,146.75831985473633,17.200000762939453,30.77948276016793
267,2021-07-23,KO,56.59000015258789,57.33000183105469,56.45000076293945,53.287193298339844,12144000.0,4.0,0.5273212439162336,53.55215463231093,49.42084112574571,62.233718290890565,155.2541987542975,30.182272208382287,51.38321380615234,51.14144223531087,17.200000762939453,30.77948276016793
267,2021-07-23,MCD,240.1300048828125,245.0500030517578,239.60000610351562,231.21273803710938,3996400.0,4.0,1.3214825578142495,229.1520810113174,217.00968351504977,60.46162225928998,254.0313607746049,20.936031789304586,223.0345667521159,221.98057657877604,17.200000762939453,30.77948276016793
267,2021-07-23,MMM,200.50999450683594,201.0399932861328,198.94000244140625,181.35272216796875,1570700.0,4.0,0.3673139671343506,183.9610133641007,176.40980115005945,52.60870857897341,51.226523308721035,1.2321197566935405,179.35337473551434,180.92305018107098,17.200000762939453,30.77948276016793
267,2021-07-23,MRK,76.80000305175781,77.68000030517578,76.7300033569336,72.26995086669922,6560800.0,4.0,0.3019791670158156,73.53815939534387,71.00079553019323,55.83826176772626,21.93118541031979,6.090770884673882,71.85643107096354,70.07319882710775,17.200000762939453,30.77948276016793
267,2021-07-23,MSFT,287.3699951171875,289.989990234375,286.5,283.97186279296875,22768100.0,4.0,6.063397964672902,283.77088494344,260.74003119425527,68.66030557885422,138.22787843262566,48.050957772479705,266.9213302612305,255.23430404663085,17.200000762939453,30.77948276016793
267,2021-07-23,NKE,164.35000610351562,166.4499969482422,163.72999572753906,162.47772216796875,4217700.0,4.0,5.787136404494618,162.37327230092538,149.3786335218285,70.50996961509749,83.3994138082268,51.99300594998153,146.5838165283203,138.73803380330403,17.200000762939453,30.77948276016793
267,2021-07-23,PG,137.47999572753906,139.97999572753906,137.0800018310547,133.04153442382812,7906000.0,4.0,1.256594817124295,133.79690802802912,126.11420647392401,60.07356248100577,106.01691180977421,22.854789615016795,128.73541514078775,128.61930859883626,17.200000762939453,30.77948276016793
267,2021-07-23,TRV,148.92999267578125,150.1300048828125,146.75999450683594,140.70352172851562,1181400.0,4.0,-0.6649466594946603,148.83438803296312,139.6463782634236,45.172790893777524,-95.37310282241546,36.71875661361666,143.85088704427082,146.8068509419759,17.200000762939453,30.77948276016793
267,2021-07-23,UNH,417.8999938964844,419.3399963378906,415.989990234375,404.9407043457031,1611700.0,4.0,3.6419189752075454,411.0711835629991,386.0511553041884,58.66414819282693,101.46291372958945,4.723457736501016,393.84400634765626,394.29704132080076,17.200000762939453,30.77948276016793
267,2021-07-23,V,246.75999450683594,250.00999450683594,246.75999450683594,244.95953369140625,6766000.0,4.0,3.3751074713009928,246.0874454876154,227.31047321355646,61.873474593615995,166.71742277681014,27.702422838624408,234.37498423258464,229.66774927775066,17.200000762939453,30.77948276016793
267,2021-07-23,VZ,55.83000183105469,56.029998779296875,55.63999938964844,48.775577545166016,14894300.0,4.0,-0.029197526412666264,49.358791013811874,48.19408870115395,48.20781510389169,-89.16492275549018,22.778529809150474,48.80240643819173,49.24154116312663,17.200000762939453,30.77948276016793
267,2021-07-23,WBA,46.779998779296875,46.869998931884766,46.279998779296875,41.653282165527344,3742600.0,4.0,-1.4141818281558045,47.09559682879193,38.88937669720904,38.67432550265812,-74.20437007057967,38.61558404458209,44.44150479634603,46.348812103271484,17.200000762939453,30.77948276016793
267,2021-07-23,WMT,141.52000427246094,142.72000122070312,141.00999450683594,137.56985473632812,5315800.0,4.0,0.6792499271231804,138.1624311078923,132.98722556935377,55.437342815468256,102.90900560832291,13.495855684698304,134.7378921508789,135.27943013509113,17.200000762939453,30.77948276016793
268,2021-07-26,AAPL,148.27000427246094,149.8300018310547,147.6999969482422,147.06568908691406,72434100.0,0.0,3.9043080901422798,150.56684344500522,132.99777600079554,64.19322417691993,100.42780578305349,39.24805782718618,137.9209996541341,131.44356320699055,17.579999923706055,10.14330869588058
268,2021-07-26,AMGN,247.72000122070312,248.38999938964844,244.80999755859375,227.737548828125,1518500.0,0.0,0.8831376053638849,231.22164282561295,224.61587701081282,51.294611957610904,71.32571844202556,12.581740816345988,226.36383666992188,226.6673708597819,17.579999923706055,10.14330869588058
268,2021-07-26,AXP,173.25,175.42999267578125,172.3000030517578,167.5000457763672,3115900.0,0.0,2.028469324733294,171.2333194146144,157.81568876409654,58.023620367332086,104.53923219833463,20.115500884441545,162.85587005615236,158.31411539713542,17.579999923706055,10.14330869588058
268,2021-07-26,BA,220.0,226.1199951171875,219.88999938964844,225.85000610351562,8933200.0,0.0,-5.561563814586663,248.33458802400344,209.8984091073442,46.27429244558306,-76.68776567884619,20.002845706119267,234.14766642252604,236.23499959309896,17.579999923706055,10.14330869588058
268,2021-07-26,CAT,209.83999633789062,212.07000732421875,209.5,201.9758758544922,2157600.0,0.0,-3.119724148903998,210.14460220804938,195.80024184712641,44.80940071661974,-50.11719647525995,14.777488149742313,203.53177744547526,214.92363103230795,17.579999923706055,10.14330869588058
268,2021-07-26,CRM,248.1999969482422,248.47999572753906,245.82000732421875,247.60000610351562,3960700.0,0.0,1.5423706766899556,251.8543314856003,236.81066942992703,57.06371271813406,95.23865054329478,15.195510561594935,244.00533294677734,234.77616602579752,17.579999923706055,10.14330869588058
268,2021-07-26,CSCO,55.130001068115234,55.650001525878906,55.130001068115234,51.83217239379883,10097400.0,0.0,0.46600828103741776,51.53063297738008,48.58012485037871,61.45765783280252,268.8973377764181,28.97168355768568,49.81566530863444,49.44696674346924,17.579999923706055,10.14330869588058
268,2021-07-26,CVX,99.45999908447266,101.26000213623047,99.44000244140625,92.41069030761719,10227500.0,0.0,-1.6640340743116155,98.84288689536389,87.84594595986071,47.03835758320415,-75.84768375492784,15.824406144902559,94.91587244669596,96.07341486612955,17.579999923706055,10.14330869588058
268,2021-07-26,DIS,175.6199951171875,178.77999877929688,175.33999633789062,178.74000549316406,5641000.0,0.0,0.13679083139959403,185.01672565440313,169.8332743455969,50.630021350594234,26.1952657980745,4.960643802441672,176.77833302815756,177.21883265177408,17.579999923706055,10.14330869588058
268,2021-07-26,GS,373.17999267578125,376.67999267578125,373.1099853515625,354.3013000488281,1559100.0,0.0,0.8687595611772281,361.9101530280326,337.72975480888147,54.439974756999405,74.05002449638482,14.205166178555768,347.5495249430339,347.2750762939453,17.579999923706055,10.14330869588058
268,2021-07-26,HD,330.07000732421875,331.55999755859375,326.8800048828125,313.5195617675781,2752000.0,0.0,3.6666173048269,313.6583054741616,296.240318183065,59.85737833167238,133.45215353457388,24.64242388796956,300.54601033528644,301.1890111287435,17.579999923706055,10.14330869588058
268,2021-07-26,HON,228.47999572753906,229.75999450683594,225.22000122070312,219.21961975097656,2776700.0,0.0,2.2475416765924194,225.3013734168497,204.0994169884237,54.15057544813944,86.46902750409065,0.13655848922353309,212.49433135986328,214.44646428426105,17.579999923706055,10.14330869588058
268,2021-07-26,IBM,135.17208862304688,136.71128845214844,134.92352294921875,122.23685455322266,4441630.0,0.0,-0.8331366476360671,125.57629939500373,116.68248356398064,51.61006720512366,-21.174303370165422,4.622597785507162,122.58703943888347,123.46273549397786,17.579999923706055,10.14330869588058
268,2021-07-26,INTC,52.810001373291016,54.540000915527344,52.7599983215332,50.53110122680664,32881200.0,0.0,-0.5162224752227615,53.877140840735784,50.03679424837555,44.33551796714713,-198.32835257208708,29.772855674613695,52.16801745096843,52.34434808095296,17.579999923706055,10.14330869588058
268,2021-07-26,JNJ,171.82000732421875,172.13999938964844,170.86000061035156,161.81163024902344,4484900.0,0.0,1.196185297800099,162.80287761328748,154.29030018212268,58.999596029950396,127.49698451785372,29.41158165636021,157.13876495361328,157.34153620402017,17.579999923706055,10.14330869588058
268,2021-07-26,JPM,150.19000244140625,151.9600067138672,150.1699981689453,141.89955139160156,8208000.0,0.0,-1.19227184244005,148.4480519799969,138.45493263914372,47.71780728952912,-56.83151559497623,15.162164111152537,142.98941497802736,146.71697998046875,17.579999923706055,10.14330869588058
268,2021-07-26,KO,56.88999938964844,57.119998931884766,56.560001373291016,53.33393096923828,8681100.0,0.0,0.5757833862673394,53.80754152685268,49.42156194299596,62.42225786226938,143.970600044063,30.182272208382294,51.424340693155926,51.191383043924965,17.579999923706055,10.14330869588058
268,2021-07-26,MCD,242.0,244.57000732421875,241.60000610351562,232.1833953857422,2638400.0,0.0,1.812372510368192,230.86073495368234,216.40113485832936,61.2467422655954,244.26376334694802,20.9360317893046,223.2582046508789,222.14016621907552,17.579999923706055,10.14330869588058
268,2021-07-26,MMM,200.4499969482422,202.74000549316406,199.92999267578125,182.42007446289062,2409200.0,0.0,0.4728204254348043,183.88715585214675,177.1096031810564,53.76800015648896,89.30654310573772,8.655244368294984,179.31900126139323,180.98446985880534,17.579999923706055,10.14330869588058
268,2021-07-26,MRK,77.45999908447266,77.61000061035156,76.95999908447266,71.9903335571289,5071800.0,0.0,0.2839837666396221,73.53817409341129,71.00450931723326,54.793499733491636,14.745448524972897,6.090770884673889,71.90676091512044,70.1902286529541,17.579999923706055,10.14330869588058
268,2021-07-26,MSFT,289.0,289.69000244140625,286.6400146484375,283.36407470703125,23176100.0,0.0,6.246052568511004,284.39312911638143,262.4735212742435,68.03157279610818,127.51558226596177,48.050957772479705,267.93956451416017,255.84082946777343,17.579999923706055,10.14330869588058
268,2021-07-26,NKE,165.7100067138672,166.52999877929688,163.82000732421875,161.23733520507812,3858800.0,0.0,5.7157312098939315,162.8480912526198,149.95274798077864,68.70715270293007,78.97343517943897,52.15541792751265,147.66302897135418,139.2605219523112,17.579999923706055,10.14330869588058
268,2021-07-26,PG,139.6199951171875,140.82000732421875,139.22000122070312,133.50787353515625,5925800.0,0.0,1.3486812037399147,134.23592083294466,126.26557300250454,60.901669427480336,131.2926400020935,27.85237284254791,128.93409932454426,128.75569394429525,17.579999923706055,10.14330869588058
268,2021-07-26,TRV,147.97999572753906,149.8800048828125,147.7899932861328,141.6074981689453,1320200.0,0.0,-0.7960197054439107,148.84379600023502,139.36102425122985,46.24841548248482,-71.90433198176613,36.71875661361666,143.6713643391927,146.71153462727864,17.579999923706055,10.14330869588058
268,2021-07-26,UNH,416.8299865722656,417.6700134277344,410.8999938964844,400.9077453613281,2232600.0,0.0,3.341487724648516,411.2004240003021,386.7546724352448,56.0379253497351,65.12792411537608,7.420601304128825,394.3966583251953,394.51444651285806,17.579999923706055,10.14330869588058
268,2021-07-26,V,249.2100067138672,250.36000061035156,247.6999969482422,246.16946411132812,4879000.0,0.0,3.668150900127472,247.48878867799374,227.1810477477875,62.612075151265834,159.3148618869906,28.496087425219162,234.8763397216797,229.8929094950358,17.579999923706055,10.14330869588058
268,2021-07-26,VZ,55.880001068115234,55.939998626708984,55.54999923706055,48.68829345703125,15330500.0,0.0,-0.039854908057535,49.35910701824334,48.19607181476447,47.57062981771538,-110.9445967814336,24.639896383562824,48.775839233398436,49.228401311238606,17.579999923706055,10.14330869588058
268,2021-07-26,WBA,46.529998779296875,47.33000183105469,46.52000045776367,42.297821044921875,4056600.0,0.0,-1.2909143206963734,46.49434437889174,39.051090191420755,41.2244636900433,-59.286279796445044,30.302521692521612,44.20099665323893,46.273620796203616,17.579999923706055,10.14330869588058
268,2021-07-26,WMT,142.36000061035156,143.86000061035156,141.4600067138672,137.7630157470703,6172400.0,0.0,0.7463153870249926,138.3953613394665,133.15030669031864,55.79965911619098,120.56014332386889,23.90638688801145,134.79842071533204,135.3365165710449,17.579999923706055,10.14330869588058
269,2021-07-27,AAPL,149.1199951171875,149.2100067138672,145.5500030517578,144.87437438964844,104818600.0,1.0,3.6967012517868056,150.2234865432004,134.52465035865504,61.15636132530622,77.71995664204636,25.73049640538721,138.4569869995117,131.69910163879393,19.360000610351562,10.103385953447765
269,2021-07-27,AMGN,244.1199951171875,245.61000061035156,243.3800048828125,227.3658447265625,2166400.0,1.0,0.7497334592215736,231.14507130371294,224.86342784179487,50.89796362348812,24.603651040101564,5.95630498089674,226.47193654378256,226.77134017944337,19.360000610351562,10.103385953447765
269,2021-07-27,AXP,170.4600067138672,175.1199951171875,169.9600067138672,167.8202667236328,7922600.0,1.0,2.0554962743135547,171.36139997465511,158.52106615083318,58.25040837483854,83.38042048351242,12.374115727958788,163.16498362223308,158.63740412394205,19.360000610351562,10.103385953447765
269,2021-07-27,BA,223.1699981689453,225.6999969482422,220.4199981689453,222.27000427246094,8784200.0,1.0,-5.315731911378606,246.9711332737301,209.49286361347694,44.85919847091561,-78.7257357402765,20.002845706119267,233.3853332519531,236.0343330383301,19.360000610351562,10.103385953447765
269,2021-07-27,CAT,207.52999877929688,211.05999755859375,207.0,200.89434814453125,2472000.0,1.0,-2.9315763957129946,209.8150558192802,195.63060610698932,44.11343368310562,-76.64698112285976,20.59651481093643,203.27843577067057,214.6525754292806,19.360000610351562,10.103385953447765
269,2021-07-27,CRM,247.2100067138672,248.1300048828125,241.19000244140625,243.50999450683594,6352500.0,1.0,1.3747601926890525,251.80921847694728,236.7497811568418,53.86825303375165,8.206233485148127,0.9195567759282761,243.91366628011068,234.99599914550782,19.360000610351562,10.103385953447765
269,2021-07-27,CSCO,55.380001068115234,55.40999984741211,54.790000915527344,51.654632568359375,14738700.0,1.0,0.517683092927804,51.75369351393476,48.60811221116289,60.495998953082164,208.94625521192134,21.181734608815226,49.86192067464193,49.52051308949788,19.360000610351562,10.103385953447765
269,2021-07-27,CVX,100.05000305175781,100.72000122070312,98.94000244140625,92.09945678710938,8332100.0,1.0,-1.5238718257915593,98.64304684626762,87.73637743962104,46.62522379710995,-80.13644334650677,17.97185503431965,94.69129155476888,96.05489921569824,19.360000610351562,10.103385953447765
269,2021-07-27,DIS,178.25,179.55999755859375,176.57000732421875,179.5,6684100.0,1.0,0.2826594662192292,185.2067128921217,169.93628637545646,51.30449716895477,50.30004790119444,1.9007848051005014,176.82233327229818,177.11016591389975,19.360000610351562,10.103385953447765
269,2021-07-27,GS,372.5,375.1400146484375,369.2200012207031,353.30218505859375,1791800.0,1.0,1.0911890232457608,362.24412084155006,337.97356714673117,54.02605498900048,50.782853415998915,8.169128746756996,347.60984700520834,347.7080622355143,19.360000610351562,10.103385953447765
269,2021-07-27,HD,331.7900085449219,331.8800048828125,326.05999755859375,309.8085632324219,2910300.0,1.0,3.5727986855474683,313.78627102814454,297.34113375701173,56.96862486341279,113.51664325189009,22.04832283680708,301.11212158203125,301.272292582194,19.360000610351562,10.103385953447765
269,2021-07-27,HON,228.67999267578125,232.27000427246094,228.08999633789062,220.2810516357422,2167100.0,1.0,2.2793231961193214,225.62783167827646,205.07058598529775,54.842114944239626,109.28506342102563,6.809399970125596,212.7235122680664,214.57815017700196,19.360000610351562,10.103385953447765
269,2021-07-27,IBM,136.26194763183594,137.32313537597656,135.3728485107422,122.21973419189453,3281302.0,1.0,-0.6598465311332689,125.23149541817419,116.80981699027306,51.581673830414,-8.252391161333241,7.944432551261102,122.3792724609375,123.49752146402994,19.360000610351562,10.103385953447765
269,2021-07-27,INTC,53.119998931884766,53.20000076293945,52.310001373291016,49.4797248840332,39878000.0,1.0,-0.631399566993295,53.83583026780607,49.67802433119295,42.07585606294929,-257.8939782723475,32.904843637308275,52.01263745625814,52.28235365549723,19.360000610351562,10.103385953447765
269,2021-07-27,JNJ,171.8000030517578,172.72000122070312,170.6699981689453,162.55540466308594,7089300.0,1.0,1.3468341445579597,163.10295232017802,154.80366389075948,60.07192832294132,126.69732284724628,32.41458380265934,157.36754455566407,157.5131825764974,19.360000610351562,10.103385953447765
269,2021-07-27,JPM,150.39999389648438,152.49000549316406,149.8000030517578,141.71243286132812,11218700.0,1.0,-1.1530594220911325,148.41402046945905,138.30221945974017,47.53056754206422,-51.8926435119442,12.358930258396155,142.82669016520182,146.69391962687175,19.360000610351562,10.103385953447765
269,2021-07-27,KO,57.11000061035156,57.540000915527344,56.91999816894531,53.5208740234375,12794400.0,1.0,0.6221035034156657,54.06166294813231,49.44785090684816,63.18278505082495,151.91033454858848,35.33526797180709,51.47761866251628,51.248768933614095,19.360000610351562,10.103385953447765
269,2021-07-27,MCD,244.1699981689453,247.0500030517578,244.05999755859375,234.43881225585938,3135200.0,1.0,2.356238377246086,232.82683098144557,215.88725440673804,63.01220973160424,264.56265628203613,28.002165168905098,223.55543619791666,222.3236234029134,19.360000610351562,10.103385953447765
269,2021-07-27,MMM,197.2100067138672,201.05999755859375,194.91000366210938,181.3346405029297,2999900.0,1.0,0.46350658911569553,183.8239826885652,177.5318812640715,52.41903106168911,18.891055481761338,12.179235168042704,179.29216664632162,181.05638326009114,19.360000610351562,10.103385953447765
269,2021-07-27,MRK,77.16999816894531,78.12999725341797,76.73999786376953,72.55887603759766,8136000.0,1.0,0.31200234009577343,73.55375057247383,71.08120349857109,56.50526536168549,40.36025337346902,12.56360489570873,71.98132400512695,70.30468317667643,19.360000610351562,10.103385953447765
269,2021-07-27,MSFT,289.42999267578125,289.5799865722656,282.95001220703125,280.9034118652344,33604100.0,1.0,6.1216857485997025,284.6799715597235,263.9336240213312,65.51882077464107,104.61174644635307,30.53440988626971,268.8104217529297,256.41172358194984,19.360000610351562,10.103385953447765
269,2021-07-27,NKE,164.82000732421875,165.61000061035156,162.5800018310547,160.7294921875,4359000.0,1.0,5.554138737395505,162.64235559830132,151.35099309554636,67.97107982608262,72.26217967482228,44.079302523866716,148.74419555664062,139.78494237263996,19.360000610351562,10.103385953447765
269,2021-07-27,PG,140.14999389648438,141.6199951171875,140.0,134.0503387451172,7075400.0,1.0,1.4487326492762236,134.73148192156768,126.3768036008933,61.85374426849025,140.01904679273557,32.31610555768682,129.1492899576823,128.88677609761555,19.360000610351562,10.103385953447765
269,2021-07-27,TRV,148.1199951171875,150.1199951171875,147.5500030517578,142.14036560058594,861300.0,1.0,-0.847132869912059,148.846160907704,139.35200040821397,46.88385822786254,-61.48755676058652,36.71875661361666,143.54861704508463,146.6415003458659,19.360000610351562,10.103385953447765
269,2021-07-27,UNH,412.0,415.260009765625,409.4599914550781,402.42010498046875,2630600.0,1.0,3.188671555228609,411.0366665417545,388.240765709222,56.788362039045595,54.65181001228762,10.557310108066767,394.958832804362,394.80132954915365,19.360000610351562,10.103385953447765
269,2021-07-27,V,249.19000244140625,252.6699981689453,248.22000122070312,246.83839416503906,7038300.0,1.0,3.909302982266155,248.59042475825325,227.73595463627802,63.02178081208958,157.4115127473179,33.63588664945914,235.42884877522786,230.18324305216473,19.360000610351562,10.103385953447765
269,2021-07-27,VZ,55.66999816894531,56.34000015258789,55.47999954223633,49.054893493652344,15225800.0,1.0,-0.01850607413935279,49.38357097024625,48.22783001547153,50.418056297662666,-41.330309605261206,11.832946479644901,48.765807723999025,49.21461003621419,19.360000610351562,10.103385953447765
269,2021-07-27,WBA,46.9900016784668,47.4900016784668,46.77000045776367,41.91288375854492,5121300.0,1.0,-1.2103331873186605,45.76425356420681,39.298672537477756,40.19188334069202,-55.44766984335937,27.460372588541166,43.97391599019368,46.18668867746989,19.360000610351562,10.103385953447765
269,2021-07-27,WMT,143.0,143.0,141.9600067138672,137.77267456054688,5131900.0,1.0,0.7911250357493316,138.5059410443746,133.47823406548866,55.818240898367215,110.00777818262993,23.90638688801145,134.86538848876953,135.3892743428548,19.360000610351562,10.103385953447765
270,2021-07-28,AAPL,144.80999755859375,146.97000122070312,142.5399932861328,143.1074676513672,118931200.0,2.0,3.3509688465823046,149.73889996175373,135.86306689615643,58.8346856071394,48.50179062926435,9.781519915012131,138.9617162068685,131.9074545542399,18.309999465942383,21.429691240158945
270,2021-07-28,AMGN,244.5500030517578,247.6999969482422,243.52000427246094,226.96627807617188,1649100.0,2.0,0.6047963075493499,231.00739086155085,225.16743976589055,50.46402242220029,39.72418668730744,13.874958566873765,226.60822347005208,226.7803736368815,18.309999465942383,21.429691240158945
270,2021-07-28,AXP,173.0,173.4499969482422,169.7100067138672,164.98670959472656,7961700.0,2.0,1.8272080305184772,171.01589805675277,159.46796577381363,55.50532675336875,49.58158655542025,11.553028098077032,163.30027974446614,158.89007670084635,18.309999465942383,21.429691240158945
270,2021-07-28,BA,234.0500030517578,237.49000549316406,231.3300018310547,231.57000732421875,19330500.0,2.0,-4.320669841643706,246.49911791557855,209.54588025336676,49.04657465601685,3.385260651794966,2.9813888843753724,232.88633371988934,235.97399978637696,18.309999465942383,21.429691240158945
270,2021-07-28,CAT,210.0,212.69000244140625,208.10000610351562,202.36827087402344,3246900.0,2.0,-2.6331810278037153,209.62978700697005,195.5754681199831,45.31094674716111,-43.34532587757011,15.118132397965065,203.05994364420573,214.40513331095377,18.309999465942383,21.429691240158945
270,2021-07-28,CRM,243.82000732421875,246.0800018310547,243.0,243.9600067138672,4100200.0,2.0,1.263673064272723,251.68293150674882,236.6910690425676,54.16042390984878,9.303246011391803,0.91955677592828,243.95966644287108,235.332666015625,18.309999465942383,21.429691240158945
270,2021-07-28,CSCO,55.459999084472656,55.52000045776367,54.40999984741211,51.17808151245117,18835700.0,2.0,0.5142540653856784,51.83103168585394,48.73880664727594,57.97694609351205,160.898646505246,13.025563561428852,49.904044977823894,49.58209571838379,18.309999465942383,21.429691240158945
270,2021-07-28,CVX,100.9000015258789,101.80999755859375,100.27999877929688,92.62124633789062,8546100.0,2.0,-1.3550677999566432,98.46339107182429,87.679857676955,47.42605575069585,-50.16056152173638,11.351929208876484,94.41300659179687,96.00800196329753,18.309999465942383,21.429691240158945
270,2021-07-28,DIS,179.69000244140625,180.35000610351562,177.5500030517578,179.10000610351562,5926900.0,2.0,0.36181447365217423,185.29426738290815,170.36573322744343,50.9257000907596,58.35506809149983,1.2170874453413039,176.93033345540366,177.0033327738444,18.309999465942383,21.429691240158945
270,2021-07-28,GS,375.80999755859375,377.44000244140625,372.3399963378906,352.72723388671875,1668900.0,2.0,1.2071568670160104,362.36785873554584,338.00157790996195,53.78262225803188,66.47035175838724,11.13755213037692,347.7019022623698,348.1046936035156,18.309999465942383,21.429691240158945
270,2021-07-28,HD,326.4200134277344,329.3299865722656,324.7099914550781,308.1614074707031,2376200.0,2.0,3.327181373945905,313.9487742885721,297.8678120151388,55.733596306466104,89.61896998035661,17.735993192893908,301.7138905843099,301.22453053792316,18.309999465942383,21.429691240158945
270,2021-07-28,HON,230.07000732421875,232.27999877929688,229.3699951171875,220.40538024902344,1713900.0,2.0,2.2881660059692024,225.66297386633892,206.42582923424703,54.92449572638718,105.73959424613358,6.836906327176282,212.9781931559245,214.70936915079753,18.309999465942383,21.429691240158945
270,2021-07-28,IBM,136.72084045410156,136.806884765625,135.4110870361328,121.38066101074219,2660815.0,2.0,-0.5834929154907087,124.722164225258,116.99551231893146,50.1819564691085,-15.1670708349713,7.944432551261108,122.1626589457194,123.47782122294107,18.309999465942383,21.429691240158945
270,2021-07-28,INTC,53.029998779296875,53.91999816894531,52.939998626708984,49.377376556396484,28478800.0,2.0,-0.7226071315025564,53.85748070947968,49.3139788699881,41.86100026109827,-196.12829556507992,23.48559152953532,51.86004842122396,52.222814623514815,18.309999465942383,21.429691240158945
270,2021-07-28,JNJ,172.72999572753906,173.3800048828125,172.0800018310547,162.1034698486328,5750700.0,2.0,1.4134635504710502,163.1293783692786,155.54453673081903,59.100325116119585,130.29221470527318,35.73998239425135,157.60887654622397,157.63862380981445,18.309999465942383,21.429691240158945
270,2021-07-28,JPM,152.2899932861328,152.77000427246094,150.8800048828125,141.9463653564453,9217300.0,2.0,-1.090535880360079,148.38027693487936,138.19029038689797,47.795492323321746,-31.214657161332298,10.835324264566779,142.74587961832682,146.68173548380534,18.309999465942383,21.429691240158945
270,2021-07-28,KO,56.9900016784668,57.15999984741211,56.630001068115234,53.03482437133789,9858000.0,2.0,0.6125315032542318,54.16330282321143,49.61540391812158,59.92098335489944,114.22854618964045,28.34369913821725,51.51905682881673,51.290323130289714,18.309999465942383,21.429691240158945
270,2021-07-28,MCD,242.5,243.8000030517578,239.35000610351562,230.08981323242188,4948500.0,2.0,2.4085636969788027,233.37841603358814,216.42150614658763,57.763076893297594,149.38360718380284,8.344076955197822,223.7276860555013,222.44279988606772,18.309999465942383,21.429691240158945
270,2021-07-28,MMM,199.32000732421875,200.3699951171875,198.10000610351562,179.3536834716797,2139100.0,2.0,0.2929022352147683,183.58097824340516,177.9784089636261,50.04840390432712,26.146046696632087,12.179235168042698,179.22191314697267,181.07328058878582,18.309999465942383,21.429691240158945
270,2021-07-28,MRK,77.86000061035156,78.66999816894531,77.47000122070312,73.00626373291016,11037900.0,2.0,0.366087678582403,73.63071632019917,71.10862694151957,57.805854094749236,99.90531455305707,18.778248093171783,72.06303304036459,70.40484402974447,18.309999465942383,21.429691240158945
270,2021-07-28,MSFT,288.989990234375,290.1499938964844,283.8299865722656,280.5897521972656,33566900.0,2.0,5.929463272322948,285.00207076076697,265.06437821384236,65.20126139740343,103.35406619363394,31.865543270156525,269.72082265218097,256.98260599772135,18.309999465942383,21.429691240158945
270,2021-07-28,NKE,164.49000549316406,165.89999389648438,164.0800018310547,161.59872436523438,4093600.0,2.0,5.433580378677277,163.01097972359463,151.91117756400303,68.56733159538278,76.51879251764183,44.8116056431369,149.8891710917155,140.31718953450522,18.309999465942383,21.429691240158945
270,2021-07-28,PG,140.6699981689453,140.6699981689453,138.7100067138672,132.06124877929688,8520000.0,2.0,1.3519369167474906,134.69729934178915,126.90588364160928,56.62357270229379,90.20777534877062,19.564996227332465,129.30637435913087,128.9598013559977,18.309999465942383,21.429691240158945
270,2021-07-28,TRV,149.83999633789062,150.25,146.07000732421875,139.7044219970703,1427800.0,2.0,-1.0718451481101567,149.05290747389893,138.88834008469485,44.40155602046984,-98.21118048088755,41.47251882477899,143.30121866861978,146.50043055216472,18.309999465942383,21.429691240158945
270,2021-07-28,UNH,414.489990234375,414.489990234375,406.79998779296875,396.67120361328125,2446600.0,2.0,2.5740038313178957,409.71705300554567,390.63356344953246,53.21618743865425,24.146829675376054,16.16601584841008,395.29331563313804,394.87809702555336,18.309999465942383,21.429691240158945
270,2021-07-28,V,250.0500030517578,251.5,245.91000366210938,242.9134521484375,9036500.0,2.0,3.7405885497710756,248.92697849343094,228.4804830544206,59.09134869798164,112.45202405849481,24.10018870051705,235.8865946451823,230.42371317545573,18.309999465942383,21.429691240158945
270,2021-07-28,VZ,56.2400016784668,56.31999969482422,55.689998626708984,48.63592529296875,14595900.0,2.0,-0.0349908490541182,49.337980938813295,48.31709299001971,47.37612613256305,-62.20158452632793,11.832946479644905,48.73864555358887,49.19196580251058,18.309999465942383,21.429691240158945
270,2021-07-28,WBA,46.810001373291016,47.25,46.54999923706055,42.17249298095703,3333800.0,2.0,-1.1126972823167236,44.9384181344647,39.68765455840639,41.21909165798217,-53.96030630739326,29.713748451174038,43.76115862528483,46.08633244832357,18.309999465942383,21.429691240158945
270,2021-07-28,WMT,142.47999572753906,143.25,141.66000366210938,137.21246337890625,4690500.0,2.0,0.7725274293967743,138.22431470150514,134.2196138263269,54.4449251463508,96.49648651132604,19.578869086180053,134.93171234130858,135.39725824991862,18.309999465942383,21.429691240158945
271,2021-07-29,AAPL,144.69000244140625,146.5500030517578,144.5800018310547,143.75894165039062,56699500.0,3.0,3.0938776361979308,149.17609565620313,137.28265678520313,59.422248841681856,53.92889390622791,9.78151991501214,139.47138112386068,132.20369148254395,17.700000762939453,9.729191523772235
271,2021-07-29,AMGN,244.4600067138672,245.16000366210938,242.2100067138672,225.30296325683594,1498900.0,3.0,0.35166321102096276,231.12812341201433,224.92683722030986,48.67686995528697,-21.093118586309473,7.793564441582188,226.6974299112956,226.7312344868978,17.700000762939453,9.729191523772235
271,2021-07-29,AXP,171.38999938964844,173.82000732421875,171.0,166.85955810546875,3186900.0,3.0,1.7769278571141172,170.82553572454992,160.3521589775985,56.894272247182165,67.56257980195232,12.56379752975478,163.54930216471354,159.17831853230794,17.700000762939453,9.729191523772235
271,2021-07-29,BA,233.69000244140625,234.82000732421875,231.1199951171875,231.6300048828125,8667900.0,3.0,-3.487038274167105,245.38661136608545,209.86538753528174,49.072385130316675,-1.0954098650855817,2.6071929515461547,232.53166707356772,235.94066645304363,17.700000762939453,9.729191523772235
271,2021-07-29,CAT,214.0,214.50999450683594,209.69000244140625,203.4402313232422,3419700.0,3.0,-2.2838752076772266,209.12146370245202,195.70972678827061,46.178617550945106,-7.451550849193681,9.197416320426381,202.9501698811849,214.09241689046223,17.700000762939453,9.729191523772235
271,2021-07-29,CRM,243.49000549316406,246.16000366210938,243.49000549316406,244.0399932861328,3271100.0,3.0,1.168618851884844,251.6716005371735,236.6793989135101,54.2137436721976,13.739991900349077,1.161404505568995,244.01466623942056,235.78033269246419,17.700000762939453,9.729191523772235
271,2021-07-29,CSCO,55.0,55.349998474121094,54.900001525878906,51.45840835571289,10680200.0,3.0,0.5280693154589002,51.938049911191,48.859501816103915,59.015452733062496,160.45357630151886,13.025563561428854,49.9654115041097,49.65546468098958,17.700000762939453,9.729191523772235
271,2021-07-29,CVX,102.37999725341797,102.87999725341797,101.94000244140625,93.89366149902344,8681300.0,3.0,-1.1058683617339824,98.21742715507924,87.72717733710826,49.343391417941774,-10.555928201119105,5.159708878868007,94.19635899861653,95.97356974283854,17.700000762939453,9.729191523772235
271,2021-07-29,DIS,179.80999755859375,181.4199981689453,178.27000427246094,178.35000610351562,6209100.0,3.0,0.35987820342270993,185.36229406188735,170.5557067315697,50.206675398634815,61.92457921298691,5.4074369289112205,177.05333353678387,176.90499954223634,17.700000762939453,9.729191523772235
271,2021-07-29,GS,377.0299987792969,379.510009765625,374.80999755859375,355.8564147949219,1296600.0,3.0,1.5338793598889993,362.058121613686,338.12469088631394,54.92608998974913,89.0965765759922,13.817738968632936,347.9076894124349,348.55848795572916,17.700000762939453,9.729191523772235
271,2021-07-29,HD,326.489990234375,328.55999755859375,325.44000244140625,309.969482421875,2172400.0,3.0,3.2410634606883377,314.31412717202176,298.3109155525876,56.7971482242489,93.28944927076796,17.735993192893915,302.4917409261068,301.1676651000977,17.700000762939453,9.729191523772235
271,2021-07-29,HON,232.88999938964844,233.25,231.33999633789062,222.6907958984375,1501900.0,3.0,2.4513305269618684,226.26842099318532,207.11418551316234,56.43575800703434,117.06758478136094,9.60499506423963,213.42093607584636,214.8432881673177,17.700000762939453,9.729191523772235
271,2021-07-29,IBM,136.07073974609375,136.67303466796875,135.3728485107422,121.5176773071289,2793761.0,3.0,-0.5060921398140721,123.86865774550861,117.45003884872966,50.409278218014066,-11.14057192862323,7.676614604400224,121.99427744547526,123.44629249572753,17.700000762939453,9.729191523772235
271,2021-07-29,INTC,53.47999954223633,54.099998474121094,53.31999969482422,49.96354293823242,16886600.0,3.0,-0.7390714990883964,53.83276608249426,49.11167056301355,43.568265267421296,-145.19938203720025,21.190239705361734,51.75087916056315,52.17859338124593,17.700000762939453,9.729191523772235
271,2021-07-29,JNJ,172.74000549316406,173.33999633789062,171.08999633789062,162.1034698486328,4214100.0,3.0,1.44955822974228,163.1071269288585,156.26724440903214,59.100325116119585,114.39374985076223,25.813975840197934,157.85209096272786,157.7241439819336,17.700000762939453,9.729191523772235
271,2021-07-29,JPM,153.13999938964844,153.8699951171875,151.91000366210938,143.1627655029297,9063500.0,3.0,-0.9320876706761965,148.25912244916506,138.15716478228026,49.175861989389055,9.318676882099169,4.863772741860999,142.67181396484375,146.65695241292318,17.700000762939453,9.729191523772235
271,2021-07-29,KO,57.06999969482422,57.25,56.86000061035156,53.324581146240234,9599100.0,3.0,0.621166157498827,54.2987999254163,49.754708070189174,61.15761649289363,114.96104885223832,29.55109910047609,51.59320958455404,51.341963640848796,17.700000762939453,9.729191523772235
271,2021-07-29,MCD,243.32000732421875,245.1999969482422,242.97999572753906,232.22146606445312,2572300.0,3.0,2.5921576782764078,234.24470412520046,216.79521591874484,59.47481864122286,177.27623368815512,12.608524294038295,223.99541676839192,222.62431920369465,17.700000762939453,9.729191523772235
271,2021-07-29,MMM,200.0,200.0,197.94000244140625,179.254150390625,2120200.0,3.0,0.14795997728560906,183.60075357549198,177.91702443964476,49.93103299571284,19.317006893462175,12.788296851833705,179.25990346272786,181.07699610392254,17.700000762939453,9.729191523772235
271,2021-07-29,MRK,77.55000305175781,77.91999816894531,76.80999755859375,71.7013931274414,11583000.0,3.0,0.30019805013901646,73.62475750457308,71.03629443634487,53.02211971376037,-9.33877019709469,8.685464390692283,72.0729741414388,70.48310991923015,17.700000762939453,9.729191523772235
271,2021-07-29,MSFT,286.239990234375,288.6199951171875,286.0799865722656,280.8642272949219,18168300.0,3.0,5.7331848354824615,285.02962720299183,266.5661369571644,65.353277137487,103.446831294937,31.865543270156525,270.6723948160807,257.6244087219238,17.700000762939453,9.729191523772235
271,2021-07-29,NKE,165.89999389648438,167.02999877929688,165.38999938964844,163.09300231933594,3605600.0,3.0,5.396406340365644,163.24886131090557,152.89412574964132,69.5745939830132,84.34213559189921,47.666276321393894,151.08037490844725,140.89838409423828,17.700000762939453,9.729191523772235
271,2021-07-29,PG,139.75999450683594,140.17999267578125,138.72999572753906,132.7465057373047,5430500.0,3.0,1.3153574885760406,134.74006256794036,127.37641845012604,57.89248565465859,87.024979443052,19.564996227332472,129.5452542622884,129.0514985402425,17.700000762939453,9.729191523772235
271,2021-07-29,TRV,147.4499969482422,149.0,145.97999572753906,141.6645965576172,1221700.0,3.0,-1.0793198153942853,149.07492400727793,138.78734711088615,46.74855801103953,-86.20862780084188,41.756970246329814,143.1772028605143,146.36143595377604,17.700000762939453,9.729191523772235
271,2021-07-29,UNH,411.2799987792969,412.5799865722656,408.4200134277344,399.4923095703125,1597300.0,3.0,2.288138667204464,408.46296295822253,393.01609282791026,54.66387721949516,29.380486330159798,16.166015848410073,395.81939290364585,394.91430714925133,17.700000762939453,9.729191523772235
271,2021-07-29,V,248.11000061035156,250.3800048828125,247.10000610351562,243.87745666503906,7495300.0,3.0,3.6426777330463267,248.9995075548771,229.79496113408774,59.729474066825894,107.77692525712409,24.100188700517045,236.4873036702474,230.68974609375,17.700000762939453,9.729191523772235
271,2021-07-29,VZ,55.88999938964844,56.18000030517578,55.880001068115234,48.86286926269531,12841900.0,3.0,-0.029403722424490297,49.31381794555352,48.39122355835273,49.09707022770136,-22.26709348992003,11.832946479644901,48.7377503712972,49.16332143147786,17.700000762939453,9.729191523772235
271,2021-07-29,WBA,47.52000045776367,47.529998779296875,46.95000076293945,42.10982894897461,3084600.0,3.0,-1.0285204443985094,43.41403911697144,40.713411063082276,41.043072580039706,-45.11386665011609,24.45403548800565,43.57406349182129,45.98759441375732,17.700000762939453,9.729191523772235
271,2021-07-29,WMT,142.63999938964844,142.85000610351562,142.02000427246094,137.38632202148438,3687700.0,3.0,0.7630219893046046,138.34973793968956,134.2120250607987,54.80193635678737,93.60841816478222,19.57886908618005,135.09558970133463,135.430588277181,17.700000762939453,9.729191523772235
272,2021-07-30,AAPL,144.3800048828125,146.3300018310547,144.11000061035156,143.97610473632812,70440600.0,4.0,2.874518584932275,148.35832248819912,138.94833492146887,59.620991457448326,49.089166545423815,7.351779329948818,139.9343241373698,132.49944178263345,18.239999771118164,22.545466468883617
272,2021-07-30,AMGN,242.6199951171875,243.10000610351562,240.6300048828125,224.4480438232422,2284100.0,4.0,0.08113330067905622,231.18972414279787,224.36716672634273,47.77721787957065,-72.94456998182214,0.849713539138703,226.72158966064453,226.63724161783855,18.239999771118164,22.545466468883617
272,2021-07-30,AXP,172.32000732421875,173.24000549316406,169.82000732421875,165.4816436767578,3441900.0,4.0,1.6073655690270527,170.72114569850532,160.80492241672903,55.573916262343054,44.15500729540602,8.342957228673335,163.83466186523438,159.41359202067056,18.239999771118164,22.545466468883617
272,2021-07-30,BA,229.38999938964844,231.17999267578125,225.39999389648438,226.47999572753906,9940100.0,4.0,-3.2049967419588654,243.78682484827874,210.14017405308846,46.96011512099732,-36.028046690381444,7.209607600339762,232.10700022379558,235.9123331705729,18.239999771118164,22.545466468883617
272,2021-07-30,CAT,207.89999389648438,208.6699981689453,203.14999389648438,197.87948608398438,5834900.0,4.0,-2.427767701505502,208.72992374374826,195.25870845840018,42.555458905816785,-131.8376095893154,24.17712204657781,202.89969889322916,213.6160982767741,18.239999771118164,22.545466468883617
272,2021-07-30,CRM,243.0,244.24000549316406,241.6300048828125,241.92999267578125,3748400.0,4.0,0.9125094475998026,251.57408478192426,236.47191436358358,52.54582608484931,-42.204653264777235,4.624455986947501,243.93133290608725,236.2224993387858,18.239999771118164,22.545466468883617
272,2021-07-30,CSCO,55.08000183105469,55.4900016784668,55.0099983215332,51.738731384277344,13438800.0,4.0,0.5552372963936776,52.10651040758523,48.90595754895773,60.03708860628819,157.45086924369264,15.422113800034909,50.04663912455241,49.727010091145836,18.239999771118164,22.545466468883617
272,2021-07-30,CVX,103.05999755859375,104.05000305175781,100.7699966430664,93.19793701171875,12295300.0,4.0,-0.9535235374786168,97.62296986135496,87.91885295358645,48.346103000706606,-15.084696345579841,5.159708878868003,94.03585662841797,95.88458582560222,18.239999771118164,22.545466468883617
272,2021-07-30,DIS,177.52999877929688,179.1999969482422,175.13999938964844,176.02000427246094,6813400.0,4.0,0.16839091454426125,185.34557283060707,170.44842893941245,48.0273903389369,-4.509245788174237,6.937058616311924,177.0990005493164,176.81349970499676,18.239999771118164,22.545466468883617
272,2021-07-30,GS,376.57000732421875,379.95001220703125,373.05999755859375,353.33990478515625,1474900.0,4.0,1.571631177060226,362.0469161443408,338.125532586128,53.81834399148589,71.28571067408532,10.79773480449345,348.32806498209635,348.8485361735026,18.239999771118164,22.545466468883617
272,2021-07-30,HD,326.8500061035156,330.1099853515625,326.3399963378906,310.68902587890625,2381200.0,4.0,3.1940564430482254,314.80443613377304,298.4501506582192,57.22029023377353,102.48942804248233,21.38043251681084,303.28284708658856,301.13409118652345,18.239999771118164,22.545466468883617
272,2021-07-30,HON,232.7899932861328,233.94000244140625,232.0800018310547,223.56097412109375,2237300.0,4.0,2.620646513855064,226.9692512675875,207.67273481639685,57.00356142614911,116.41942328350187,11.602186396215345,213.97874704996744,214.9796485900879,18.239999771118164,22.545466468883617
272,2021-07-30,IBM,135.29637145996094,135.6118621826172,134.5984649658203,120.68716430664062,3698238.0,4.0,-0.5059348239831394,122.56126210483154,118.25399668423097,49.00707621964192,-35.34152709819593,2.1880567663178927,121.86185404459636,123.4084016164144,18.239999771118164,22.545466468883617
272,2021-07-30,INTC,53.650001525878906,53.900001525878906,53.25,49.98215103149414,16465700.0,4.0,-0.7420640588559877,53.7957957958902,48.93557436707367,43.62263314696953,-134.5189684180952,21.794545310237584,51.64357083638509,52.13545290629069,18.239999771118164,22.545466468883617
272,2021-07-30,JNJ,172.5399932861328,172.97999572753906,171.83999633789062,162.12229919433594,5346400.0,4.0,1.4628204108258274,163.15744292110145,156.8044070544845,59.12979850604888,111.58806904723069,25.813975840197934,158.07114003499348,157.82089411417644,18.239999771118164,22.545466468883617
272,2021-07-30,JPM,152.5800018310547,153.6699981689453,151.1999969482422,142.02120971679688,9805200.0,4.0,-0.8883895329723543,147.88317330817884,138.12140585441884,47.94509588599385,-13.442273414358398,8.273660857750208,142.6995590209961,146.5815116882324,18.239999771118164,22.545466468883617
272,2021-07-30,KO,57.150001525878906,57.25,56.900001525878906,53.305885314941406,11727000.0,4.0,0.6193609780427138,54.38099566570328,49.95946415790512,61.03192227218979,104.89613142385781,29.551099100476097,51.65801518758138,51.395457140604655,18.239999771118164,22.545466468883617
272,2021-07-30,MCD,243.85000610351562,245.41000366210938,242.2100067138672,230.9748077392578,2336800.0,4.0,2.6070103308070998,234.7985414472975,217.2348997148119,58.05146320777777,145.801439704559,9.61022238399719,224.27551879882813,222.7664477030436,18.239999771118164,22.545466468883617
272,2021-07-30,MMM,198.0,199.24000549316406,197.1999969482422,179.04611206054688,1910300.0,4.0,0.016119424345845346,183.63726648795128,177.77648778450967,49.679124198865736,-0.5373423358034505,15.679418549964867,179.34432678222657,181.04641494750976,18.239999771118164,22.545466468883617
272,2021-07-30,MRK,77.12000274658203,77.76000213623047,76.7699966430664,71.6454849243164,13004500.0,4.0,0.24069414783134846,73.59562216539013,70.96104211073293,52.828346565068166,-21.01879304102064,8.090421128987641,72.06178970336914,70.53531379699707,18.239999771118164,22.545466468883617
272,2021-07-30,MSFT,285.1700134277344,286.6600036621094,283.9100036621094,279.3055114746094,20944800.0,4.0,5.389727990918914,284.62713003280317,268.2734498011812,63.718062118751455,83.67731223013429,21.71909964995776,271.4569839477539,258.26175053914386,18.239999771118164,22.545466468883617
272,2021-07-30,NKE,166.58999633789062,167.8699951171875,166.35000610351562,163.60084533691406,5364400.0,4.0,5.3462955671321595,163.954324328833,153.11746674782714,69.9135579638753,90.11589495144634,49.73240392720647,152.33668848673503,141.4773208618164,18.239999771118164,22.545466468883617
272,2021-07-30,PG,142.0,144.5399932861328,141.5500030517578,135.3637237548828,14394300.0,4.0,1.4804894879798667,135.27584021660516,127.58633934882452,62.25509290660591,169.21827676133168,41.381913652550736,129.83322728474934,129.20383961995444,18.239999771118164,22.545466468883617
272,2021-07-30,TRV,148.75999450683594,150.5500030517578,148.32000732421875,141.70263671875,984100.0,4.0,-1.0698415525163227,149.02354389757738,138.5618290272273,46.793648521913624,-38.595496640690776,30.116305498846486,143.1787892659505,146.2110903422038,18.239999771118164,22.545466468883617
272,2021-07-30,UNH,410.760009765625,413.7699890136719,410.25,399.6280517578125,1864200.0,4.0,2.048923016064805,407.8152129596153,394.37445073667374,54.73359997737029,36.711975905144044,12.557849107731839,396.3467742919922,394.9341054280599,18.239999771118164,22.545466468883617
272,2021-07-30,V,247.2100067138672,248.4600067138672,246.0,242.37240600585938,5804700.0,4.0,3.404393960999272,248.83998480269514,231.06015405228533,58.26166671143965,81.63171160217209,19.46177669697626,236.95422922770183,230.97686080932618,18.239999771118164,22.545466468883617
272,2021-07-30,VZ,56.029998779296875,56.18000030517578,55.7599983215332,48.68829345703125,13856900.0,4.0,-0.038617533950848326,49.30876783874674,48.40634065124349,47.85177963906216,-57.255804546816066,15.032306308934876,48.73420079549154,49.13047275543213,18.239999771118164,22.545466468883617
272,2021-07-30,WBA,46.95000076293945,47.5,46.900001525878906,42.20829391479492,9695000.0,4.0,-0.9429941445464465,43.13724703765938,40.85055317901542,41.44949590012331,-42.15499108355182,25.034278203344552,43.40517044067383,45.88532021840413,18.239999771118164,22.545466468883617
272,2021-07-30,WMT,141.1999969482422,142.9600067138672,141.1999969482422,137.6857452392578,5444100.0,4.0,0.77076491270941,138.43037795659643,134.4433631933059,55.42431624194412,84.96090828865812,7.817597687720713,135.2510950724284,135.47083257039387,18.239999771118164,22.545466468883617
273,2021-08-02,AAPL,146.36000061035156,146.9499969482422,145.25,143.64048767089844,62880000.0,0.0,2.6431251625111543,147.85828524920598,139.99718807843075,59.15776212503991,52.35417123101463,10.155752936711885,140.42984008789062,132.7626640319824,19.459999084472656,14.772943482224013
273,2021-08-02,AMGN,242.1199951171875,242.47999572753906,238.3699951171875,222.82188415527344,1849400.0,0.0,-0.26146706755420723,231.07428735305598,223.65465399215884,46.1006533437438,-128.26722185086555,8.1930189235425,226.75597178141277,226.4861572265625,19.459999084472656,14.772943482224013
273,2021-08-02,AXP,171.13999938964844,173.36000061035156,168.75999450683594,164.25892639160156,2895700.0,0.0,1.358661365367709,170.69796936592024,160.9028195134743,54.41469653317437,24.48718716309238,4.577364237967552,164.20702412923177,159.6205820719401,19.459999084472656,14.772943482224013
273,2021-08-02,BA,227.19000244140625,230.47000122070312,224.8699951171875,225.33999633789062,8889100.0,0.0,-3.038439974394919,242.59371228369767,210.19928698388046,46.501760582343465,-39.26484396897165,8.08065447750765,231.7066665649414,235.83783315022785,19.459999084472656,14.772943482224013
273,2021-08-02,CAT,208.0,210.89999389648438,204.9499969482422,196.35772705078125,3977100.0,0.0,-2.634231000441247,208.1446598634549,194.74928544904512,41.63076715387565,-111.24393162304513,17.13381264773789,202.81722513834634,213.12726898193358,19.459999084472656,14.772943482224013
273,2021-08-02,CRM,242.30999755859375,242.47000122070312,238.8800048828125,240.86000061035156,3525700.0,0.0,0.6160994709593126,251.06443300553852,236.24756650618022,51.71123955421943,-90.15776010119801,12.531064766085203,243.8673329671224,236.60266596476237,19.459999084472656,14.772943482224013
273,2021-08-02,CSCO,55.599998474121094,55.939998626708984,55.2599983215332,51.8134880065918,12468800.0,0.0,0.5761587522235629,52.28044207386629,48.910500308946204,60.31003094177172,161.65869811405227,22.73691069529139,50.1631462097168,49.77954126993815,19.459999084472656,14.772943482224013
273,2021-08-02,CVX,102.08000183105469,103.9800033569336,101.55999755859375,93.03317260742188,8911800.0,0.0,-0.8364422910403562,96.9769930003721,88.15838679088766,48.107894372520605,-8.603009566377946,5.159708878868006,93.99313735961914,95.79195162455241,19.459999084472656,14.772943482224013
273,2021-08-02,DIS,177.22000122070312,178.82000732421875,175.30999755859375,175.5500030517578,5847200.0,0.0,-0.021046698787415608,185.33464313623625,170.30335887792393,47.59627692053827,-14.073080266902549,6.937058616311926,177.20333404541014,176.70949986775716,19.459999084472656,14.772943482224013
273,2021-08-02,GS,376.1700134277344,386.92999267578125,375.75,356.459716796875,2383200.0,0.0,1.8321723774646443,362.5261376506457,338.0261603229871,54.98272138150319,113.86223240520708,19.863562755668376,349.25050150553386,349.0598520914713,19.459999084472656,14.772943482224013
273,2021-08-02,HD,330.0,330.0,326.4200134277344,309.77069091796875,2016400.0,0.0,3.0475705896878935,315.1166049352451,298.5658718713955,56.48980548173816,95.33117001270146,21.380432516810853,304.05943501790364,300.9984151204427,19.459999084472656,14.772943482224013
273,2021-08-02,HON,235.13999938964844,236.86000061035156,232.22000122070312,222.25088500976562,2025300.0,0.0,2.618928038706997,227.34996801076596,208.35344690622622,55.86944386969517,115.25857572977523,19.634498019395263,214.6136942545573,215.0549748738607,19.459999084472656,14.772943482224013
273,2021-08-02,IBM,135.2294464111328,136.76864624023438,134.82791137695312,121.08099365234375,3064257.0,0.0,-0.46862934583748483,122.62635277602209,118.30876837876306,49.69352616595153,-14.719392224267073,9.55020118234358,121.81333643595377,123.331915918986,19.459999084472656,14.772943482224013
273,2021-08-02,INTC,53.9900016784668,54.470001220703125,53.540000915527344,49.94493103027344,18098100.0,0.0,-0.7389212033997055,53.63163347440443,48.81316747469224,43.53584433736744,-102.7796887254337,14.174000739645464,51.58185297648112,52.08102327982585,19.459999084472656,14.772943482224013
273,2021-08-02,JNJ,172.47000122070312,172.83999633789062,171.3000030517578,162.188232421875,3721500.0,0.0,1.4618003211556072,163.4294565539512,156.84213921020896,59.236207217145186,102.84299652203612,20.329718592732398,158.3940673828125,157.90829493204754,19.459999084472656,14.772943482224013
273,2021-08-02,JPM,152.02999877929688,154.4499969482422,151.07000732421875,141.45042419433594,10203200.0,0.0,-0.8895617512870615,147.48904953158893,138.06077651821573,47.33234961708688,-18.53399314222866,3.900388362659693,142.82736155192057,146.44740473429363,19.459999084472656,14.772943482224013
273,2021-08-02,KO,57.20000076293945,57.2400016784668,56.709999084472656,53.165687561035156,9778000.0,0.0,0.5997045524815192,54.42652629200811,50.16630284007197,60.074129018833204,90.78224581512156,24.49078688851385,51.75491231282552,51.43826465606689,19.459999084472656,14.772943482224013
273,2021-08-02,MCD,244.24000549316406,244.67999267578125,239.69000244140625,228.4910125732422,2693900.0,0.0,2.3907999988249458,234.9937591655217,217.65540007520096,55.32264403332222,100.26090235903177,0.2700327183341498,224.60796203613282,222.87001876831056,19.459999084472656,14.772943482224013
273,2021-08-02,MMM,199.07000732421875,200.6999969482422,197.44000244140625,178.6662139892578,1332500.0,0.0,-0.11766341255417956,183.6677919559845,177.53158395954284,49.21012271462203,7.721117086700429,8.120190071680016,179.5228235880534,180.9949857076009,19.459999084472656,14.772943482224013
273,2021-08-02,MRK,76.93000030517578,77.26000213623047,76.13999938964844,71.00235748291016,9083400.0,0.0,0.14002771453988316,73.51553551076664,70.81557410837398,50.62663542736998,-92.7776158796591,1.0318879428425565,72.04842961629232,70.57562306722005,19.459999084472656,14.772943482224013
273,2021-08-02,MSFT,286.3599853515625,286.7699890136719,283.739990234375,279.2173156738281,16267400.0,0.0,5.052180906472984,284.80976138739203,268.793720668272,63.624878690185525,80.53937855531096,20.939732444310796,272.286669921875,258.8444803873698,19.459999084472656,14.772943482224013
273,2021-08-02,NKE,169.05999755859375,169.97999572753906,168.02999877929688,164.8119354248047,5532500.0,0.0,5.342719719705343,164.93371487619913,153.0180490398165,70.71834867438525,106.0609022660905,54.55048035808004,153.6499750773112,142.0556490580241,19.459999084472656,14.772943482224013
273,2021-08-02,PG,141.77000427246094,142.42999267578125,140.8000030517578,135.0306396484375,7009500.0,0.0,1.566423923602855,135.666882212158,127.84526988745137,61.41734221300332,128.00080077064285,34.66541717343527,130.1718889872233,129.32414766947429,19.459999084472656,14.772943482224013
273,2021-08-02,TRV,149.82000732421875,151.8000030517578,148.67999267578125,141.73117065429688,898600.0,0.0,-1.047947425174982,148.99500883070507,138.37341310533006,46.82858463535894,-26.234778570565446,21.514259519396717,143.31168619791666,146.0421376546224,19.459999084472656,14.772943482224013
273,2021-08-02,UNH,413.57000732421875,416.44000244140625,412.80999755859375,402.87567138671875,1806500.0,0.0,2.0972231684343114,407.85075815088214,394.9409349643522,56.39340078143366,63.665978286993564,4.754024327285693,397.1934295654297,394.96826629638673,19.459999084472656,14.772943482224013
273,2021-08-02,V,246.24000549316406,247.8300018310547,238.3699951171875,235.8701934814453,9989500.0,0.0,2.6602128674365133,248.77044570206135,231.2428157115129,52.496115472141604,11.804122726178361,6.461070144868035,237.26146901448567,231.1210619608561,19.459999084472656,14.772943482224013
273,2021-08-02,VZ,56.060001373291016,56.2599983215332,55.68000030517578,48.670833587646484,13833400.0,0.0,-0.04678905639163844,49.30994729640686,48.40053511020935,47.726536127299404,-64.79288472806854,15.032306308934878,48.75049743652344,49.088701311747236,19.459999084472656,14.772943482224013
273,2021-08-02,WBA,47.41999816894531,47.77000045776367,46.779998779296875,41.92184066772461,4118400.0,0.0,-0.8880909590207153,42.94661973251829,40.921224658350845,40.60705291057666,-41.24702886944389,19.726022907992444,43.285513178507486,45.77841962178548,19.459999084472656,14.772943482224013
273,2021-08-02,WMT,142.8300018310547,142.8699951171875,141.6699981689453,137.36700439453125,6652800.0,0.0,0.7426210398693627,138.50195585358915,134.57558473478974,54.59642098303744,83.17626776078477,7.8175976877207205,135.478076171875,135.48966700236002,19.459999084472656,14.772943482224013
274,2021-08-03,AAPL,145.80999755859375,148.0399932861328,145.17999267578125,145.45672607421875,64786600.0,1.0,2.576598049910359,147.7551251216626,140.62745239298587,60.860185961378214,63.09023227736788,14.990826622925194,140.92535603841145,133.04480514526367,18.040000915527344,21.435938101701648
274,2021-08-03,AMGN,240.75999450683594,244.38999938964844,239.41000366210938,226.80831909179688,2320400.0,1.0,-0.20890027203077466,231.07685776516905,223.69203871920593,50.50522355477399,-55.43368058817333,0.08557278455635065,226.87491455078126,226.35676015218098,18.040000915527344,21.435938101701648
274,2021-08-03,AXP,169.75,170.2899932861328,165.3000030517578,164.03570556640625,3642000.0,1.0,1.1305175346746523,170.70516317010865,160.84516336797728,54.201178086085406,-32.28218489251949,6.73327206263491,164.35481974283854,159.78997624715169,18.040000915527344,21.435938101701648
274,2021-08-03,BA,225.89999389648438,229.10000610351562,221.3000030517578,229.08999633789062,7326400.0,1.0,-2.5741753847149482,241.6442361432136,210.44376281918878,48.221534908004436,-38.794891533190835,13.900296235866778,231.16699981689453,235.73149973551432,18.040000915527344,21.435938101701648
274,2021-08-03,CAT,205.30999755859375,209.2899932861328,203.42999267578125,199.55441284179688,3580500.0,1.0,-2.5109639949059783,207.952292067259,194.5702741558855,44.26264298521213,-101.47703363902686,20.422553470990263,202.7032689412435,212.62952117919923,18.040000915527344,21.435938101701648
274,2021-08-03,CRM,241.3800048828125,243.0500030517578,239.0399932861328,241.1300048828125,3077900.0,1.0,0.39838715805026936,249.9969697676022,236.40303023239778,51.9106259886685,-77.13562695661747,10.466426865082806,243.75566660563152,237.01316604614257,18.040000915527344,21.435938101701648
274,2021-08-03,CSCO,55.540000915527344,56.41999816894531,55.27000045776367,52.56102752685547,17357400.0,1.0,0.6456170767583487,52.56595999439674,48.93053773204368,62.929143411149205,172.95466208264236,29.67224135786868,50.27023722330729,49.82922026316325,18.040000915527344,21.435938101701648
274,2021-08-03,CVX,101.58999633789062,102.91000366210938,100.66999816894531,93.92112731933594,8437300.0,1.0,-0.6643458697632099,96.78880385086323,88.21933442428325,49.49522239496707,-15.884144162908354,10.231592932021606,93.8878651936849,95.69904416402181,18.040000915527344,21.435938101701648
274,2021-08-03,DIS,176.02000427246094,176.1300048828125,170.9199981689453,172.99000549316406,9931300.0,1.0,-0.37344296235352203,185.38662165866708,170.18138066066888,45.30482459121454,-100.17644413110199,21.643966550159988,177.17066752115886,176.51200002034506,18.040000915527344,21.435938101701648
274,2021-08-03,GS,380.25,381.30999755859375,371.7699890136719,358.5050048828125,1494600.0,1.0,2.17857752563458,363.5264219119214,338.0155458615161,55.73953605384868,82.16676194126224,12.871434378011207,349.96746114095055,349.22822723388674,18.040000915527344,21.435938101701648
274,2021-08-03,HD,328.3500061035156,333.010009765625,328.0299987792969,314.2390441894531,2405900.0,1.0,3.2545221554106547,316.04492260644406,298.837938721681,59.11689351888146,132.16651863984228,28.41754470367882,304.82750549316404,300.91100056966144,18.040000915527344,21.435938101701648
274,2021-08-03,HON,233.1699981689453,233.85000610351562,230.5800018310547,222.47085571289062,1783000.0,1.0,2.60528384174674,227.2599549600426,209.79081103116835,56.02142319675914,90.68064666481855,13.44562488055352,215.1444112141927,215.13190485636395,18.040000915527344,21.435938101701648
274,2021-08-03,IBM,135.65965270996094,138.33651733398438,135.420654296875,123.34989929199219,4272596.0,1.0,-0.25306558007234514,123.06520152371105,118.32283940036122,53.42979987000271,38.1661359513096,18.444051990917647,121.73970438639323,123.31208101908366,18.040000915527344,21.435938101701648
274,2021-08-03,INTC,53.88999938964844,54.15999984741211,53.2599983215332,50.29849624633789,16375900.0,1.0,-0.6998334651835094,53.52599894940146,48.72992756427042,44.61860422384665,-97.939525700939,16.90416363480189,51.525717671712236,52.0250431060791,18.040000915527344,21.435938101701648
274,2021-08-03,JNJ,172.72999572753906,174.5,172.44000244140625,164.18417358398438,6033000.0,1.0,1.6035627900875795,164.0539952730274,156.82203164347652,62.3092711495195,138.66743811803215,30.31203025889922,158.72515411376952,158.0171101888021,18.040000915527344,21.435938101701648
274,2021-08-03,JPM,151.9499969482422,153.32000732421875,149.52000427246094,143.0598602294922,10394800.0,1.0,-0.7519546403099184,147.45296886233592,138.0482060644219,49.22516826313681,-35.66983359291422,11.494167075980029,142.93097432454428,146.33159408569335,18.040000915527344,21.435938101701648
274,2021-08-03,KO,57.0,57.0,56.75,53.20307159423828,8825500.0,1.0,0.5804521812291981,54.39739853796327,50.479579001099225,60.24622134095818,81.59660987765646,24.49078688851386,51.834673182169595,51.48215916951497,18.040000915527344,21.435938101701648
274,2021-08-03,MCD,239.55999755859375,239.9499969482422,235.25,225.49330139160156,3300000.0,1.0,1.9550252000319972,234.9044202459344,218.1444307672492,52.2557888930638,22.706708604147295,13.596877446963218,224.73643442789714,222.92394332885743,18.040000915527344,21.435938101701648
274,2021-08-03,MMM,198.5399932861328,202.2100067138672,197.39999389648438,181.84117126464844,2208200.0,1.0,0.032134813125708206,183.6628335611798,177.91102355551942,53.04275332585953,59.497082490894734,0.8352357803589848,179.69830576578775,180.98659439086913,18.040000915527344,21.435938101701648
274,2021-08-03,MRK,76.36000061035156,76.80999755859375,76.19000244140625,71.21674346923828,9952400.0,1.0,0.07666426041986085,73.46491239051136,70.70775148888316,51.326173602272405,-96.5045338662962,1.031887942842554,72.03786671956381,70.61024691263835,18.040000915527344,21.435938101701648
274,2021-08-03,MSFT,285.4200134277344,287.2300109863281,284.0,281.4720458984375,17879000.0,1.0,4.910010748183879,285.22491093206565,269.30596675348124,64.97935136493996,86.87872305722222,22.377309512690033,273.0869455973307,259.4202870686849,18.040000915527344,21.435938101701648
274,2021-08-03,NKE,169.22000122070312,171.5,168.49000549316406,167.2340545654297,5718100.0,1.0,5.47224991633297,166.38810124940733,152.64971308164735,72.2538733369039,124.63805367704396,57.674498885083494,154.98963165283203,142.60416768391926,18.040000915527344,21.435938101701648
274,2021-08-03,PG,141.86000061035156,144.2100067138672,141.52000427246094,137.00067138671875,8455700.0,1.0,1.7730540169754363,136.4483863509763,127.90317157138695,64.35237577112665,156.2271073837366,41.69284865265043,130.5434310913086,129.47713190714518,18.040000915527344,21.435938101701648
274,2021-08-03,TRV,149.0800018310547,150.4600067138672,147.5,143.10137939453125,890000.0,1.0,-0.9095470848725995,148.9796722968139,138.34592889947518,48.50815378160251,-43.32947271087947,26.42273547750919,143.36687520345052,145.89113286336263,18.040000915527344,21.435938101701648
274,2021-08-03,UNH,415.82000732421875,422.1400146484375,415.0799865722656,409.0122985839844,2496500.0,1.0,2.6006967033384285,409.01030129278286,394.90983115350616,59.30986707735668,115.37967854533079,9.555918909071242,397.9634948730469,395.06156056722006,18.040000915527344,21.435938101701648
274,2021-08-03,V,240.6300048828125,241.38999938964844,234.02999877929688,233.2240447998047,9839000.0,1.0,1.8357604022358203,248.96657390061608,230.7997789436222,50.39652375131306,-54.862830302835775,17.364178240129107,237.3522964477539,231.20806427001952,18.040000915527344,21.435938101701648
274,2021-08-03,VZ,55.7599983215332,55.95000076293945,55.56999969482422,48.644649505615234,12573100.0,1.0,-0.05474679639882396,49.3116143088856,48.39421302265736,47.533527462613385,-118.58795451223742,18.143597883366667,48.74952112833659,49.054693603515624,18.040000915527344,21.435938101701648
274,2021-08-03,WBA,46.9900016784668,47.529998779296875,46.540000915527344,42.512664794921875,4153700.0,1.0,-0.7878236786298771,42.91039052161698,40.938655041127156,43.075632918268866,-37.55911364424765,22.83866381978233,43.153024673461914,45.680330721537274,18.040000915527344,21.435938101701648
274,2021-08-03,WMT,142.44000244140625,143.89999389648438,142.36000061035156,138.91241455078125,6305100.0,1.0,0.8353886614776513,138.84628740279243,134.6060136225982,57.76101379358537,124.78974376600955,19.221235301623036,135.71697082519532,135.54794158935547,18.040000915527344,21.435938101701648
275,2021-08-04,AAPL,147.27000427246094,147.7899932861328,146.27999877929688,145.0520477294922,56368300.0,2.0,2.4628306943057794,147.82049859380447,140.7970047631291,60.28102516336939,62.67463107739951,14.99082662292519,141.35210673014322,133.37547874450684,17.969999313354492,36.581813306507776
275,2021-08-04,AMGN,238.3699951171875,239.4199981689453,227.10000610351562,212.1542510986328,6952800.0,2.0,-1.3343203117786686,234.44080082176484,218.94260219337187,38.53142629260724,-373.6316885252403,34.10488433091081,226.51561024983724,226.00758158365886,17.969999313354492,36.581813306507776
275,2021-08-04,AXP,168.3000030517578,170.44000244140625,167.32000732421875,163.0847625732422,3544400.0,2.0,0.8630302771593108,170.70693706037102,160.56003376482428,53.27982726092395,-27.988936367005124,6.200938149650148,164.48382212320965,159.94836044311523,17.969999313354492,36.581813306507776
275,2021-08-04,BA,226.4199981689453,232.35000610351562,225.3300018310547,226.6300048828125,9756300.0,2.0,-2.377338624148962,241.15639973538904,210.41659983736488,47.192035111594755,-22.7412403502525,7.289893087676877,230.5953333536784,235.62649993896486,17.969999313354492,36.581813306507776
275,2021-08-04,CAT,208.22000122070312,209.58999633789062,204.3699951171875,195.7451934814453,2948700.0,2.0,-2.689641657549913,207.7821209939063,193.87675962132806,41.93194649235547,-108.54695208503051,19.422591822194406,202.46487782796223,212.04258244832357,17.969999313354492,36.581813306507776
275,2021-08-04,CRM,241.6199951171875,244.64999389648438,239.6699981689453,244.1699981689453,4121600.0,2.0,0.4657813954563039,249.34451858803348,236.62848098472043,54.11723009823245,-29.231749254274956,4.796591434834011,243.79099985758464,237.5178326924642,17.969999313354492,36.581813306507776
275,2021-08-04,CSCO,56.369998931884766,56.369998931884766,55.470001220703125,52.037742614746094,11662400.0,2.0,0.6509350066756383,52.704930883408444,49.01863059425269,60.05915642148985,144.2325752945276,29.67224135786867,50.35741068522135,49.87435359954834,17.969999313354492,36.581813306507776
275,2021-08-04,CVX,100.44000244140625,101.9000015258789,100.0999984741211,91.815673828125,10389800.0,2.0,-0.6898980020243073,96.59979262350875,88.16759171487017,46.44919272843769,-47.347544307991015,13.402125940373708,93.70173110961915,95.57782834370931,17.969999313354492,36.581813306507776
275,2021-08-04,DIS,172.5,173.25,171.33999633789062,172.5800018310547,5665800.0,2.0,-0.6779879856307787,185.40829547732622,170.1357062926933,44.94631287238962,-123.39246066686924,21.64396655015997,177.14000091552734,176.31666666666666,17.969999313354492,36.581813306507776
275,2021-08-04,GS,378.4800109863281,382.6499938964844,375.760009765625,356.148681640625,1460500.0,2.0,2.2371816705431797,364.0596943732462,338.4427226189413,54.64466812712104,92.12105091853896,14.663039995422686,350.60619201660154,349.39193064371744,17.969999313354492,36.581813306507776
275,2021-08-04,HD,330.69000244140625,331.9200134277344,329.3900146484375,312.6959228515625,1783700.0,2.0,3.256477125471065,316.65762020457333,298.8718170512861,57.868640250972206,117.72708979530762,28.41754470367882,305.3828867594401,300.7685170491537,17.969999313354492,36.581813306507776
275,2021-08-04,HON,231.8000030517578,232.97999572753906,228.91000366210938,219.54473876953125,2324000.0,2.0,2.331481665264903,226.95436321023902,210.94268116231956,53.4866416350477,63.95080430545695,7.397967015072453,215.5938466389974,215.12594502766927,17.969999313354492,36.581813306507776
275,2021-08-04,IBM,137.47610473632812,137.83938598632812,136.20458984375,122.22831726074219,2960285.0,2.0,-0.17076358283388515,123.23814596182117,118.40161386483899,51.474797370166165,33.68694579138728,18.444051990917636,121.63696314493815,123.26342163085937,17.969999313354492,36.581813306507776
275,2021-08-04,INTC,54.25,54.439998626708984,53.70000076293945,50.149627685546875,17612700.0,2.0,-0.6731094134227149,53.425464305729996,48.63879579558836,44.249014711796924,-78.63743005174928,13.059703920036059,51.46462008158366,51.992943572998044,17.969999313354492,36.581813306507776
275,2021-08-04,JNJ,174.1999969482422,174.58999633789062,173.25999450683594,163.21441650390625,4793100.0,2.0,1.6189964925199831,164.41415155010753,156.8337579957909,60.03450667275013,132.02572915035557,30.814407464877736,159.03082071940105,158.0821617126465,17.969999313354492,36.581813306507776
275,2021-08-04,JPM,151.25,153.3699951171875,150.91000366210938,141.51593017578125,10155000.0,2.0,-0.7587360289821277,147.35091462931086,137.93036894002506,47.53001047761305,-41.55225785835978,11.191265117342727,142.9899429321289,146.19036051432292,17.969999313354492,36.581813306507776
275,2021-08-04,KO,56.75,56.95000076293945,56.0099983215332,52.43661880493164,11888400.0,2.0,0.4976120418562857,54.31726011611299,50.72609391831084,55.199974559151244,48.55532678420909,6.054761486261423,51.88265431722005,51.50709470113119,17.969999313354492,36.581813306507776
275,2021-08-04,MCD,236.4499969482422,236.60000610351562,233.0500030517578,223.47581481933594,2240600.0,2.0,1.4303876088877416,234.89886899535415,218.16901277954818,50.31390834679567,-25.444752295494833,19.493989959828863,224.76657002766927,222.90843709309897,17.969999313354492,36.581813306507776
275,2021-08-04,MMM,200.39999389648438,200.80999755859375,197.1999969482422,178.67523193359375,2057000.0,2.0,-0.10342167821352177,183.70856999950834,177.65452661914398,49.212044289003124,-3.8527686110306796,1.7722828148360816,179.770366414388,180.86168416341147,17.969999313354492,36.581813306507776
275,2021-08-04,MRK,76.48999786376953,76.48999786376953,75.45999908447266,70.34996032714844,10893400.0,2.0,-0.04299823218184429,73.41847324281117,70.46712551207163,48.45478054139855,-166.2087090640838,10.979548535767677,72.01580861409505,70.63395156860352,17.969999313354492,36.581813306507776
275,2021-08-04,MSFT,286.2200012207031,287.5899963378906,284.6499938964844,280.8740234375,16191300.0,2.0,4.694963838131173,285.5852328126794,269.5907010252112,64.32218885673694,84.30223264669485,23.54029797644358,273.77317504882814,260.0721964518229,17.969999313354492,36.581813306507776
275,2021-08-04,NKE,171.36000061035156,172.33999633789062,170.9600067138672,167.898193359375,4646200.0,2.0,5.564351599061581,167.74531233791706,152.44008347507125,72.66053925790699,146.29919621394788,59.326067958674756,156.2732925415039,143.18666102091473,17.969999313354492,36.581813306507776
275,2021-08-04,PG,143.0399932861328,144.08999633789062,142.35000610351562,135.55406188964844,6628000.0,2.0,1.7993388992876476,136.8169249621802,128.13290871701903,60.836859877610166,137.54693377957267,41.69284865265045,130.86517690022785,129.5662836710612,17.969999313354492,36.581813306507776
275,2021-08-04,TRV,149.97999572753906,150.6300048828125,149.25999450683594,142.2735595703125,863500.0,2.0,-0.8567854699309407,148.85821472152034,138.2133261109992,47.56904384671206,-32.3219282224885,25.216736563006855,143.40557098388672,145.7127685546875,17.969999313354492,36.581813306507776
275,2021-08-04,UNH,422.04998779296875,423.6600036621094,419.7099914550781,408.6633605957031,1995400.0,2.0,2.937682947251176,409.9529554567689,394.92500169655136,59.0774498835588,133.58676273171173,12.945806148068378,398.70189514160154,395.096880086263,17.969999313354492,36.581813306507776
275,2021-08-04,V,237.0,237.5500030517578,235.0500030517578,232.81089782714844,8171800.0,2.0,1.1359439213996154,249.20045508650946,230.23832512589286,50.073060158678,-71.74795291528551,17.364178240129107,237.37655995686848,231.38886286417645,17.969999313354492,36.581813306507776
275,2021-08-04,VZ,55.599998474121094,55.709999084472656,55.279998779296875,48.330413818359375,16446100.0,2.0,-0.08542483218101182,49.34437961803904,48.31501102221975,45.26113300441399,-211.96154976752365,25.800543728496656,48.73864580790202,49.003939692179365,17.969999313354492,36.581813306507776
275,2021-08-04,WBA,46.400001525878906,46.91999816894531,46.189998626708984,41.6622314453125,5784000.0,2.0,-0.7681294819548512,42.83383215581222,40.93017007197099,40.565076700822196,-57.84786053649929,27.237034583329745,42.99696286519369,45.5594882329305,17.969999313354492,36.581813306507776
275,2021-08-04,WMT,143.3800048828125,143.94000244140625,142.74000549316406,137.96583557128906,5100500.0,2.0,0.8230391739294873,138.89042974658014,134.864190614748,55.317974946162124,112.39519120845605,19.63404249077467,135.9040283203125,135.5804593404134,17.969999313354492,36.581813306507776
276,2021-08-05,AAPL,146.97999572753906,147.83999633789062,146.1699981689453,145.16061401367188,46397700.0,3.0,2.3542908378628624,147.74412206745137,141.25044427776345,60.38564805140085,60.6104769697294,14.281597478014968,141.79168853759765,133.72342592875162,17.280000686645508,21.608176238337926
276,2021-08-05,AMGN,228.75,234.0399932861328,228.05999755859375,217.4323272705078,3294100.0,3.0,-1.7798106162546503,234.99521264834297,217.4320059795867,43.52057635794903,-320.3793596099621,34.10488433091082,226.3694096883138,225.75129216512045,17.280000686645508,21.608176238337926
276,2021-08-05,AXP,168.66000366210938,170.52999877929688,168.32000732421875,164.60829162597656,2535400.0,3.0,0.7651604667639162,170.6259303529855,160.84773755472935,54.56001595532215,-9.227278385474788,5.862330683354226,164.61457010904948,160.20069427490233,17.280000686645508,21.608176238337926
276,2021-08-05,BA,226.67999267578125,231.5399932861328,226.49000549316406,229.94000244140625,8362600.0,3.0,-1.9319842216052052,240.0729645017234,210.81703488792505,48.716032364666226,-8.956918590165404,7.289893087676869,230.14099985758463,235.6441665649414,17.280000686645508,21.608176238337926
276,2021-08-05,CAT,205.25,207.66000366210938,204.6999969482422,198.30062866210938,2685800.0,3.0,-2.5951277132145947,207.66919041227303,193.62716426301992,43.97910088707049,-95.17442897093342,19.422591822194402,202.2907241821289,211.55075200398764,17.280000686645508,21.608176238337926
276,2021-08-05,CRM,244.67999267578125,250.89999389648438,243.5399932861328,250.55999755859375,5235200.0,3.0,1.0230186393736744,250.33749880710448,236.11150021633304,58.27990100888051,112.60576051044592,13.699489856697552,244.0816665649414,238.10116602579754,17.280000686645508,21.608176238337926
276,2021-08-05,CSCO,55.52000045776367,55.97999954223633,55.5,52.103153228759766,10785200.0,3.0,0.6529013539489625,52.82571728560348,49.131449004679716,60.293323005522964,122.60113094524112,29.67224135786867,50.46223030090332,49.925680796305336,17.280000686645508,21.608176238337926
276,2021-08-05,CVX,100.94000244140625,102.43000030517578,100.66999816894531,92.66700744628906,7986100.0,3.0,-0.6341427400730453,96.47769437001939,88.16427798105484,47.793120631571945,-24.38806089634535,9.556125178657805,93.54794184366862,95.51405932108561,17.280000686645508,21.608176238337926
276,2021-08-05,DIS,172.49000549316406,177.1199951171875,172.49000549316406,176.7100067138672,8864200.0,3.0,-0.5794061985651808,185.26031497109847,170.674687165132,49.140225864392825,-43.85242536707237,4.9386927655584785,177.18600107828777,176.23400014241537,17.280000686645508,21.608176238337926
276,2021-08-05,GS,380.1499938964844,384.30999755859375,379.95001220703125,362.21856689453125,1583800.0,3.0,2.7418090217599342,364.6176087355758,340.2750853562211,56.90066169768364,139.50079657052123,16.92518461721673,351.33666076660154,349.7939473470052,17.280000686645508,21.608176238337926
276,2021-08-05,HD,331.9599914550781,336.0,331.0899963378906,315.34661865234375,2284000.0,3.0,3.432349463609455,317.45779110287395,299.45094607974323,59.392281653913294,146.7107399981485,37.13325912564703,306.0594421386719,300.83438669840496,17.280000686645508,21.608176238337926
276,2021-08-05,HON,229.52999877929688,231.5500030517578,228.9499969482422,219.8220672607422,1467200.0,3.0,2.112517769425409,226.18149758211547,212.72534598477904,53.6920734976766,55.38199724216774,7.397967015072469,216.07898406982423,215.15285619099936,17.280000686645508,21.608176238337926
276,2021-08-05,IBM,136.73995971679688,137.10325622558594,135.965576171875,122.23685455322266,2884240.0,3.0,-0.1036548997530673,123.40021517032264,118.413348367275,51.488774512560944,25.77157006225236,16.449435502261714,121.58445103963216,123.2427303314209,17.280000686645508,21.608176238337926
276,2021-08-05,INTC,53.9900016784668,54.02000045776367,53.58000183105469,50.466156005859375,15310000.0,3.0,-0.6192508810675577,53.37238189515886,48.58489845457259,45.246594484647744,-76.68365371212901,14.350082726308603,51.43299191792806,51.98054110209147,17.280000686645508,21.608176238337926
276,2021-08-05,JNJ,173.85000610351562,173.85000610351562,172.4199981689453,163.525146484375,4291000.0,3.0,1.63742589893576,164.77839122267815,156.90354237107184,60.512353244863256,113.54884416849457,22.036743037846193,159.37791239420574,158.17406768798827,17.280000686645508,21.608176238337926
276,2021-08-05,JPM,152.27999877929688,153.69000244140625,152.00999450683594,143.30311584472656,9151500.0,3.0,-0.6128350006016774,147.415034013637,138.07303971683172,49.60802973213165,-0.8014110653963353,9.161806040739277,143.08026479085285,146.1204694112142,17.280000686645508,21.608176238337926
276,2021-08-05,KO,56.439998626708984,56.59000015258789,56.290000915527344,52.81049728393555,9806800.0,3.0,0.45686307011023075,54.18445280360044,51.080424515735494,57.01677001501521,50.87992851755881,6.054761486261407,51.95680707295735,51.54738400777181,17.280000686645508,21.608176238337926
276,2021-08-05,MCD,235.74000549316406,236.80999755859375,234.33999633789062,224.98892211914062,2230500.0,3.0,1.1237497638573473,234.77831574984134,218.63025663785396,51.70629844685202,-8.095492674236235,18.667599351125954,224.86744384765626,222.96941401163738,17.280000686645508,21.608176238337926
276,2021-08-05,MMM,198.5500030517578,199.1199951171875,197.2899932861328,178.91949462890625,1575200.0,3.0,-0.18896296863138673,183.73247827188933,177.58810125691926,49.50311300256607,-31.1571898396404,1.7722828148360867,179.93439178466798,180.79487152099608,17.280000686645508,21.608176238337926
276,2021-08-05,MRK,75.5199966430664,75.69000244140625,74.93000030517578,70.45246124267578,8701600.0,3.0,-0.1280841777715267,73.383153128845,70.2666385886843,48.80514546149707,-207.42460367957668,17.421347583741003,72.01611887613932,70.66979891459147,17.280000686645508,21.608176238337926
276,2021-08-05,MSFT,286.8800048828125,289.6300048828125,286.1000061035156,283.82476806640625,13900200.0,3.0,4.708362966314496,286.18123155618594,270.1808930776032,66.07354041811332,104.14503684870054,29.902401184148214,274.56560668945315,260.7887713114421,17.280000686645508,21.608176238337926
276,2021-08-05,NKE,171.41000366210938,174.0,171.17999267578125,169.79290771484375,3824000.0,3.0,5.724244927572272,169.36648085789975,152.11006180567446,73.79409462332663,166.056935626024,62.42352979584894,157.5999267578125,143.7890360514323,17.280000686645508,21.608176238337926
276,2021-08-05,PG,143.35000610351562,143.5500030517578,141.47000122070312,135.62071228027344,5363300.0,3.0,1.8047440217270037,137.10853348873556,128.44813307620583,60.93856604921512,117.27370485026319,33.57629018682253,131.19513422648112,129.66726481119792,17.280000686645508,21.608176238337926
276,2021-08-05,TRV,150.3800048828125,151.5399932861328,149.42999267578125,143.28219604492188,716800.0,3.0,-0.7252230560342525,148.85582749578023,138.4117292669151,48.81798274438563,-8.683702541369353,18.735503453575888,143.4905751546224,145.62975107828777,17.280000686645508,21.608176238337926
276,2021-08-05,UNH,422.05999755859375,422.25,407.8900146484375,398.6295471191406,3598600.0,3.0,2.3678074713060937,409.8619752305882,395.1361998182399,52.909816058509215,31.703751416102378,13.884531656293317,399.2069834391276,395.11291453043617,17.280000686645508,21.608176238337926
276,2021-08-05,V,236.61000061035156,240.25,236.42999267578125,236.29318237304688,5337500.0,3.0,0.8524985064981649,248.9523779961189,230.84052971872484,52.71908337358951,-37.83271574358309,8.38324682405222,237.5578877766927,231.63572158813477,17.280000686645508,21.608176238337926
276,2021-08-05,VZ,55.40999984741211,55.5,55.25,48.269317626953125,12776600.0,3.0,-0.11336059819454647,49.377771596320336,48.248450251213846,44.830075670703835,-220.30080904105336,26.560174362623425,48.73436533610026,48.96626593271891,17.280000686645508,21.608176238337926
276,2021-08-05,WBA,46.84000015258789,46.95000076293945,46.31999969482422,42.0113525390625,4940700.0,3.0,-0.7160958277142342,42.844505438436954,40.938295617471255,42.00063419872059,-49.536520458137936,26.575892637771847,42.843288040161134,45.457333691914876,17.280000686645508,21.608176238337926
276,2021-08-05,WMT,144.22999572753906,145.5399932861328,143.99000549316406,140.5254364013672,9001800.0,3.0,1.0081689672933578,139.53446850392356,134.79002032664283,60.04516974239003,188.17573331323118,34.04318555788263,136.21085561116536,135.67608083089192,17.280000686645508,21.608176238337926
277,2021-08-06,AAPL,146.35000610351562,147.11000061035156,145.6300048828125,144.4686279296875,54126800.0,4.0,2.187221794487357,147.75127742957977,141.36657230186552,59.354763815452515,46.869462869300364,10.698792068324577,142.21774597167968,134.11149737040202,16.149999618530273,13.971985984143327
277,2021-08-06,AMGN,231.85000610351562,233.25,228.77000427246094,213.86404418945312,2363800.0,4.0,-2.3932081021105205,235.8392036339759,215.1895118811608,41.182834415985916,-292.2994372581491,34.10488433091082,226.03488464355468,225.4581387837728,16.149999618530273,13.971985984143327
277,2021-08-06,AXP,170.52999877929688,172.85000610351562,169.74000549316406,166.28704833984375,2828700.0,4.0,0.8136799774832753,170.57724903502435,160.84013530335454,55.93630833833352,37.38110572839366,2.6876358500206257,164.73062133789062,160.515367380778,16.149999618530273,13.971985984143327
277,2021-08-06,BA,231.5500030517578,233.57000732421875,230.4199981689453,231.3300018310547,6061900.0,4.0,-1.4501597757473235,238.389697360164,211.67430257880085,49.35102055043891,18.636185848102652,3.022352806973444,229.49966634114583,235.81999994913738,16.149999618530273,13.971985984143327
277,2021-08-06,CAT,209.00999450683594,210.38999938964844,207.64999389648438,199.41085815429688,2677100.0,4.0,-2.4029389060170843,206.63919287584116,193.90015343763542,44.85289119950374,-49.25573247262812,9.930591112603787,201.9774607340495,211.10884119669598,16.149999618530273,13.971985984143327
277,2021-08-06,CRM,249.22999572753906,252.0800018310547,249.22000122070312,250.58999633789062,4045400.0,4.0,1.4503352585762457,251.31027263241836,235.69172626894883,58.29827495733145,158.3768907537465,16.667831321117994,244.30899963378906,238.76866607666017,16.149999618530273,13.971985984143327
277,2021-08-06,CSCO,55.470001220703125,55.95000076293945,55.150001525878906,51.94430160522461,18386100.0,4.0,0.6343295437648706,52.92357579746301,49.20645731410925,59.41815081727629,99.96979965830754,20.072591294699656,50.561136372884114,49.993383471171065,16.149999618530273,13.971985984143327
277,2021-08-06,CVX,102.0199966430664,102.58000183105469,101.5999984741211,93.32610321044922,6475600.0,4.0,-0.5306557047642713,96.17672328502934,88.27118244617182,48.82176963007843,-1.6595415356122425,8.443430729192324,93.3895757039388,95.45117670694987,16.149999618530273,13.971985984143327
277,2021-08-06,DIS,177.42999267578125,178.80999755859375,176.6300048828125,177.1300048828125,5505200.0,4.0,-0.46206270862856513,185.26251622847704,170.6814870674214,49.544579104901175,11.495049156375154,1.3833014589415709,177.15933481852213,176.2220001220703,16.149999618530273,13.971985984143327
277,2021-08-06,GS,388.8800048828125,398.8599853515625,388.6400146484375,375.02777099609375,3655800.0,4.0,4.127743495666778,369.43290695749045,337.9226502934861,61.12224714900421,270.82592356190077,33.45341174625016,352.25218404134114,350.4958730061849,16.149999618530273,13.971985984143327
277,2021-08-06,HD,334.69000244140625,335.7099914550781,329.1199951171875,312.2509765625,2656600.0,4.0,3.2840802801849804,317.81515829774645,299.827248928816,56.906004752595734,111.38752825320975,29.02475219745191,306.6274454752604,301.06306508382164,16.149999618530273,13.971985984143327
277,2021-08-06,HON,230.0,230.88999938964844,229.00999450683594,219.6307830810547,1327400.0,4.0,1.9016314461638615,226.024154889763,213.39332100135027,53.523402024917246,48.49804903363107,7.3979670150724655,216.46116333007814,215.32131474812826,16.149999618530273,13.971985984143327
277,2021-08-06,IBM,136.71128845214844,138.04014587402344,136.6061248779297,123.36701202392578,4002833.0,4.0,0.0402593926284851,123.74192306999196,118.29167907234203,53.32968968625999,64.37309898381453,21.95640661954393,121.5459228515625,123.28254229227701,16.149999618530273,13.971985984143327
277,2021-08-06,INTC,53.86000061035156,54.130001068115234,53.72999954223633,50.49424362182617,19256000.0,4.0,-0.5677564275946025,53.241814146964686,48.55547017005192,45.33638263344194,-65.77039837268016,12.7108402300827,51.37717882792155,51.990626653035484,16.149999618530273,13.971985984143327
277,2021-08-06,JNJ,173.94000244140625,173.94000244140625,172.4499969482422,162.97906494140625,4581100.0,4.0,1.589642707954198,165.01648348985728,156.98178768934193,59.22497611960514,103.37829061847886,22.631308649724197,159.68357899983724,158.26747614542643,16.149999618530273,13.971985984143327
277,2021-08-06,JPM,155.19000244140625,157.82000732421875,155.11000061035156,147.37342834472656,13328800.0,4.0,-0.1668439099833563,147.76403200194812,137.885917644048,53.90872480027641,144.01848641847076,12.796461701463931,143.2631576538086,146.13531824747722,16.149999618530273,13.971985984143327
277,2021-08-06,KO,56.599998474121094,56.7400016784668,56.439998626708984,52.94135665893555,10409300.0,4.0,0.43016974529368923,54.05945464959178,51.40918663153615,57.638775071790675,55.98363708860588,9.170405463514019,52.026909510294594,51.59418347676595,16.149999618530273,13.971985984143327
277,2021-08-06,MCD,236.67999267578125,237.13999938964844,235.6699981689453,224.836669921875,1558600.0,4.0,0.8585546984378425,234.774804244458,218.688965286792,51.555907523430974,-0.06153237490795243,17.30479504188443,224.96038869222005,223.12123336791993,16.149999618530273,13.971985984143327
277,2021-08-06,MMM,198.17999267578125,199.25,197.5500030517578,179.21800231933594,1116200.0,4.0,-0.23001649472357144,183.61676323285477,177.4442124141179,49.86634641118677,-32.28140710060698,1.0629344071564426,180.08123067220052,180.8056172688802,16.149999618530273,13.971985984143327
277,2021-08-06,MRK,75.62000274658203,75.66000366210938,74.98999786376953,70.31268310546875,8670700.0,4.0,-0.20443769961732983,73.3470400509039,70.0650838199457,48.34160457629958,-198.01501418608535,17.421347583741003,71.9875368754069,70.69538065592448,16.149999618530273,13.971985984143327
277,2021-08-06,MSFT,288.510009765625,289.5,287.6199951171875,283.7659912109375,16589300.0,4.0,4.660515548741955,286.6429755633215,270.84848867007696,66.00677345619668,104.36233366878088,29.902401184148214,275.30967610677084,261.6222239176432,16.149999618530273,13.971985984143327
277,2021-08-06,NKE,174.36000061035156,174.3800048828125,172.6999969482422,168.7674102783203,4088700.0,4.0,5.702477854659151,170.48225322441698,152.146750681833,72.11983950709723,166.23174033742148,63.11096369149672,158.8760986328125,144.4349136352539,16.149999618530273,13.971985984143327
277,2021-08-06,PG,143.02999877929688,143.1199951171875,141.22000122070312,134.5832977294922,6030100.0,4.0,1.7056552045248168,137.15643083844628,128.89859693254982,58.49263678741951,96.03398462250529,31.29236391450621,131.4876739501953,129.7738121032715,16.149999618530273,13.971985984143327
277,2021-08-06,TRV,151.86000061035156,153.3800048828125,151.52999877929688,145.4136199951172,634100.0,4.0,-0.44385431913624984,148.79160391773655,138.42742379222437,51.35126396819786,67.31907274630869,6.788273459976667,143.58097025553386,145.62862243652344,16.149999618530273,13.971985984143327
277,2021-08-06,UNH,412.010009765625,416.7699890136719,412.010009765625,402.4394226074219,1944000.0,4.0,2.198261966752625,409.87385945461875,395.416118572725,54.76480499584102,39.49675327755269,13.88453165629332,399.7321034749349,395.2943511962891,16.149999618530273,13.971985984143327
277,2021-08-06,V,240.0,242.60000610351562,239.86000061035156,237.46377563476562,4509700.0,4.0,0.7140914643450174,248.8281255347544,231.25300392081198,53.57469850499334,-5.507352984219017,1.1796654021641408,237.72708180745443,231.9814900716146,16.149999618530273,13.971985984143327
277,2021-08-06,VZ,55.33000183105469,55.59000015258789,55.209999084472656,48.199485778808594,12660300.0,4.0,-0.13952636745093372,49.399594079855085,48.15243419468104,44.33087111832258,-196.42351530976964,22.53696865296284,48.719125747680664,48.92929852803548,16.149999618530273,13.971985984143327
277,2021-08-06,WBA,47.099998474121094,47.5,46.88999938964844,42.163536071777344,5731400.0,4.0,-0.6550280865659772,42.80466336064038,40.95038615413012,42.625536823793915,-27.80767383886543,14.878552823426192,42.69408938090007,45.375466664632164,16.149999618530273,13.971985984143327
277,2021-08-06,WMT,146.2100067138672,146.47000122070312,144.9499969482422,140.2742919921875,6421200.0,4.0,1.1216902603100607,140.01848497882395,134.78218030437915,59.40722298861206,205.08760418811616,40.65448441574808,136.47872568766277,135.82563095092775,16.149999618530273,13.971985984143327
278,2021-08-09,AAPL,146.1999969482422,146.6999969482422,145.52000427246094,144.41920471191406,48908700.0,0.0,2.0274590474677723,147.71109522552817,141.5853098037687,59.27999143402307,40.27306505104051,9.948197421004137,142.6520263671875,134.4625520070394,16.719999313354492,6.876526501152811
278,2021-08-09,AMGN,230.52000427246094,231.39999389648438,227.22000122070312,211.76397705078125,2250300.0,0.0,-3.014043874431678,236.7246470736258,212.77268569004607,39.87864852514562,-267.6878632443405,37.38393956131371,225.57677103678387,225.1109141031901,16.719999313354492,6.876526501152811
278,2021-08-09,AXP,170.35000610351562,171.1199951171875,168.7899932861328,165.72421264648438,2560200.0,0.0,0.7975225590326431,170.26543793268243,160.8782952826496,55.354814573920535,6.523949841113819,0.8187216281562696,164.78790690104168,160.79194615681965,16.719999313354492,6.876526501152811
278,2021-08-09,BA,229.0,233.57000732421875,226.88999938964844,232.27000427246094,8358600.0,0.0,-0.9811500034587368,237.06269425254803,212.39930678504962,49.785977892361956,17.942990939156832,9.698887746722798,228.9626663208008,235.9805000305176,16.719999313354492,6.876526501152811
278,2021-08-09,CAT,207.2899932861328,209.8800048828125,206.1199951171875,199.9276885986328,2747200.0,0.0,-2.18375107113161,205.06134782093434,194.6622437928352,45.264030084807175,-55.28838662981415,14.02450557648947,201.77757619222004,210.631911722819,16.719999313354492,6.876526501152811
278,2021-08-09,CRM,251.4199981689453,252.4199981689453,247.85000610351562,249.32000732421875,3312200.0,0.0,1.667289779555091,252.0438660557514,235.59913321182674,57.19512185432207,128.08556763636494,11.891490144231026,244.55733337402344,239.39299952189128,16.719999313354492,6.876526501152811
278,2021-08-09,CSCO,55.81999969482422,56.06999969482422,55.400001525878906,51.83217239379883,8707200.0,0.0,0.6036053731221216,52.947843479495674,49.39149940075335,58.79496893336638,97.42045820150594,22.1839048859469,50.647643915812175,50.04545256296794,16.719999313354492,6.876526501152811
278,2021-08-09,CVX,100.91000366210938,101.37999725341797,99.93000030517578,91.76991271972656,9243100.0,0.0,-0.5676693122037761,95.6893242397947,88.38967051118186,46.5800715590317,-45.02030557927887,18.316610055869443,93.17445424397786,95.37275733947754,16.719999313354492,6.876526501152811
278,2021-08-09,DIS,177.0,177.30999755859375,175.05999755859375,176.72000122070312,5339000.0,0.0,-0.39756809886213773,184.2387554031304,170.93924752655712,49.14996436465322,-17.885786550464587,4.339754325990273,177.1050013224284,176.19500020345052,16.719999313354492,6.876526501152811
278,2021-08-09,GS,396.5899963378906,404.6000061035156,393.5799865722656,376.90338134765625,3319100.0,0.0,5.316171120126853,373.3820062947306,335.8001928019491,61.69064645302863,286.4980369692005,38.604598121601924,353.22959798177084,351.16001485188804,16.719999313354492,6.876526501152811
278,2021-08-09,HD,329.2300109863281,331.07000732421875,327.32000732421875,311.2286071777344,1995300.0,0.0,3.0489330171197366,317.9775903441172,300.32938292248434,56.10360533264761,69.86918650015888,21.980187660355227,307.1048858642578,301.1425465901693,16.719999313354492,6.876526501152811
278,2021-08-09,HON,228.77000427246094,229.32000732421875,227.5500030517578,218.24424743652344,1369800.0,0.0,1.6041292731483168,225.85462358713332,213.86980573415573,52.29160631672428,25.71636335575756,1.6133370477404672,216.76365610758464,215.39383036295573,16.719999313354492,6.876526501152811
278,2021-08-09,IBM,135.9464569091797,136.2332763671875,134.7705535888672,122.3277816772461,5129689.0,0.0,0.06965239299137238,123.88095980642994,118.32012814523021,51.471646891724816,8.26514716027631,7.163401368484484,121.43279749552408,123.26407992045084,16.719999313354492,6.876526501152811
278,2021-08-09,INTC,54.08000183105469,54.40999984741211,53.83000183105469,50.61598205566406,14670100.0,0.0,-0.5112302835407476,52.960685574632876,48.61992584504486,45.73537152439205,-52.168134599645896,8.479488861140188,51.33038609822591,51.996693483988444,16.719999313354492,6.876526501152811
278,2021-08-09,JNJ,173.72000122070312,174.25,172.92999267578125,163.54393005371094,3950200.0,0.0,1.5791506133467408,165.30926556997557,157.08724779672363,60.13256783045267,110.14397744392599,24.74453013209347,159.9817128499349,158.3428532918294,16.719999313354492,6.876526501152811
278,2021-08-09,JPM,157.52000427246094,158.5500030517578,155.89999389648438,147.21435546875,9516900.0,0.0,0.17179109010959337,147.60493951617752,137.98231634319745,53.7233579382416,143.64457696581496,15.989430975804025,143.3929911295573,146.08471705118816,16.719999313354492,6.876526501152811
278,2021-08-09,KO,56.79999923706055,56.880001068115234,56.43000030517578,52.950714111328125,8859900.0,0.0,0.40510041583860357,53.8512997401804,51.820172046318625,57.68407262797185,55.75412126932756,12.079496938134179,52.09950485229492,51.63387203216553,16.719999313354492,6.876526501152811
278,2021-08-09,MCD,235.7899932861328,236.07000732421875,234.02999877929688,223.3330535888672,2093100.0,0.0,0.5210500855936004,234.7982412379003,218.5770257909083,50.06813572997215,-29.565861159546134,22.059830090931708,225.0320790608724,223.21912689208983,16.719999313354492,6.876526501152811
278,2021-08-09,MMM,197.64999389648438,198.14999389648438,196.77999877929688,178.5847930908203,1193300.0,0.0,-0.3100720847375271,183.6149472252446,177.21536588510693,49.09145288244036,-84.15043454227842,5.244433262765098,180.1620361328125,180.73786493937175,16.719999313354492,6.876526501152811
278,2021-08-09,MRK,75.8499984741211,76.22000122070312,75.0,70.2008285522461,7867000.0,0.0,-0.2708519309545352,73.35004280609348,69.854238047178,47.9644842946739,-161.24156982003518,7.986687537554044,71.92912953694662,70.70895779927572,16.719999313354492,6.876526501152811
278,2021-08-09,MSFT,289.75,291.54998779296875,287.80999755859375,282.658203125,16117600.0,0.0,4.4815464079052845,286.66069620300027,271.9101076300076,64.73144244372199,104.0662260849898,36.015861739491164,276.07139180501304,262.371519724528,16.719999313354492,6.876526501152811
278,2021-08-09,NKE,172.5,173.05999755859375,171.6199951171875,167.761474609375,3612800.0,0.0,5.540192797108716,171.26355879988822,152.3372255018696,70.49680283431609,135.66931111625937,54.52268334626697,159.4432144165039,145.06045176188152,16.719999313354492,6.876526501152811
278,2021-08-09,PG,141.9499969482422,142.58999633789062,141.6999969482422,135.316162109375,4743800.0,0.0,1.6670459654593515,137.2442873919323,129.37198458072396,59.67544883599762,96.63869080515134,31.292363914506204,131.74474334716797,129.85821050008138,16.719999313354492,6.876526501152811
278,2021-08-09,TRV,152.88999938964844,153.91000366210938,152.0800018310547,145.9369354248047,680000.0,0.0,-0.17660459846746335,148.68200593731453,138.4685082838769,51.955252751683574,82.77580751689769,3.5792177389681434,143.6333028157552,145.57297643025717,16.719999313354492,6.876526501152811
278,2021-08-09,UNH,414.95001220703125,416.2300109863281,410.3500061035156,398.3192443847656,1509800.0,0.0,1.7117005654603759,409.8664847318699,394.92227869586446,52.453211330529804,3.6497712565157627,17.04687202238012,399.92340596516925,395.3557637532552,16.719999313354492,6.876526501152811
278,2021-08-09,V,241.75,242.17999267578125,238.0500030517578,236.0866241455078,5226900.0,0.0,0.48765686563072563,248.6754199480456,231.61524014716923,52.420208269669786,-25.9895807736519,6.306714491095952,237.81495971679686,232.2480712890625,16.719999313354492,6.876526501152811
278,2021-08-09,VZ,55.279998779296875,55.41999816894531,55.11000061035156,48.112205505371094,13452400.0,0.0,-0.16539909888099658,49.41037049475982,48.05175299462006,43.7016650989759,-207.11824209530675,25.355274508960402,48.70068918863932,48.885121981302895,16.719999313354492,6.876526501152811
278,2021-08-09,WBA,47.20000076293945,47.7599983215332,47.09000015258789,42.467899322509766,4226100.0,0.0,-0.5754385931684141,42.78526989500901,40.95993236024002,43.87660463660395,-8.774985425177396,9.75318099679042,42.55324567159017,45.282400639851886,16.719999313354492,6.876526501152811
278,2021-08-09,WMT,145.91000366210938,146.47999572753906,145.39999389648438,140.61236572265625,5270600.0,0.0,1.2248174939040268,140.45522288809755,134.8795717286017,59.9990406617441,202.26235092125623,40.722742427203386,136.705707804362,135.94378967285155,16.719999313354492,6.876526501152811
279,2021-08-10,AAPL,146.44000244140625,147.7100067138672,145.3000030517578,143.93478393554688,69023100.0,1.0,1.840540604850844,147.71013334215323,141.6038559156593,58.53234450730107,39.46070294234557,15.567305726909296,143.015212504069,134.76473375956218,16.790000915527344,13.784996004820659
279,2021-08-10,AMGN,228.1999969482422,228.1999969482422,223.94000244140625,211.82901000976562,2860200.0,1.0,-3.4609177748277773,237.17008373779447,210.75962359863132,39.93957909327415,-243.38933621094915,43.719149136843754,225.1158696492513,224.748201751709,16.790000915527344,13.784996004820659
279,2021-08-10,AXP,170.72999572753906,171.6999969482422,168.67999267578125,164.472412109375,3389500.0,1.0,0.6759163044767433,170.045623722535,160.79437719299236,54.06175608657484,-5.330914925963852,1.3789932192829755,164.95413106282552,160.99813893636068,16.790000915527344,13.784996004820659
279,2021-08-10,BA,231.97000122070312,236.85000610351562,231.6199951171875,235.77999877929688,9603500.0,1.0,-0.3225114462376837,238.3248988143466,211.89510240635653,51.39821495040039,61.78937301400685,2.677581194198175,228.82333272298177,236.10233332316082,16.790000915527344,13.784996004820659
279,2021-08-10,CAT,210.0,214.89999389648438,208.9600067138672,204.88543701171875,4193600.0,1.0,-1.591646756475086,205.06827336572607,194.65805872655906,49.03455066642751,33.50972608248678,1.6536533263453783,201.7442184448242,210.20334014892578,16.790000915527344,13.784996004820659
279,2021-08-10,CRM,250.8699951171875,251.25,243.0399932861328,243.38999938964844,4430600.0,1.0,1.3452188735237485,252.01399078264407,235.56600799665281,52.40515342687115,31.618085747427493,3.01096325674288,244.51799977620442,239.82183278401692,16.790000915527344,13.784996004820659
279,2021-08-10,CSCO,55.5,55.66999816894531,55.25,51.962989807128906,10441900.0,1.0,0.5830906128770934,52.96914381554989,49.58418145605655,59.31002341961986,81.39126649588432,18.018204728474807,50.74160512288412,50.09336109161377,16.790000915527344,13.784996004820659
279,2021-08-10,CVX,100.73999786376953,102.31999969482422,100.58000183105469,93.44512939453125,9762600.0,1.0,-0.45656389312263457,95.37315323902183,88.53649184154457,49.17868104738066,-3.9639494297836673,11.107407763236765,93.11617380777994,95.2802064259847,16.790000915527344,13.784996004820659
279,2021-08-10,DIS,176.25,177.39999389648438,175.5800018310547,177.07000732421875,5185000.0,1.0,-0.31458672854969905,183.2671951024895,171.25280916997144,49.505133751312975,-9.193075230102812,3.9800889847768075,177.12166798909504,176.25116704305012,16.790000915527344,13.784996004820659
279,2021-08-10,GS,400.1199951171875,410.6300048828125,399.5,384.528564453125,3152300.0,1.0,6.7949689526029715,379.1682252875918,333.0291654594786,63.909728909348026,305.68093054816137,43.51463616196751,354.46307067871095,351.7953069051107,16.790000915527344,13.784996004820659
279,2021-08-10,HD,328.6700134277344,333.239990234375,327.1499938964844,313.8035583496094,1868100.0,1.0,3.035364365840678,317.79644241183587,301.8765831008594,57.65912932347471,87.10915461532777,27.10887497097625,307.64764607747395,301.2930389404297,16.790000915527344,13.784996004820659
279,2021-08-10,HON,228.41000366210938,232.07000732421875,228.1199951171875,221.7345428466797,2388800.0,1.0,1.631190973468847,225.6657414047682,214.80456041407945,54.98913891810546,54.7512057494389,11.239342614308542,217.2446482340495,215.46586736043295,16.790000915527344,13.784996004820659
279,2021-08-10,IBM,135.0,135.5736083984375,134.1682586669922,122.44035339355469,5543695.0,1.0,0.10086741744856909,124.01776823641642,118.41685777066367,51.66037243322118,-2.938500298819509,2.7901452453913267,121.36766128540039,123.2402161916097,16.790000915527344,13.784996004820659
279,2021-08-10,INTC,54.2400016784668,54.38999938964844,53.5099983215332,50.51297378540039,16215700.0,1.0,-0.4693346163567327,52.59839787829309,48.74221377026648,45.44502513812627,-56.38163995143523,12.492947203145413,51.23146756490072,51.9802640914917,16.790000915527344,13.784996004820659
279,2021-08-10,JNJ,173.25999450683594,174.11000061035156,172.77999877929688,163.60044860839844,3678300.0,1.0,1.5574428955713415,165.5595267945526,157.26065142810364,60.224207747477024,100.95511130804957,23.006778046005135,160.2876937866211,158.4151184082031,16.790000915527344,13.784996004820659
279,2021-08-10,JPM,156.74000549316406,159.97999572753906,156.30999755859375,149.02024841308594,8667000.0,1.0,0.5792055149145199,148.3922898352907,137.5327528893187,55.519584044644326,164.81179538027845,21.972007427104003,143.57433675130207,146.0252950032552,16.790000915527344,13.784996004820659
279,2021-08-10,KO,56.84000015258789,57.16999816894531,56.65999984741211,53.090911865234375,10906900.0,1.0,0.39202654075562293,53.69237618969322,52.14547247363686,58.373959766672066,66.15388588704752,17.901800496894104,52.178642908732094,51.67249552408854,16.790000915527344,13.784996004820659
279,2021-08-10,MCD,235.10000610351562,235.10000610351562,233.24000549316406,222.1625518798828,2027500.0,1.0,0.15731214620299738,234.8788272610555,218.23759272185464,48.93103084741611,-51.716977930220224,24.30116121482128,225.10694224039713,223.26675287882486,16.790000915527344,13.784996004820659
279,2021-08-10,MMM,198.24000549316406,199.49000549316406,197.6999969482422,180.2310791015625,1598400.0,1.0,-0.23793245685746456,183.59948900831324,177.19916364061254,51.13377654827098,-20.982242246569463,2.427085512612234,180.2449523925781,180.68303426106772,16.790000915527344,13.784996004820659
279,2021-08-10,MRK,75.1500015258789,75.36000061035156,74.81999969482422,70.07966613769531,11243100.0,1.0,-0.32946461899251744,73.32688200291318,69.6518472451337,47.54882630008482,-172.55081895233516,10.458715171982034,71.87724609375,70.72639401753743,16.790000915527344,13.784996004820659
279,2021-08-10,MSFT,288.79998779296875,289.25,285.20001220703125,280.805419921875,18616600.0,1.0,4.142456296654075,286.7285046799588,272.3775622145725,62.63752209635953,69.8835714812437,21.58434066902779,276.6504404703776,263.00647354125977,16.790000915527344,13.784996004820659
279,2021-08-10,NKE,171.55999755859375,173.9600067138672,171.42999267578125,168.24977111816406,3747100.0,1.0,5.388862712297538,172.0083048474257,152.63555501585554,70.82648766758366,129.95700117515582,56.56018135887451,160.09139353434244,145.65643997192382,16.790000915527344,13.784996004820659
279,2021-08-10,PG,141.91000366210938,142.50999450683594,141.66000366210938,135.4017791748047,5253500.0,1.0,1.6246287381863738,137.21634818105346,129.98580941172,59.81384594568435,91.04340227953924,30.883280992321914,131.99205525716147,129.9394645690918,16.790000915527344,13.784996004820659
279,2021-08-10,TRV,153.1199951171875,155.16000366210938,153.02000427246094,146.74578857421875,852000.0,1.0,0.09931557179288575,148.86240304956968,138.40515218724673,52.89043404950048,110.84059086337287,3.715506561674309,143.78459726969402,145.48744379679363,16.790000915527344,13.784996004820659
279,2021-08-10,UNH,410.510009765625,413.6499938964844,408.57000732421875,399.2015075683594,1441800.0,1.0,1.3813649002848933,409.49293033484065,394.6404833614484,52.89365941850917,-22.43241493877084,20.397516991147217,400.25689798990885,395.4119186401367,16.790000915527344,13.784996004820659
279,2021-08-10,V,240.50999450683594,241.33999633789062,235.55999755859375,234.1881103515625,7185700.0,1.0,0.15324510397994118,248.84574381581194,231.02389729746932,50.85728031969524,-56.70513187818072,12.948479826487521,237.94546457926432,232.43054707845053,16.790000915527344,13.784996004820659
279,2021-08-10,VZ,55.099998474121094,55.529998779296875,55.0,48.426429748535156,11756900.0,1.0,-0.15871854600108293,49.38787734199846,48.021001747357005,46.528224122226256,-157.77803117998894,25.355274508960402,48.6984811147054,48.84790891011556,16.790000915527344,13.784996004820659
279,2021-08-10,WBA,47.61000061035156,48.4900016784668,47.40999984741211,43.35414123535156,4977400.0,1.0,-0.43582708713829277,43.03339089925474,40.81117773477847,47.33569495238606,46.37881934127535,3.2079820653462967,42.44045143127441,45.19567356109619,16.790000915527344,13.784996004820659
279,2021-08-10,WMT,146.97000122070312,148.9499969482422,146.25,143.6065673828125,12754000.0,1.0,1.5305108436108128,141.77423727652317,134.3429166541409,64.7126261054006,266.9058626833458,54.536896567393455,137.0463399251302,136.09124679565429,16.790000915527344,13.784996004820659
280,2021-08-11,AAPL,146.0500030517578,146.72000122070312,145.52999877929688,144.1918182373047,48493500.0,2.0,1.6936238706917663,147.3131838865659,141.6976269654849,58.81744194863432,30.79400081310699,15.567305726909304,143.33596750895182,135.09061190287272,16.170000076293945,11.960881806868924
280,2021-08-11,AMGN,229.13999938964844,230.0,227.49000549316406,211.98696899414062,2104900.0,2.0,-3.7589912789506457,237.32384357270968,209.0661146182083,40.0921333822041,-179.00519105241065,35.66698401728344,224.67200317382813,224.37263463338215,16.170000076293945,11.960881806868924
280,2021-08-11,AXP,169.4499969482422,170.72999572753906,168.6699981689453,165.6174774169922,3843400.0,2.0,0.6642822400679051,169.86176464262434,160.79871509370378,55.05523860211918,-10.20754774694705,1.3383021146094523,165.17562255859374,161.22809397379558,16.170000076293945,11.960881806868924
280,2021-08-11,BA,236.61000061035156,239.58999633789062,234.5800018310547,239.49000549316406,9664000.0,2.0,0.49314620905869333,240.5485371690591,211.1754649061362,53.04661387730962,95.8146006850692,2.8736801411623207,228.94766642252605,236.29416681925457,16.170000076293945,11.960881806868924
280,2021-08-11,CAT,215.72999572753906,222.57000732421875,214.57000732421875,212.14979553222656,7794100.0,2.0,-0.5301159526840422,207.95493751193007,192.8385286745934,53.853007197206985,166.0570991781598,19.68915112991351,201.9901336669922,209.8552230834961,16.170000076293945,11.960881806868924
280,2021-08-11,CRM,244.6699981689453,246.14999389648438,240.10000610351562,242.27999877929688,3999200.0,2.0,0.9890069312372418,252.0119848386018,235.55301455104666,51.56887192135545,-39.055000925111514,10.77537150781226,244.40033315022785,240.27549947102864,16.170000076293945,11.960881806868924
280,2021-08-11,CSCO,55.88999938964844,56.0099983215332,55.599998474121094,52.196598052978516,12604500.0,2.0,0.5790083033753746,53.06242783530363,49.65628973976961,60.22840218831832,94.94181118621415,24.273782150587966,50.844899876912436,50.14454453786214,16.170000076293945,11.960881806868924
280,2021-08-11,CVX,102.04000091552734,102.97000122070312,101.5999984741211,94.14997863769531,7079800.0,2.0,-0.30808519047764094,95.5002532068282,88.48994759883587,50.23241932042804,27.30203102135633,6.318890889722139,93.08840637207031,95.17920608520508,16.170000076293945,11.960881806868924
280,2021-08-11,DIS,177.36000061035156,178.49000549316406,176.50999450683594,178.08999633789062,5359900.0,2.0,-0.16462115552141654,182.27969335315538,171.7073107362001,50.54645522311435,15.79123308545922,0.4621998705717917,177.26033477783204,176.3846669514974,16.170000076293945,11.960881806868924
280,2021-08-11,GS,408.79998779296875,414.67999267578125,407.05999755859375,390.10845947265625,3000500.0,2.0,8.321255530002986,385.50892493948544,330.41056663766295,65.42580066201944,294.7268066663577,46.58180982348842,355.7596944173177,352.5160827636719,16.170000076293945,11.960881806868924
280,2021-08-11,HD,333.79998779296875,338.54998779296875,333.3999938964844,319.0291748046875,3258600.0,2.0,3.4070009019577583,318.7949491997397,302.5612580756509,60.5909387754167,160.03092104247102,37.80357161062328,308.23963216145836,301.58744354248046,16.170000076293945,11.960881806868924
280,2021-08-11,HON,232.60000610351562,234.67999267578125,231.8699951171875,223.9339141845703,2098500.0,2.0,1.8092525152216012,226.08527915500514,214.9979773757566,56.589174298408466,94.65303183071381,19.25425192030733,217.8257278442383,215.58874486287434,16.170000076293945,11.960881806868924
280,2021-08-11,IBM,135.54493713378906,136.49139404296875,135.27725219726562,123.08990478515625,4455960.0,2.0,0.1759902123795598,124.21167442835092,118.56082923375847,52.75705163528796,46.8055611119519,8.849328014955113,121.31675745646159,123.22104225158691,16.170000076293945,11.960881806868924
280,2021-08-11,INTC,54.2599983215332,54.36000061035156,53.84000015258789,50.70026397705078,18590800.0,2.0,-0.4162213049400876,52.28081825842279,48.871087182861395,46.0887639576366,-42.95045980555299,12.492947203145413,51.16143213907878,51.96726633707682,16.170000076293945,11.960881806868924
280,2021-08-11,JNJ,174.25,174.47000122070312,173.55999755859375,163.62869262695312,4221300.0,2.0,1.5249398714944107,165.806180894205,157.3322178484708,60.27141711639369,105.31918489780297,25.663592478498458,160.59430084228515,158.48520278930664,16.170000076293945,11.960881806868924
280,2021-08-11,JPM,160.0,161.5,159.0800018310547,150.79811096191406,9156500.0,2.0,1.0336280110082043,149.6535095977354,136.836701889081,57.21103865386739,202.43584577164754,27.81301694487955,143.82083740234376,145.98527043660482,16.170000076293945,11.960881806868924
280,2021-08-11,KO,56.88999938964844,57.18000030517578,56.709999084472656,53.025482177734375,8370700.0,2.0,0.3720964750552227,53.699359319699695,52.18242092322022,57.91808513283969,63.13133864787865,18.101760002466076,52.26806246439616,51.7114200592041,16.170000076293945,11.960881806868924
280,2021-08-11,MCD,234.19000244140625,235.94000244140625,233.75,224.16104125976562,1969100.0,2.0,0.029963202383868293,234.86459085637856,218.10147207086752,50.90058737370351,-32.88408922654448,20.366845207634974,225.271262105306,223.34831848144532,16.170000076293945,11.960881806868924
280,2021-08-11,MMM,200.0,201.77000427246094,199.30999755859375,182.3296356201172,2217400.0,2.0,-0.011295106390321052,183.34693243753878,177.33774773824246,53.589012932342264,86.52528343689309,13.848846521268902,180.41199188232423,180.65225474039713,16.170000076293945,11.960881806868924
280,2021-08-11,MRK,75.58000183105469,75.7699966430664,75.13999938964844,70.09830474853516,6952200.0,2.0,-0.3701448173713118,73.2682944674729,69.48581472442164,47.62106034569415,-132.80615647457117,3.676770750967304,71.81511052449544,70.72092094421387,16.170000076293945,11.960881806868924
280,2021-08-11,MSFT,287.2099914550781,288.6600036621094,285.8599853515625,281.3053894042969,13955900.0,2.0,3.8694635323438433,286.877771498196,272.66356150961644,62.9718854093376,68.07096427277342,21.584340669027778,277.15857950846356,263.6981753031413,16.170000076293945,11.960881806868924
280,2021-08-11,NKE,172.0,173.22000122070312,170.94000244140625,167.27313232421875,4078300.0,2.0,5.130979206876702,172.4756318096136,153.1185240741755,69.22592651174827,110.44410580950536,52.58177430600326,160.59014333089192,146.22835261027018,16.170000076293945,11.960881806868924
280,2021-08-11,PG,142.74000549316406,143.24000549316406,142.47000122070312,135.73492431640625,4205000.0,2.0,1.5994572610127022,137.28535980971645,130.44047484604528,60.36145620070576,103.8934161532889,34.84450095433851,132.27947692871095,130.0306844075521,16.170000076293945,11.960881806868924
280,2021-08-11,TRV,154.88999938964844,156.27999877929688,154.38999938964844,148.63934326171875,757700.0,2.0,0.4654133375604772,149.20395475824228,138.2234591821874,55.011167335969816,147.48281999510235,9.799844848726453,143.99679005940754,145.43756993611655,16.170000076293945,11.960881806868924
280,2021-08-11,UNH,413.0299987792969,413.92999267578125,407.510009765625,395.28485107421875,1542600.0,2.0,0.7943730217654092,409.7490445861304,393.7057436218774,50.73529719154433,-62.18483429531818,22.392988190382717,400.56841430664065,395.42163035074867,16.170000076293945,11.960881806868924
280,2021-08-11,V,238.0800018310547,238.36000061035156,234.5800018310547,231.22718811035156,7375700.0,2.0,-0.34670372115905934,249.0549109048449,229.73955473236217,48.523146901748355,-94.55446546629122,15.469498583269722,237.9162831624349,232.57187169392904,16.170000076293945,11.960881806868924
280,2021-08-11,VZ,55.61000061035156,55.849998474121094,55.52000045776367,48.50498962402344,11727300.0,2.0,-0.14540885158612582,49.32541176443615,48.01800292367421,47.21366246275697,-67.91807529080299,10.636380527385445,48.7086742401123,48.822794659932455,16.170000076293945,11.960881806868924
280,2021-08-11,WBA,48.75,49.849998474121094,48.459999084472656,44.508941650390625,7754200.0,2.0,-0.2293573317880515,43.6539874482574,40.44481549974065,51.37541934049177,163.90229686453029,21.63742748691149,42.37271525065104,45.11946570078532,16.170000076293945,11.960881806868924
280,2021-08-11,WMT,149.50999450683594,151.5800018310547,149.16000366210938,144.89117431640625,13818600.0,2.0,1.855048228042591,143.21627785209006,133.71800559517555,66.46640010395471,310.3596649109028,64.06795639081265,137.45554809570314,136.2702557881673,16.170000076293945,11.960881806868924
281,2021-08-12,AAPL,146.19000244140625,149.0500030517578,145.83999633789062,147.18719482421875,72282600.0,3.0,1.7981650303985361,147.45263774110754,141.6206685333065,61.969535313620455,89.9341519498481,27.493691859305123,143.7358378092448,135.48977406819662,15.59000015258789,15.0637589591034
281,2021-08-12,AMGN,228.1999969482422,229.47999572753906,225.80999755859375,212.00555419921875,1798600.0,3.0,-3.9482045632121583,237.01094805393151,207.66177686061926,40.11064873284505,-160.80513220436572,39.072724711727666,224.1887995402018,224.0209182739258,15.59000015258789,15.0637589591034
281,2021-08-12,AXP,170.02000427246094,170.11000061035156,167.97000122070312,163.5311279296875,3372800.0,3.0,0.4811646266284981,169.57154701973346,160.6687514421806,52.89892107691737,-56.99820745908692,1.6181111076076706,165.29595184326172,161.45344161987305,15.59000015258789,15.0637589591034
281,2021-08-12,BA,240.0,241.14999389648438,236.50999450683594,238.17999267578125,6810000.0,3.0,1.0220718828009865,242.22496775843305,211.04103413365678,52.397464741843294,103.8472821946151,5.967759354584825,228.90166625976562,236.4713333129883,15.59000015258789,15.0637589591034
281,2021-08-12,CAT,222.24000549316406,223.75999450683594,218.47000122070312,210.7907257080078,4444500.0,3.0,0.19919310650442412,209.74784942203055,191.99874023861398,52.885320030832425,178.9978544716712,22.059662483886346,202.11046193440754,209.56886418660483,15.59000015258789,15.0637589591034
281,2021-08-12,CRM,242.5,248.42999267578125,241.92999267578125,248.38999938964844,4467400.0,3.0,1.1860602225082175,252.25171213237607,236.39428701313173,55.6032020781014,39.43644322568968,3.8812972932913934,244.53766632080078,240.8431660970052,15.59000015258789,15.0637589591034
281,2021-08-12,CSCO,55.849998474121094,56.45000076293945,55.65999984741211,52.691837310791016,11209700.0,3.0,0.6087177930969645,53.186742170886866,49.78800567762388,62.10415720991557,109.4075513049513,31.50405235610126,50.961918640136716,50.20413659413656,15.59000015258789,15.0637589591034
281,2021-08-12,CVX,102.86000061035156,103.25,101.77999877929688,93.9577407836914,7377600.0,3.0,-0.20357999367656987,95.65742587923319,88.4554388058254,49.94027083143981,33.94959425005347,4.2499909331235255,93.02432759602864,95.12519671122233,15.59000015258789,15.0637589591034
281,2021-08-12,DIS,178.08999633789062,179.72000122070312,176.4499969482422,179.2899932861328,11081300.0,3.0,0.05047551614708823,180.9958872291446,172.5051167991757,51.75726908978738,34.17833071588971,5.340376947070748,177.37766774495444,176.5448336283366,15.59000015258789,15.0637589591034
281,2021-08-12,GS,414.3800048828125,418.6199951171875,410.55999755859375,391.15460205078125,2312800.0,3.0,9.505687948386196,391.0188488864195,328.8263262844789,65.70521315911341,254.48989289388854,49.43704170102516,356.8740926106771,353.3277221679688,15.59000015258789,15.0637589591034
281,2021-08-12,HD,337.3500061035156,338.1700134277344,332.2799987792969,316.2081298828125,2554200.0,3.0,3.4343022866069646,319.30495290214293,303.12194834297424,58.33513213764842,129.84832584882906,33.39086149747892,308.7170725504557,301.88599802652993,15.59000015258789,15.0637589591034
281,2021-08-12,HON,233.52000427246094,233.75,230.6999969482422,222.67623901367188,1917200.0,3.0,1.8278137948112203,226.092088455086,214.99640641796088,55.42370456773921,74.22292623737341,14.308116756951183,218.25651041666666,215.75680185953777,15.59000015258789,15.0637589591034
281,2021-08-12,IBM,136.0038299560547,136.8546905517578,135.8317413330078,123.90394592285156,2184780.0,3.0,0.2977792711031242,124.55312051315593,118.5847273872347,54.10688432666392,85.88594693912925,11.191621755436708,121.26330642700195,123.2325595855713,15.59000015258789,15.0637589591034
281,2021-08-12,INTC,54.16999816894531,54.18000030517578,53.2599983215332,50.13838577270508,15070100.0,3.0,-0.4146872418698351,52.07684456043866,48.89622634715411,44.4605894016866,-65.57817545604452,19.778970704689716,51.09158592224121,51.95250237782796,15.59000015258789,15.0637589591034
281,2021-08-12,JNJ,173.82000732421875,175.2899932861328,173.58999633789062,164.94676208496094,4300400.0,3.0,1.5872414490359574,166.12822137704813,157.6532102025417,62.42444580329126,120.29828343889181,31.42519651555048,160.9225626627604,158.5763198852539,15.59000015258789,15.0637589591034
281,2021-08-12,JPM,161.8800048828125,162.3699951171875,160.5500030517578,151.38758850097656,8844200.0,3.0,1.4249016448414693,150.8637649764119,136.21874387368578,57.761957498363074,202.35825773608536,30.97444351505501,144.04357147216797,145.99104334513348,15.59000015258789,15.0637589591034
281,2021-08-12,KO,56.72999954223633,56.97999954223633,56.72999954223633,53.128299713134766,6169200.0,3.0,0.3604433041816577,53.71713150030437,52.20203659051594,58.44562900888775,58.508850819300385,18.101760002466087,52.35312016805013,51.756696764628096,15.59000015258789,15.0637589591034
281,2021-08-12,MCD,236.0,236.75999450683594,235.0500030517578,225.22682189941406,1490800.0,3.0,0.01486646606011277,234.86037500260096,218.08570043685216,51.923488240037,-14.473594464956385,16.518406759553663,225.4514399210612,223.44370346069337,15.59000015258789,15.0637589591034
281,2021-08-12,MMM,201.47999572753906,202.3699951171875,200.36000061035156,182.20301818847656,1231800.0,3.0,0.15629795263558321,183.11161460951695,177.4681415550338,53.42148140484062,107.2689148885199,16.5952741251041,180.4964177449544,180.65049311319987,15.59000015258789,15.0637589591034
281,2021-08-12,MRK,75.12000274658203,76.05999755859375,75.05999755859375,70.87188720703125,6077100.0,3.0,-0.3360883115217348,73.10178216639098,69.47896887120667,50.54528516968859,-96.87713768336869,0.9227399885213233,71.76136322021485,70.73554204305013,15.59000015258789,15.0637589591034
281,2021-08-12,MSFT,286.6300048828125,289.9700012207031,286.3399963378906,284.1091003417969,14561300.0,3.0,3.8351417144957054,287.2619913614409,273.1400716268404,64.7993406283216,85.82465475359794,26.082449172436583,277.776513671875,264.4708376566569,15.59000015258789,15.0637589591034
281,2021-08-12,NKE,170.88999938964844,171.32000732421875,169.47999572753906,166.65782165527344,3997100.0,3.0,4.821376416139628,172.77319863998335,153.69506918228225,68.22112751855195,84.93735182379358,41.15666378187359,161.11591389973958,146.8038185119629,15.59000015258789,15.0637589591034
281,2021-08-12,PG,143.14999389648438,143.14999389648438,142.35000610351562,136.04898071289062,4956100.0,3.0,1.5865615169521448,137.46808195842564,130.7012341426486,60.881304830741705,99.45536447914262,33.50011073251044,132.56065877278647,130.14936447143555,15.59000015258789,15.0637589591034
281,2021-08-12,TRV,157.0,157.1199951171875,155.30999755859375,148.90574645996094,722800.0,3.0,0.7681897529069772,149.40235259153056,138.11164887331321,55.3040073210952,152.71965688726038,14.14921369449334,144.2118362426758,145.4388163248698,15.59000015258789,15.0637589591034
281,2021-08-12,UNH,407.0,408.7300109863281,404.29998779296875,393.5592346191406,1939900.0,3.0,0.18777040232924946,409.41580308015097,392.6730213827397,49.808936679143294,-143.19076481832914,28.218054954558752,400.7467915852865,395.3744094848633,15.59000015258789,15.0637589591034
281,2021-08-12,V,233.88999938964844,234.11000061035156,231.02000427246094,228.32130432128906,9867000.0,3.0,-0.9662588725047669,249.1177952411058,228.05908311582778,46.36283230263711,-148.89751928051652,24.01463296190676,237.86008046468098,232.6790283203125,15.59000015258789,15.0637589591034
281,2021-08-12,VZ,55.619998931884766,55.79999923706055,55.529998779296875,48.56608581542969,10744800.0,3.0,-0.1284501771421489,49.20048692358067,48.06349699365566,47.75248534476574,-63.61282349585169,10.636380527385441,48.71543731689453,48.8096321105957,15.59000015258789,15.0637589591034
281,2021-08-12,WBA,50.0,50.06999969482422,49.08000183105469,44.1508674621582,3631100.0,3.0,-0.09354384239216529,44.0135162590155,40.36011121290832,50.141679479753435,221.3774514396248,24.135261577407288,42.2745423634847,45.03788166046142,15.59000015258789,15.0637589591034
281,2021-08-12,WMT,149.0,150.2100067138672,148.80999755859375,144.50340270996094,6089700.0,3.0,2.0572419113078695,144.239675133363,133.46233750091437,65.45062609989317,232.19018771048133,59.31651184378093,137.73206227620443,136.3941858927409,15.59000015258789,15.0637589591034
282,2021-08-13,AAPL,148.97000122070312,149.44000244140625,148.27000427246094,147.39479064941406,59375000.0,4.0,1.8761389389547674,147.8648559183119,141.4980057149889,62.17708933008277,128.02374096105166,29.281025113867283,144.13242899576824,135.8950283050537,15.449999809265137,8.062413862277829
282,2021-08-13,AMGN,229.11000061035156,231.88999938964844,228.75999450683594,213.42730712890625,1797300.0,4.0,-3.938038617023608,236.15947060961838,206.81460775952223,41.54047541447771,-117.9272012241483,28.630529904762135,223.6554183959961,223.72743428548176,15.449999809265137,8.062413862277829
282,2021-08-13,AXP,168.08999633789062,168.3000030517578,165.61000061035156,161.16336059570312,4157700.0,4.0,0.14333132875410115,169.72045485448967,160.1384776406275,50.5734452682101,-137.42789092268666,10.977957693478574,165.26813354492188,161.6435213724772,15.449999809265137,8.062413862277829
282,2021-08-13,BA,238.00999450683594,239.69000244140625,234.27999877929688,234.4600067138672,6390300.0,4.0,1.1280737797079041,242.8447749610498,212.09322705311033,50.57923771537509,80.34829234065039,1.0488407254265637,228.7259999593099,236.63866678873697,15.449999809265137,8.062413862277829
282,2021-08-13,CAT,219.8800048828125,220.5500030517578,217.72999572753906,209.1923828125,2049400.0,4.0,0.6408159491727758,210.9331072274471,191.9361585196232,51.75391100658386,140.19183819674282,19.71080041878357,202.20670572916666,209.297119140625,15.449999809265137,8.062413862277829
282,2021-08-13,CRM,251.7100067138672,253.77000427246094,248.8699951171875,251.55999755859375,5986400.0,4.0,1.5798076952716258,253.02716115355412,236.93183848023494,57.50316218259496,141.7917850054197,10.122756351010823,244.75699971516926,241.34683278401693,15.449999809265137,8.062413862277829
282,2021-08-13,CSCO,56.38999938964844,56.619998931884766,56.2599983215332,52.7665901184082,10841700.0,4.0,0.631020690858584,53.29042039812988,49.94316114483887,62.38119801536786,119.5446494786444,34.102592576554585,51.067819341023764,50.27208875020345,15.449999809265137,8.062413862277829
282,2021-08-13,CVX,102.2300033569336,102.54000091552734,101.63999938964844,93.33525848388672,6572600.0,4.0,-0.1690394104843449,95.751485118312,88.66712602670752,48.985932683324144,22.013607322327502,5.235607368381847,92.89464441935222,95.10627822875976,15.449999809265137,8.062413862277829
282,2021-08-13,DIS,186.2899932861328,187.5800018310547,180.8800048828125,181.0800018310547,32504600.0,4.0,0.3612160343866151,181.37302703858126,172.30497741698514,53.513591227297695,143.99747829876674,29.081929126766664,177.5050013224284,176.7416669209798,15.449999809265137,8.062413862277829
282,2021-08-13,GS,416.0,416.8900146484375,408.17999267578125,387.1770935058594,1980000.0,4.0,10.008041008226712,394.47974895049913,329.69922748993054,63.68104144308182,194.88233221166394,44.45142266031574,357.99854431152346,354.16982421875,15.449999809265137,8.062413862277829
282,2021-08-13,HD,333.8599853515625,335.79998779296875,330.9800109863281,313.652099609375,2217000.0,4.0,3.2126550614669327,319.1617217946628,304.19103089088406,56.36812022874331,93.65219463256352,28.293601774201964,309.02568969726565,302.1780522664388,15.449999809265137,8.062413862277829
282,2021-08-13,HON,231.85000610351562,232.66000366210938,231.14999389648438,222.50340270996094,1404700.0,4.0,1.8077388096373852,226.27065114674116,215.04294901195027,55.261902817245534,66.79654394031475,14.30811675695119,218.64105122884115,215.93791529337565,15.449999809265137,8.062413862277829
282,2021-08-13,IBM,136.3671112060547,137.26577758789062,136.1759033203125,123.99922180175781,1997965.0,4.0,0.3974049083508504,124.72172683198642,118.92370010893154,54.26510037994523,116.65412512004448,13.86880565981473,121.2058957417806,123.2559388478597,15.449999809265137,8.062413862277829
282,2021-08-13,INTC,53.5,53.560001373291016,53.060001373291016,50.09156799316406,15281100.0,4.0,-0.4124943117141342,52.00194689336275,48.86576322016264,44.325614645300185,-78.54806414943602,22.16769007010746,51.0242109934489,51.928894488016766,15.449999809265137,8.062413862277829
282,2021-08-13,JNJ,175.2899932861328,176.2899932861328,175.1199951171875,165.93528747558594,5882100.0,4.0,1.696821730988347,166.51805732159497,158.03067619891286,63.94058209289805,148.3724267024778,37.718187742975054,161.24548848470053,158.68968175252277,15.449999809265137,8.062413862277829
282,2021-08-13,JPM,161.7899932861328,162.16000366210938,159.57000732421875,149.6939697265625,8980900.0,4.0,1.5801133743035791,151.7019286564425,136.13569341386997,55.6330329264702,161.69726618004614,24.413550519205003,144.16209411621094,145.98781661987306,15.449999809265137,8.062413862277829
282,2021-08-13,KO,56.810001373291016,57.29999923706055,56.77000045776367,53.49283218383789,7714200.0,4.0,0.3762852243318875,53.78260686714038,52.214141103440674,60.27225363589186,73.30788184540025,24.797872470227315,52.45500233968099,51.81067765553792,15.449999809265137,8.062413862277829
282,2021-08-13,MCD,236.7899932861328,239.0,236.27000427246094,227.2729034423828,1699700.0,4.0,0.16608930039018333,234.9332384728058,218.40015843881528,53.83361203336597,21.367787775617842,6.568696166941473,225.65921681722006,223.60126724243165,15.449999809265137,8.062413862277829
282,2021-08-13,MMM,201.22999572753906,201.7100067138672,200.2899932861328,181.43414306640625,1910700.0,4.0,0.22448711503906793,183.21248044420014,177.47672701429593,52.39257446664689,73.32579332269005,16.133502615237287,180.54134419759114,180.64235229492186,15.449999809265137,8.062413862277829
282,2021-08-13,MRK,76.36000061035156,76.7699966430664,76.22000122070312,71.50566864013672,6810400.0,4.0,-0.2550177346508633,72.91704943874939,69.54253689547912,52.7795779260302,-29.30875698735978,11.229474346228521,71.72190678914389,70.76102002461751,15.449999809265137,8.062413862277829
282,2021-08-13,MSFT,289.4800109863281,292.8999938964844,289.29998779296875,287.0892639160156,18249000.0,4.0,4.002279929059512,288.0850229774277,273.50323080675196,66.6112854447087,126.47346888680498,34.99737561685233,278.4709106445313,265.2833661397298,15.449999809265137,8.062413862277829
282,2021-08-13,NKE,170.4499969482422,171.72000122070312,168.77999877929688,167.68333435058594,2966200.0,4.0,4.605672947055581,172.9281074471715,154.69653091952773,68.99698891239089,82.77953286582589,35.93980152032481,161.5615982055664,147.43861287434896,15.449999809265137,8.062413862277829
282,2021-08-13,PG,142.9499969482422,143.99000549316406,142.69000244140625,136.70565795898438,4888800.0,4.0,1.6107620503030375,137.8025217221557,130.74826410548104,61.96040721794635,111.71674961702672,38.1169941554325,132.8539560953776,130.27457555135092,15.449999809265137,8.062413862277829
282,2021-08-13,TRV,156.63999938964844,157.10000610351562,155.6699981689453,148.73448181152344,594400.0,4.0,0.9829913057628517,149.3842879259102,138.1221024549492,55.06563389178188,138.3464508932617,14.149213694493346,144.35393168131512,145.44178161621093,15.449999809265137,8.062413862277829
282,2021-08-13,UNH,407.0799865722656,410.04998779296875,405.9200134277344,397.1559753417969,1537800.0,4.0,-0.0027084059895514656,408.6266858831878,392.4897814019684,51.710078184137345,-105.50486910648434,24.122867948565375,400.90125834147136,395.40130208333335,15.449999809265137,8.062413862277829
282,2021-08-13,V,232.0,233.27000427246094,231.39999389648438,229.16844177246094,5445400.0,4.0,-1.3730759166564326,248.83744162141258,226.848860563646,47.073457273670996,-142.8953545909383,24.014632961906752,237.78850504557292,232.816370900472,15.449999809265137,8.062413862277829
282,2021-08-13,VZ,55.70000076293945,55.97999954223633,55.68000030517578,48.766849517822266,8384600.0,4.0,-0.09768430863031341,49.09133760645524,48.1211471347557,49.504631619558054,-14.207973447404564,2.8724321061748395,48.721411514282224,48.80355606079102,15.449999809265137,8.062413862277829
282,2021-08-13,WBA,49.33000183105469,49.619998931884766,49.08000183105469,44.12400817871094,3776200.0,4.0,0.01178614341101536,44.290297205078275,40.3760583094481,50.04841780019067,210.12193249982516,24.135261577407288,42.291849517822264,44.96250642140706,15.449999809265137,8.062413862277829
282,2021-08-13,WMT,149.3800048828125,150.36000061035156,149.16000366210938,144.95907592773438,5327100.0,4.0,2.2285614137305743,145.19811881757573,133.32684913896725,66.08077276263359,203.1730801315097,59.8491815087316,138.07849934895833,136.5255495707194,15.449999809265137,8.062413862277829
283,2021-08-16,AAPL,148.5399932861328,151.19000244140625,146.47000122070312,149.39163208007812,103296000.0,0.0,2.0751413012218336,148.36143671955918,141.87957432780408,64.12530038575251,152.87845764710949,15.262831975389169,144.50707244873047,136.29046084086102,16.1200008392334,10.360702540728115
283,2021-08-16,AMGN,228.25999450683594,231.2899932861328,227.9199981689453,216.3770294189453,2434500.0,0.0,-3.649890429584758,235.2045353043738,206.48016470783324,44.38996585944653,-100.95086463108966,30.57277059392195,223.16460673014322,223.4320037841797,16.1200008392334,10.360702540728115
283,2021-08-16,AXP,164.77000427246094,165.89999389648438,162.6300048828125,160.84310913085938,3845400.0,0.0,-0.14853340983879093,169.10270253519968,161.041525064898,50.26427353621532,-189.49019042245834,21.108878610973044,165.1791798909505,161.81535873413085,16.1200008392334,10.360702540728115
283,2021-08-16,BA,231.89999389648438,232.02999877929688,227.13999938964844,229.05999755859375,7622000.0,0.0,0.7674981961834533,240.55280288688724,216.5921983338159,48.07413375124833,9.8212363314958,12.804315111932995,228.4720001220703,236.66216684977215,16.1200008392334,10.360702540728115
283,2021-08-16,CAT,217.36000061035156,218.0,214.33999633789062,208.3692626953125,3132500.0,0.0,0.9138520023233525,211.50304284729074,192.76645483337333,51.170704426787225,98.47654549177427,9.401330725574603,202.24219462076823,209.0414840698242,16.1200008392334,10.360702540728115
283,2021-08-16,CRM,250.1699981689453,251.0,244.47000122070312,249.1999969482422,4047500.0,0.0,1.6820336415366057,253.00952976520162,238.11446925823586,55.668407552349414,72.95724789072416,1.5652012787361933,244.79033304850262,241.770499420166,16.1200008392334,10.360702540728115
283,2021-08-16,CSCO,56.29999923706055,56.43000030517578,55.93000030517578,52.589046478271484,14407400.0,0.0,0.6271403267479982,53.19256351908732,50.341899981889235,61.28048218407172,98.04118834855805,24.31619081768725,51.15316276550293,50.331204922993976,16.1200008392334,10.360702540728115
283,2021-08-16,CVX,100.83000183105469,101.19999694824219,99.91000366210938,92.38324737548828,9476600.0,0.0,-0.2159952310409068,95.32118837524096,89.55146787475904,47.54837481988622,-27.77259180778849,16.578634977396543,92.73749923706055,95.06600023905436,16.1200008392334,10.360702540728115
283,2021-08-16,DIS,180.50999450683594,180.58999633789062,176.50999450683594,179.08999633789062,8746700.0,0.0,0.4418104063801138,181.3937308156321,172.89827357889916,51.36306068841208,30.11526552895789,12.336750667979741,177.571001180013,176.87050018310546,16.1200008392334,10.360702540728115
283,2021-08-16,GS,408.989990234375,408.989990234375,402.1499938964844,384.88677978515625,1590700.0,0.0,10.104867627154192,395.7539267226304,333.47990506447894,62.533502615878696,140.8334056806295,32.48079742923569,359.0727294921875,354.95183614095055,16.1200008392334,10.360702540728115
283,2021-08-16,HD,330.7099914550781,335.6300048828125,327.9700012207031,317.1831359863281,3496300.0,0.0,3.284066489943598,318.7416820705488,306.14278448218556,58.37398255012973,89.89408962269903,17.207976826266076,309.4154012044271,302.5061986287435,16.1200008392334,10.360702540728115
283,2021-08-16,HON,231.86000061035156,233.8000030517578,230.1699981689453,224.4043426513672,1794500.0,0.0,1.9230514654722413,224.92842026174506,217.7250663715557,56.70014104948231,76.20392469513277,18.090563938705813,219.06664276123047,216.13780212402344,16.1200008392334,10.360702540728115
283,2021-08-16,IBM,136.93116760253906,137.41873168945312,135.9751434326172,124.35428619384766,2913319.0,0.0,0.4992545766933745,124.66555100727916,119.60686644267201,54.864979931047856,115.53585738408371,12.10457861537468,121.35495961507162,123.27538973490397,16.1200008392334,10.360702540728115
283,2021-08-16,INTC,53.22999954223633,53.4900016784668,53.0,50.07283401489258,17690300.0,0.0,-0.40756986257432715,51.95948811025087,48.83169192820129,44.269982073203856,-77.89291733547078,22.903915375238025,50.93295135498047,51.8958251953125,16.1200008392334,10.360702540728115
283,2021-08-16,JNJ,176.5500030517578,177.88999938964844,175.9499969482422,167.4322509765625,4782800.0,0.0,1.8827541202769282,166.89906883453745,158.68152351165395,66.08435867045611,175.70422705988224,46.167518137033696,161.5235376993815,158.81255518595378,16.1200008392334,10.360702540728115
283,2021-08-16,JPM,158.94000244140625,159.02999877929688,156.77999877929688,148.7114715576172,8755800.0,0.0,1.6053350933189563,151.92655453076839,137.03017001757144,54.42913639646028,98.38125403655377,7.955900446090006,144.25254465738934,145.97255630493163,16.1200008392334,10.360702540728115
283,2021-08-16,KO,57.20000076293945,57.4900016784668,57.029998779296875,53.726505279541016,7972000.0,0.0,0.4030494232597306,53.804766902713475,52.3555541422084,61.39749032995295,89.18074951991669,28.50791953736672,52.55781936645508,51.861131286621095,16.1200008392334,10.360702540728115
283,2021-08-16,MCD,239.0,241.0500030517578,238.55999755859375,229.31895446777344,2175300.0,0.0,0.4458937190515826,234.5265627711364,219.92121707505498,55.65615869242124,63.05721373164978,1.647493627753699,225.89205423990884,223.7609110514323,16.1200008392334,10.360702540728115
283,2021-08-16,MMM,201.08999633789062,202.77000427246094,200.3800048828125,183.008056640625,1607000.0,0.0,0.40090777395337795,183.55242473385184,177.56734913089426,54.25818873728395,113.59346848871068,21.185656073997176,180.61461283365887,180.65245310465494,16.1200008392334,10.360702540728115
283,2021-08-16,MRK,76.7300033569336,78.01000213623047,76.63999938964844,72.63343811035156,9368400.0,0.0,-0.09863019976737064,73.054862195487,69.48674318171027,56.405112223319556,46.87056625608854,25.666039745818143,71.70109125773112,70.80088539123535,16.1200008392334,10.360702540728115
283,2021-08-16,MSFT,293.19000244140625,294.82000732421875,290.0199890136719,288.8049011230469,22507600.0,0.0,4.224478593121319,288.4083092014789,274.9043433864117,67.60437661506435,142.62245692804854,40.06121108600187,279.02479756673176,266.06959025065106,16.1200008392334,10.360702540728115
283,2021-08-16,NKE,170.6999969482422,172.39999389648438,169.66000366210938,168.33767700195312,3530200.0,0.0,4.4363864754086535,172.63110286362624,156.40872104994796,69.48868196497806,86.95279122745069,38.3074251513699,161.97244720458986,148.07927729288738,16.1200008392334,10.360702540728115
283,2021-08-16,PG,143.6699981689453,144.69000244140625,143.3800048828125,137.6573944091797,6040800.0,0.0,1.6872883154761382,138.27997134510386,130.7540786426891,63.47118927175387,128.00880687728196,41.721227836300905,133.15817209879557,130.3935811360677,16.1200008392334,10.360702540728115
283,2021-08-16,TRV,156.30999755859375,157.94000244140625,155.47999572753906,150.09519958496094,980300.0,0.0,1.2486282273257245,150.3678453626829,137.75514352891864,56.6030247366944,142.3370540216697,18.63250826901006,144.56041564941407,145.43888117472332,16.1200008392334,10.360702540728115
283,2021-08-16,UNH,409.8399963378906,417.4200134277344,407.3299865722656,404.46563720703125,2377500.0,0.0,0.4311938548733565,408.97197259404317,392.934600892285,55.27195864308802,9.99021079007776,4.2497515271283,401.1549336751302,395.5638656616211,16.1200008392334,10.360702540728115
283,2021-08-16,V,232.2100067138672,235.47999572753906,230.1999969482422,231.83787536621094,7575900.0,0.0,-1.4632133606737625,248.91777535788958,226.30332144386824,49.26461714569686,-118.42980911315603,15.716702569038777,237.69180196126302,232.9678736368815,16.1200008392334,10.360702540728115
283,2021-08-16,VZ,55.91999816894531,56.06999969482422,55.58000183105469,48.86286926269531,12964200.0,0.0,-0.0648070894516195,49.107550678818065,48.117154826553026,50.328785131742166,-3.4238878539335205,6.758219781932816,48.72627067565918,48.80095049540202,16.1200008392334,10.360702540728115
283,2021-08-16,WBA,49.189998626708984,49.61000061035156,48.93000030517578,43.98973083496094,4639100.0,0.0,0.08346373855980715,44.44395660528709,40.54108672967384,49.57158215575601,185.25475061340987,21.127147027951512,42.32079391479492,44.88104394276937,16.1200008392334,10.360702540728115
283,2021-08-16,WMT,149.67999267578125,151.72999572753906,149.0399932861328,146.1417694091797,15930500.0,0.0,2.4317353025960813,146.2671638856991,133.2309028257267,67.66430050220563,192.38385088894066,64.40008728895108,138.43892466227214,136.66857630411783,16.1200008392334,10.360702540728115
284,2021-08-17,AAPL,150.22999572753906,151.67999267578125,149.08999633789062,148.4722900390625,92229700.0,1.0,2.1340686723617637,148.87037840085014,141.79162721438422,62.589829370794206,173.13871911492836,17.854728738272655,144.78329264322917,136.70149943033854,17.90999984741211,29.794362363654642
284,2021-08-17,AMGN,229.66000366210938,231.27999877929688,229.52000427246094,216.4987335205078,2666500.0,1.0,-3.372830520445831,234.08873166569788,206.3038952874271,44.505420085811174,-85.96049775255034,30.572770593921945,222.834272257487,223.15285059611003,17.90999984741211,29.794362363654642
284,2021-08-17,AXP,164.75999450683594,166.35000610351562,163.35000610351562,159.77566528320312,7631600.0,1.0,-0.4606618919130483,169.52257547887473,160.21214131800025,49.226615190079876,-165.76699732012062,18.924168372289582,165.02035776774088,161.94778900146486,17.90999984741211,29.794362363654642
284,2021-08-17,BA,226.1999969482422,226.24000549316406,219.8000030517578,222.22000122070312,13124000.0,1.0,-0.06939119331767074,239.97429933791562,217.6777026152094,45.144312353756035,-61.31866052109027,24.220716814134995,228.00800018310548,236.45216674804686,17.90999984741211,29.794362363654642
284,2021-08-17,CAT,216.22000122070312,216.38999938964844,210.5800018310547,204.28245544433594,4022800.0,1.0,0.7913417561119047,211.69360459784843,193.10037886162422,48.37102243549311,39.93018935654908,0.7343573470587168,202.2760030110677,208.68203633626302,17.90999984741211,29.794362363654642
284,2021-08-17,CRM,248.25999450683594,249.1999969482422,245.94000244140625,246.99000549316406,3472600.0,1.0,1.5666611056805948,252.91592194728497,238.89607756443377,53.99933053835073,59.411233862083336,1.565201278736199,244.6816665649414,242.1773328145345,17.90999984741211,29.794362363654642
284,2021-08-17,CSCO,55.869998931884766,56.02000045776367,55.630001068115234,52.336753845214844,11987500.0,1.0,0.5968273490756602,53.0792510611051,50.68227504668299,59.731148115833264,73.10372269791817,16.083728838341184,51.24753875732422,50.392611821492515,17.90999984741211,29.794362363654642
284,2021-08-17,CVX,100.19999694824219,101.68000030517578,99.62999725341797,92.20932006835938,10937500.0,1.0,-0.2641970382446175,94.79359004753678,90.46353962165267,47.286112091801954,-23.030565862818577,12.581811407862375,92.6380251566569,95.01427968343098,17.90999984741211,29.794362363654642
284,2021-08-17,DIS,177.14999389648438,178.4499969482422,174.9199981689453,175.8300018310547,8534500.0,1.0,0.2398627268396183,181.38554498281223,172.81445959482448,48.08810780825084,-30.448318627162024,6.941070342712455,177.6423344930013,176.92766698201498,17.90999984741211,29.794362363654642
284,2021-08-17,GS,403.8399963378906,408.3500061035156,400.20001220703125,381.7009582519531,2077400.0,1.0,9.8114341421591,396.9194677452511,336.1043237586552,60.952975794370815,115.44227803149629,28.791371596257648,360.1758178710937,355.5792994181315,17.90999984741211,29.794362363654642
284,2021-08-17,HD,321.0,323.5899963378906,316.6099853515625,303.64569091796875,9322800.0,1.0,2.2226802077705656,319.4092192775317,305.0397675388745,49.372043430000325,-95.38891714140934,13.089277527672289,309.46241760253906,302.61076202392576,17.90999984741211,29.794362363654642
284,2021-08-17,HON,233.19000244140625,233.6999969482422,228.33999633789062,222.20579528808594,2679100.0,1.0,1.8160983267850952,224.9841494354195,217.928748818975,54.600055009994946,47.00993114034471,9.77579157932002,219.50692443847657,216.28399327596028,17.90999984741211,29.794362363654642
284,2021-08-17,IBM,136.71128845214844,136.86424255371094,134.88528442382812,123.34103393554688,3215195.0,1.0,0.4925325745708733,124.6487321164294,119.97383334377567,52.81973075246964,61.11422209445659,2.8567538079186185,121.50563735961914,123.26568133036295,17.90999984741211,29.794362363654642
284,2021-08-17,INTC,53.16999816894531,53.18000030517578,52.220001220703125,49.34239196777344,22014900.0,1.0,-0.45733588637943967,51.84981784186737,48.73596211113556,42.13686073856453,-111.88568369981965,31.860568503105753,50.83812306722005,51.84856592814128,17.90999984741211,29.794362363654642
284,2021-08-17,JNJ,177.30999755859375,179.50999450683594,177.30999755859375,168.9668731689453,6041900.0,1.0,2.1293917611885433,167.78894506095602,158.82915796638773,68.09586456548556,203.04410207240542,53.059782281676036,161.88443806966146,158.96272099812825,17.90999984741211,29.794362363654642
284,2021-08-17,JPM,157.57000732421875,158.86000061035156,155.27000427246094,146.9149169921875,9347200.0,1.0,1.4634863882589002,152.04273749084373,137.59704980163676,52.28872905883897,65.28506641692857,0.2813352839824837,144.36482950846354,145.89897791544595,17.90999984741211,29.794362363654642
284,2021-08-17,KO,57.459999084472656,57.560001373291016,57.0099983215332,53.5395622253418,10346400.0,1.0,0.4045125329307879,53.76531604369434,52.53053623596874,59.99124304867782,85.87744268842019,29.870464724851086,52.663751856486,51.908933067321776,17.90999984741211,29.794362363654642
284,2021-08-17,MCD,240.35000610351562,240.83999633789062,238.2100067138672,228.6623077392578,1652000.0,1.0,0.6076502200693312,234.54988996714462,220.46982896596086,54.93613065575095,49.486112198990746,0.2371165273163915,226.13091837565105,223.9244379679362,17.90999984741211,29.794362363654642
284,2021-08-17,MMM,202.0,202.0,197.60000610351562,180.50244140625,2287900.0,1.0,0.33468220000210636,183.45055579542856,177.5543392241027,50.96884893009696,0.9952829821424564,3.6762731155343493,180.69481557210287,180.61762822469075,17.90999984741211,29.794362363654642
284,2021-08-17,MRK,77.9000015258789,79.05999755859375,77.83000183105469,73.4722671508789,10311600.0,1.0,0.09193477466794775,73.42509132423554,69.36443504295197,58.83690495301417,125.58501776130596,35.20429237070017,71.72346013387045,70.86178550720214,17.90999984741211,29.794362363654642
284,2021-08-17,MSFT,292.3900146484375,293.42999267578125,291.0799865722656,287.31475830078125,20075300.0,1.0,4.231551867255405,288.454870601927,276.20671692248703,65.84468785398289,127.64426481522567,40.061211086001876,279.5286865234375,266.8523821512858,17.90999984741211,29.794362363654642
284,2021-08-17,NKE,171.5399932861328,171.6999969482422,169.3800048828125,166.67733764648438,3602900.0,1.0,4.120748790059196,172.14794680623547,157.95839016886217,66.71149106451054,68.54054235399016,36.093427594986096,162.31590677897137,148.70217870076496,17.90999984741211,29.794362363654642
284,2021-08-17,PG,144.39999389648438,145.60000610351562,143.88999938964844,137.8858184814453,7577000.0,1.0,1.746238297482222,138.67649252668176,130.93459603532997,63.82787717353225,134.45346245347525,46.084997875821415,133.46747894287108,130.5163937886556,17.90999984741211,29.794362363654642
284,2021-08-17,TRV,157.5800018310547,159.3800048828125,157.3300018310547,151.19894409179688,875600.0,1.0,1.53056693590662,151.4967367797986,137.3694009155139,57.814169427366146,164.8443958694248,25.739120484495114,144.8160608927409,145.4501185099284,17.90999984741211,29.794362363654642
284,2021-08-17,UNH,417.1000061035156,422.5,416.6300048828125,408.8960266113281,2258000.0,1.0,1.1196532555516683,410.1403326755865,392.6203271144526,57.24909237700949,147.67868343283314,6.75084739463095,401.52720438639324,395.7521357218424,17.90999984741211,29.794362363654642
284,2021-08-17,V,235.0,235.6699981689453,233.22000122070312,231.02029418945312,6850500.0,1.0,-1.582379219965219,248.89059566529957,225.558272132552,48.626778167949944,-100.91252099248115,15.009469210543545,237.53604075113932,233.1003397623698,17.90999984741211,29.794362363654642
284,2021-08-17,VZ,55.869998931884766,56.20000076293945,55.77000045776367,49.037437438964844,11847600.0,1.0,-0.024384375584119766,49.16610588325904,48.110971600871814,51.80809266187018,44.08004772544354,1.1353653105021935,48.73781191507975,48.79952805836995,17.90999984741211,29.794362363654642
284,2021-08-17,WBA,49.09000015258789,49.33000183105469,48.61000061035156,43.98973083496094,3846100.0,1.0,0.13867024486089008,44.59653967434808,40.6642223495777,49.57158215575601,149.49873479273347,14.784091810042781,42.363763173421226,44.79540386199951,17.90999984741211,29.794362363654642
284,2021-08-17,WMT,150.39999389648438,152.5,149.10000610351562,146.09327697753906,16983400.0,1.0,2.5593366990111406,147.16910479419292,133.23539502270162,67.53057778043959,170.60237246097762,66.66984052714129,138.80320688883464,136.82158025105795,17.90999984741211,29.794362363654642
285,2021-08-18,AAPL,149.8000030517578,150.72000122070312,146.14999389648438,144.6860809326172,86326000.0,2.0,1.853883194850539,148.8405188686465,141.93788994483006,56.795818511638934,54.02678217692679,1.4745683999873451,144.84940236409506,137.02196057637533,21.56999969482422,14.536104222597517
285,2021-08-18,AMGN,230.52000427246094,231.3300018310547,226.60000610351562,212.4159698486328,2988100.0,2.0,-3.443014525338981,233.29866177878097,205.58318026223463,41.514346076022335,-99.40055134584554,37.34566463937553,222.38116505940755,222.85613937377929,21.56999969482422,14.536104222597517
285,2021-08-18,AXP,163.8300018310547,165.13999938964844,162.05999755859375,157.33030700683594,3563700.0,2.0,-0.8950286062750195,169.9502120493452,158.7772339345415,46.93061492242415,-187.7713812001335,23.171092544809817,164.73409067789714,162.01091079711915,21.56999969482422,14.536104222597517
285,2021-08-18,BA,221.72999572753906,223.64999389648438,218.89999389648438,219.0,9000900.0,2.0,-0.9811491748539254,240.31777626770423,216.98022635680746,43.843082019500805,-80.92333728141253,25.499243250782445,227.58200022379557,236.14483337402345,21.56999969482422,14.536104222597517
285,2021-08-18,CAT,212.5,213.5500030517578,209.72000122070312,200.80819702148438,2947700.0,2.0,0.409190985250234,211.67201295040294,193.03391508914783,46.15045232041462,-3.580998314119925,2.933113047550784,202.15687459309896,208.23596623738607,21.56999969482422,14.536104222597517
285,2021-08-18,CRM,248.0,256.79998779296875,247.72000122070312,251.22000122070312,8306700.0,2.0,1.7958513865579846,253.51529436086514,239.20770521188877,56.57718359273928,154.33009926643112,16.025976063693072,244.77433319091796,242.58116607666017,21.56999969482422,14.536104222597517
285,2021-08-18,CSCO,55.790000915527344,56.13999938964844,55.029998779296875,51.53316116333008,17111700.0,2.0,0.5021721543492603,52.91548762418471,50.96470951936997,55.13782313273676,40.365975325652975,1.6869970370999183,51.30640729268392,50.42577838897705,21.56999969482422,14.536104222597517
285,2021-08-18,CVX,98.69000244140625,99.41999816894531,96.55000305175781,89.7136459350586,12893600.0,2.0,-0.49803631049665853,95.01866446102458,90.07220239078207,43.707609677304525,-129.20962446610812,29.225269177729736,92.48770624796549,94.89838434855143,21.56999969482422,14.536104222597517
285,2021-08-18,DIS,175.89999389648438,176.7899932861328,174.5,174.74000549316406,7063500.0,2.0,-0.008043142795486347,181.40617207425782,172.57883311373047,47.05046119528702,-60.85049421689513,5.510091144119214,177.70633443196616,176.9348337809245,21.56999969482422,14.536104222597517
285,2021-08-18,GS,402.6000061035156,406.1099853515625,398.5899963378906,375.8854675292969,2187800.0,2.0,9.00581110746782,397.5879117856283,337.8205080141764,58.17631087223268,89.4587930546147,25.70171388100777,361.1538604736328,356.0780553181966,21.56999969482422,14.536104222597517
285,2021-08-18,HD,319.3399963378906,327.8599853515625,319.0,304.40301513671875,4880600.0,2.0,1.426193397788552,319.87290540085047,304.1207286323526,49.819877223259205,-58.93614774491728,2.4487250694033498,309.4015126546224,302.74254404703777,21.56999969482422,14.536104222597517
285,2021-08-18,HON,229.9600067138672,231.49000549316406,228.24000549316406,219.2968292236328,2555300.0,2.0,1.479552582480835,224.9900874365763,217.68190810785728,51.96557578603052,4.035337505105128,9.326185915908257,219.78075358072917,216.35301462809244,21.56999969482422,14.536104222597517
285,2021-08-18,IBM,135.4397735595703,135.67877197265625,133.26004028320312,120.7862319946289,3672192.0,2.0,0.27785127762594186,124.66363723578067,119.93972198663144,48.139026321211425,-48.98026051870333,9.097052026052957,121.54147415161133,123.21367835998535,21.56999969482422,14.536104222597517
285,2021-08-18,INTC,52.599998474121094,53.029998779296875,52.11000061035156,48.87416076660156,15061700.0,2.0,-0.5284663326292929,51.484540375486546,48.75690478442556,40.832173095911784,-122.66391431247175,33.033402466783194,50.73171869913737,51.77985668182373,21.56999969482422,14.536104222597517
285,2021-08-18,JNJ,179.5,179.5,177.1300048828125,166.8202667236328,7134100.0,2.0,2.127120546764587,168.04987071302483,159.29316517564703,62.71368928366479,165.83771664178118,50.76717778660741,162.12859395345052,159.06691080729166,21.56999969482422,14.536104222597517
285,2021-08-18,JPM,156.30999755859375,158.00999450683594,155.33999633789062,145.57687377929688,8065500.0,2.0,1.2289349654512307,152.12689752911044,137.76739873553802,50.7510592663519,45.660042051899254,0.2813352839824874,144.42689717610676,145.78945388793946,21.56999969482422,14.536104222597517
285,2021-08-18,KO,57.189998626708984,57.22999954223633,56.41999816894531,52.81049728393555,13873700.0,2.0,0.3428899878266378,53.76794600169322,52.5232321294103,54.91671384747577,31.951593507104125,10.837764406691285,52.73167330423991,51.94180068969727,21.56999969482422,14.536104222597517
285,2021-08-18,MCD,239.44000244140625,239.75999450683594,237.77999877929688,226.5686798095703,2215500.0,2.0,0.5604446783837034,234.52778338583295,220.69653912393267,52.687914012032174,19.730763412828004,1.5568224993725452,226.2403574625651,224.04250259399413,21.56999969482422,14.536104222597517
285,2021-08-18,MMM,198.57000732421875,198.80999755859375,196.30999755859375,177.7526397705078,2116100.0,2.0,0.05962462895544718,183.45152090232884,177.16803781349145,47.68675178077016,-130.73105348412557,3.2571868593277804,180.59380900065105,180.52566579182943,21.56999969482422,14.536104222597517
285,2021-08-18,MRK,78.87999725341797,79.06999969482422,77.75,72.50296020507812,7459100.0,2.0,0.16286649657284613,73.54680122271974,69.37320991619627,55.15885710407144,99.50998914957786,33.80588730263134,71.69953842163086,70.90873476664225,21.56999969482422,14.536104222597517
285,2021-08-18,MSFT,292.0400085449219,294.82000732421875,290.2699890136719,285.5566101074219,21813000.0,2.0,4.0486196550155,288.2838149839575,277.3469803041284,63.817239037083546,116.00428260044788,43.69011790157091,279.89979146321616,267.51421076456705,21.56999969482422,14.536104222597517
285,2021-08-18,NKE,169.75,171.8000030517578,168.66000366210938,164.8705291748047,5487400.0,2.0,3.682361337528249,171.52623024359733,159.33506583794562,63.83926859838673,52.44302000611165,30.357439350290928,162.5975118001302,149.27222391764323,21.56999969482422,14.536104222597517
285,2021-08-18,PG,144.6999969482422,144.8800048828125,143.17999267578125,136.38209533691406,7162000.0,2.0,1.6525689066413918,138.67224433245195,131.41185600934494,59.84815389135201,97.23825767218503,37.49819540607602,133.6945053100586,130.61477406819662,21.56999969482422,14.536104222597517
285,2021-08-18,TRV,157.97999572753906,160.47999572753906,157.66000366210938,151.02769470214844,1290700.0,2.0,1.720355808288275,152.41542078851347,137.1053738892209,57.556351236105755,157.88600840200388,30.682714255759812,145.02317860921224,145.4640215555827,21.56999969482422,14.536104222597517
285,2021-08-18,UNH,421.3500061035156,421.5899963378906,417.0899963378906,404.572265625,3037000.0,2.0,1.3013695363127908,410.3836431169676,392.63683417795426,54.803373725254005,102.42161132512568,6.750847394630949,401.7101094563802,395.8792892456055,21.56999969482422,14.536104222597517
285,2021-08-18,V,233.9199981689453,234.35000610351562,231.47000122070312,228.1636962890625,4996500.0,2.0,-1.8855867289003072,248.92461151107491,224.3719308473235,46.45292362644389,-120.8024869375918,19.833417259446236,237.27194315592448,233.14338862101238,21.56999969482422,14.536104222597517
285,2021-08-18,VZ,56.04999923706055,56.06999969482422,55.45000076293945,48.41770553588867,15093500.0,2.0,-0.041873576354021225,49.14530320327592,48.08987707931686,46.70027739657184,-53.16062554418084,13.168996083856733,48.72524274190267,48.78676980336507,21.56999969482422,14.536104222597517
285,2021-08-18,WBA,49.119998931884766,49.54999923706055,48.91999816894531,43.88230895996094,5022500.0,2.0,0.17177365156560143,44.73466994795328,40.736462711958836,49.1705126922359,143.52506506502303,17.942070886965713,42.40941797892253,44.708719380696614,21.56999969482422,14.536104222597517
285,2021-08-18,WMT,150.5500030517578,152.57000732421875,149.02000427246094,144.54220581054688,9403900.0,2.0,2.506410899986406,147.5886006889437,133.63483223341956,63.38564452984236,139.4050858770637,65.49793452828736,139.1231923421224,136.94857177734374,21.56999969482422,14.536104222597517
286,2021-08-19,AAPL,145.02999877929688,148.0,144.5,145.02220153808594,86960300.0,3.0,1.6400508240760132,148.84333475246146,141.94689809665962,57.16001740450981,-15.050730385775813,10.30044185032383,144.97047627766926,137.351314163208,21.670000076293945,52.04498121763073
286,2021-08-19,AMGN,225.69000244140625,227.6999969482422,223.3000030517578,210.12176513671875,2669000.0,3.0,-3.6417788420850172,232.49574563275814,204.65610983599186,39.953464752886944,-116.6890360149367,43.95117554317266,221.8187515258789,222.61024373372396,21.670000076293945,52.04498121763073
286,2021-08-19,AXP,160.16000366210938,161.08999633789062,157.3300018310547,154.32205200195312,4256400.0,3.0,-1.4651194101529654,170.89985851686617,156.67572742063385,44.30106435488434,-251.9831623884863,36.258090173432635,164.46011505126953,162.0340581258138,21.670000076293945,52.04498121763073
286,2021-08-19,BA,216.3000030517578,218.3000030517578,211.72999572753906,212.16000366210938,11404400.0,3.0,-2.2299490201074548,241.6247489920725,214.80225448693142,41.23150174545522,-140.25579071815474,34.858715314775054,226.76166687011718,235.66850001017252,21.670000076293945,52.04498121763073
286,2021-08-19,CAT,208.1699981689453,208.9600067138672,203.2100067138672,195.6781768798828,4788100.0,3.0,-0.30411041045576326,211.8754811584227,192.37965494997576,43.12631321511429,-99.23307353202262,17.68658393393009,201.94861755371093,207.73422444661458,21.670000076293945,52.04498121763073
286,2021-08-19,CRM,249.1699981689453,255.44000244140625,248.3800048828125,253.07000732421875,6600800.0,3.0,2.1025297130351817,254.3233657602922,238.8786346669539,57.65091227400464,144.6584965265697,16.025976063693076,245.01666666666668,243.00383275349935,21.670000076293945,52.04498121763073
286,2021-08-19,CSCO,54.7599983215332,57.4900016784668,54.59000015258789,53.514129638671875,39881600.0,3.0,0.5803153171481483,53.16471308775548,50.97058010987636,62.493146787479674,107.51620646391055,24.274972108621505,51.431308110555015,50.4931983311971,21.670000076293945,52.04498121763073
286,2021-08-19,CVX,94.80999755859375,95.30999755859375,92.86000061035156,87.47776794433594,17423400.0,3.0,-0.853928727498257,95.6389555716605,89.15360042809534,40.84297924779711,-235.98419586894684,43.0992270574575,92.27292760213216,94.77161877950033,21.670000076293945,52.04498121763073
286,2021-08-19,DIS,174.0,174.67999267578125,172.55999755859375,173.25,8478600.0,3.0,-0.32104056555070315,181.55271332054795,172.24429137915908,45.65727905677737,-111.91688739044612,1.0289708657096068,177.7213343302409,176.88616714477538,21.670000076293945,52.04498121763073
286,2021-08-19,GS,394.6000061035156,397.7300109863281,390.9100036621094,370.9559326171875,2241500.0,3.0,7.8787553909177745,397.57504117751483,339.7995132658445,55.94167452202363,49.454393788068735,12.001094180327021,362.2418650309245,356.55383249918617,21.670000076293945,52.04498121763073
286,2021-08-19,HD,318.7900085449219,325.19000244140625,317.79998779296875,305.6811218261719,2974700.0,3.0,0.8878695828839227,320.1072419993628,303.53044720962157,50.583029319534894,-76.5134490226729,5.130317655211857,309.5390960693359,302.8656483968099,21.670000076293945,52.04498121763073
286,2021-08-19,HON,227.5800018310547,229.24000549316406,226.0399932861328,218.63438415527344,1945100.0,3.0,1.1461715228578555,224.93633455834225,217.34340482154056,51.3815349086978,-51.227898128468816,0.2796979180423956,220.07776387532553,216.42629521687826,21.670000076293945,52.04498121763073
286,2021-08-19,IBM,132.5908203125,133.31739807128906,131.1759033203125,119.53046417236328,4351465.0,3.0,0.006312073085197767,124.80059038521506,119.70850232718729,46.063412685828276,-158.24204736005774,21.588790405376695,121.50919570922852,123.15401687622071,21.670000076293945,52.04498121763073
286,2021-08-19,INTC,52.04999923706055,52.66999816894531,51.58000183105469,49.10826873779297,22999400.0,3.0,-0.5594976266316749,51.06222718279002,48.88341566999319,41.76480235001071,-129.72334129927003,38.48660001432199,50.65079587300618,51.716444969177246,21.670000076293945,52.04498121763073
286,2021-08-19,JNJ,176.6199951171875,179.3300018310547,176.07000732421875,168.11953735351562,5615000.0,3.0,2.2047459356052173,168.53216413045556,159.61960283731787,64.47193320623586,152.77492114184815,37.775813522601446,162.4264149983724,159.20012995402018,21.670000076293945,52.04498121763073
286,2021-08-19,JPM,153.16000366210938,155.55999755859375,153.00999450683594,144.3604736328125,9517700.0,3.0,0.9341298793102624,152.0754247869709,138.13233430726737,49.3852751559534,-2.8629554067403826,10.88856092725756,144.53107248942058,145.68586095174155,21.670000076293945,52.04498121763073
286,2021-08-19,KO,56.060001373291016,56.97999954223633,55.95000076293945,53.14698791503906,9223700.0,3.0,0.3175451952794859,53.76228751045913,52.5653438677147,56.66679708216295,11.470836871462366,1.4595830326941213,52.81673075358073,51.98043104807536,21.670000076293945,52.04498121763073
286,2021-08-19,MCD,236.67999267578125,238.1199951171875,236.07000732421875,225.75979614257812,1455400.0,3.0,0.4525471132758696,234.50636685819015,220.58091951876295,51.839994060805296,-15.520017260808045,8.51670753774832,226.379616800944,224.1434580485026,21.670000076293945,52.04498121763073
286,2021-08-19,MMM,195.0,196.22999572753906,194.30999755859375,176.71241760253906,2312800.0,3.0,-0.23953648573620967,183.67244495287545,176.61152721509328,46.514599892793264,-209.74794528647388,12.909722515802361,180.50606740315754,180.4299346923828,21.670000076293945,52.04498121763073
286,2021-08-19,MRK,77.70999908447266,79.13999938964844,77.70999908447266,73.12741088867188,8865400.0,3.0,0.26639748425996856,73.76406820479714,69.33582574661888,56.95226048525038,113.45792684021194,34.440108352719115,71.71010106404623,70.98857688903809,21.670000076293945,52.04498121763073
286,2021-08-19,MSFT,288.69000244140625,297.4700012207031,288.6400146484375,291.4891357421875,29850500.0,3.0,4.332408489167676,289.9488219207688,276.77975473938744,67.32881045082792,148.86184845886976,49.87474653803961,280.55066731770836,268.25955657958986,21.670000076293945,52.04498121763073
286,2021-08-19,NKE,166.9600067138672,167.5399932861328,164.3699951171875,161.72569274902344,7336300.0,3.0,3.04606101069632,171.30983834275892,159.73800101270982,59.246355118447816,-10.479997973262739,2.769264530048368,162.7589869181315,149.7856315612793,21.670000076293945,52.04498121763073
286,2021-08-19,PG,143.16000366210938,145.27999877929688,143.16000366210938,137.99049377441406,5787200.0,3.0,1.6886538016334498,138.7490964163272,132.01929500212984,62.43948566922414,111.00855047715,39.63500406374287,133.97577565511068,130.73255310058593,21.670000076293945,52.04498121763073
286,2021-08-19,TRV,158.32000732421875,161.0500030517578,158.08999633789062,151.75082397460938,1105000.0,3.0,1.9071311253842964,153.31373590441237,137.32225652722823,58.36735603804125,156.6810559198778,33.147917276781584,145.3708048502604,145.52435607910155,21.670000076293945,52.04498121763073
286,2021-08-19,UNH,415.3800048828125,428.3500061035156,412.3999938964844,414.81939697265625,3204500.0,3.0,2.246344398986423,412.77777712975126,391.4176788028659,59.08835307943039,176.36477966388716,19.644323372476933,402.28984375,396.14342193603517,21.670000076293945,52.04498121763073
286,2021-08-19,V,229.0399932861328,232.42999267578125,228.89999389648438,228.10459899902344,5761300.0,3.0,-2.1063686154035395,248.7715539926055,223.3195394522187,46.40852245408057,-135.13203389435012,26.392098515558025,237.11703287760417,233.19037094116212,21.670000076293945,52.04498121763073
286,2021-08-19,VZ,55.29999923706055,55.65999984741211,55.189998626708984,48.330413818359375,12679900.0,3.0,-0.06206219173044758,49.12429217185648,48.06026173744527,46.038891577678335,-117.17055830555313,21.47089449375173,48.71622301737467,48.77974961598714,21.670000076293945,52.04498121763073
286,2021-08-19,WBA,48.380001068115234,48.41999816894531,47.40999984741211,42.985530853271484,5501600.0,3.0,0.12421397991383287,44.73443076193367,40.87350800454582,45.95925386107293,42.569162438624616,7.271045795467959,42.448156865437824,44.61663735707601,21.670000076293945,52.04498121763073
286,2021-08-19,WMT,148.3300018310547,150.66000366210938,148.0,145.5213165283203,7543500.0,3.0,2.514487429234009,148.08228181247935,134.04833952541125,64.79663659398203,112.81517287092079,51.02518963670034,139.47967783610025,137.08254521687826,21.670000076293945,52.04498121763073
287,2021-08-20,AAPL,147.44000244140625,148.5,146.77999877929688,146.49517822265625,60549600.0,4.0,1.5713307155536995,148.82552056253084,141.9501050478207,58.73689763688593,52.54514844427569,7.1900494379815685,145.0791224161784,137.70603993733724,18.559999465942383,13.891362991212116
287,2021-08-20,AMGN,224.38999938964844,226.24000549316406,222.00999450683594,209.31646728515625,2811600.0,4.0,-3.8202444021436293,230.90471898141845,204.15970972951902,39.415338019322306,-115.83991004960876,46.31622525283788,221.20099792480468,222.40435765584309,18.559999465942383,13.891362991212116
287,2021-08-20,AXP,158.85000610351562,159.99000549316406,158.05999755859375,155.020751953125,3075000.0,4.0,-1.8393384836373343,170.95567925839376,155.31666418643047,45.040948688206264,-210.0519431047,36.25809017343263,164.06581064860026,162.05965576171874,18.559999465942383,13.891362991212116
287,2021-08-20,BA,212.30999755859375,214.74000549316406,210.94000244140625,212.6699981689453,9335700.0,4.0,-3.1422576103435915,242.61917226362016,212.92283060503217,41.500276825916536,-142.11926008550307,35.80852388161583,225.864333597819,235.19016672770184,18.559999465942383,13.891362991212116
287,2021-08-20,CAT,205.4199981689453,207.25999450683594,203.58999633789062,196.14715576171875,2765500.0,4.0,-0.8220877138344349,211.9983932157316,191.81743777792076,43.47659022071853,-98.87804058307562,17.6865839339301,201.58749135335287,207.23173065185546,18.559999465942383,13.891362991212116
287,2021-08-20,CRM,253.0,257.8699951171875,252.61000061035156,256.1300048828125,5510700.0,4.0,2.562946671923214,255.7998307303755,238.19017018515183,59.36998679947324,183.38147885593003,21.02363269534839,245.3856669108073,243.4446662902832,18.559999465942383,13.891362991212116
287,2021-08-20,CSCO,57.25,58.34000015258789,56.849998474121094,54.401824951171875,21876500.0,4.0,0.7057386141598485,53.69862370539265,50.71606059026165,65.14242877621379,196.44053962071908,34.416598609756974,51.570847829182945,50.58159948984782,18.559999465942383,13.891362991212116
287,2021-08-20,CVX,93.5199966430664,94.87999725341797,93.20999908447266,87.48705291748047,9707600.0,4.0,-1.1222897546133481,96.08428643740152,88.40722662412193,40.85963067200946,-205.30590386135825,43.0992270574575,92.01360371907552,94.64119377136231,18.559999465942383,13.891362991212116
287,2021-08-20,DIS,173.0,175.2100067138672,172.64999389648438,175.1199951171875,6239600.0,4.0,-0.41343448496439805,181.55871428685566,172.1362899856053,47.66904982429005,-86.62817328575206,0.767110012682917,177.65733439127604,176.86366704305013,18.559999465942383,13.891362991212116
287,2021-08-20,GS,391.489990234375,396.45001220703125,391.0,373.1238098144531,1612100.0,4.0,7.078884216868005,397.6337203763829,341.79746248494524,56.698362764394204,46.72948819435303,12.00109418032703,362.9993540445964,357.02049509684247,18.559999465942383,13.891362991212116
287,2021-08-20,HD,322.6400146484375,329.67999267578125,322.4700012207031,311.68304443359375,2929900.0,4.0,0.9347735873782312,319.7924573942007,303.5044298128305,53.98277439419404,-0.07823077920141867,5.283477261305529,309.7647216796875,303.0796813964844,18.559999465942383,13.891362991212116
287,2021-08-20,HON,228.1300048828125,228.72999572753906,226.50999450683594,218.60556030273438,2081000.0,4.0,0.8696144135734016,224.98361596031134,217.22802496986446,51.35555483734871,-61.073681876429085,0.27969791804239336,220.21380055745442,216.49542948404948,18.559999465942383,13.891362991212116
287,2021-08-20,IBM,131.68260192871094,133.25047302246094,131.2332763671875,120.47444915771484,2780059.0,4.0,-0.13120060483845464,124.83946913423397,119.61581498441838,47.81321407336118,-126.54887890420686,21.5887904053767,121.48612314860026,123.11593894958496,18.559999465942383,13.891362991212116
287,2021-08-20,INTC,52.15999984741211,52.380001068115234,51.41999816894531,48.705596923828125,25728300.0,4.0,-0.6095558207488878,51.13795600048304,48.74702172168494,40.62539428120237,-143.4278521828579,40.06172841293502,50.5378423055013,51.6455467859904,18.559999465942383,13.891362991212116
287,2021-08-20,JNJ,178.88999938964844,179.9199981689453,178.07000732421875,168.93861389160156,5428700.0,4.0,2.3057776770729106,169.2462173953633,159.6257796749492,65.53190690547909,165.89656826258854,40.81041321698506,162.730512491862,159.36284866333008,18.559999465942383,13.891362991212116
287,2021-08-20,JPM,154.35000610351562,154.89999389648438,153.16000366210938,144.7721710205078,6974100.0,4.0,0.7253538355765556,151.99158943713897,138.59793693004852,49.85773596403412,-3.218580740148427,10.888560927257556,144.49832255045573,145.58943990071614,18.559999465942383,13.891362991212116
287,2021-08-20,KO,56.84000015258789,57.029998779296875,56.58000183105469,52.94135665893555,10543600.0,4.0,0.27766578245189777,53.749950268487105,52.54309744574629,55.30947753220519,25.776025441501375,0.19541976396004213,52.88465207417806,52.0119234085083,18.559999465942383,13.891362991212116
287,2021-08-20,MCD,236.9600067138672,239.38999938964844,236.32000732421875,226.95887756347656,1989700.0,4.0,0.45850797061888215,234.07831068826843,220.58358964132142,52.999914918993916,3.5754275562360074,2.7494306219552547,226.46875610351563,224.2610855102539,18.559999465942383,13.891362991212116
287,2021-08-20,MMM,194.33999633789062,195.1300048828125,193.3699951171875,176.9676055908203,2397400.0,4.0,-0.4508353373755085,183.67433374245098,176.17112676780295,46.84617206681128,-208.9261328668964,17.067034157059602,180.34451955159506,180.34041697184244,18.559999465942383,13.891362991212116
287,2021-08-20,MRK,78.52999877929688,79.19999694824219,78.22000122070312,73.33245849609375,6284200.0,4.0,0.3608327112820007,73.93764440070001,69.26850031365547,57.5292541129955,130.29599920696577,35.010620382600024,71.73153762817383,71.07580426534017,18.559999465942383,13.891362991212116
287,2021-08-20,MSFT,299.7200012207031,305.8399963378906,298.05999755859375,298.9441223144531,40817600.0,4.0,5.10007777537453,293.70560736063635,274.5201952516684,70.9889208465834,270.2724332969929,63.434335074389445,281.43305155436195,269.13290990193684,18.559999465942383,13.891362991212116
287,2021-08-20,NKE,166.27000427246094,168.00999450683594,165.4199981689453,163.8743438720703,4039100.0,4.0,2.6842245364050257,171.25728720235404,159.9302143235249,61.218401685018804,6.143649681424456,5.120858931011011,162.98003845214845,150.2931007385254,18.559999465942383,13.891362991212116
287,2021-08-20,PG,145.25,145.97999572753906,144.77999877929688,138.08566284179688,5273800.0,4.0,1.7052733594767346,139.01808174539096,132.25472251486295,62.587281504625466,128.2042556532827,43.263621374824744,134.2586415608724,130.85680516560873,18.559999465942383,13.891362991212116
287,2021-08-20,TRV,159.25,162.1999969482422,158.80999755859375,153.044921875,978500.0,4.0,2.1349642561843325,154.32645027580523,137.54368217048383,59.789756434425676,161.00365399572843,37.91014932276205,145.6090052286784,145.59695409138996,18.559999465942383,13.891362991212116
287,2021-08-20,UNH,428.3500061035156,431.3599853515625,426.9100036621094,416.5837707519531,2401900.0,4.0,3.1018577193841566,415.13431409934043,390.22544847390174,59.76775771032467,261.8837865794581,24.60614283273728,402.8585896809896,396.43438517252605,18.559999465942383,13.891362991212116
287,2021-08-20,V,231.8699951171875,232.16000366210938,230.3000030517578,227.8977508544922,5522200.0,4.0,-2.271842382849883,247.6878519496764,222.69706321145642,46.24846128198903,-121.50346516069197,26.392098515558022,236.8942392985026,233.26587575276693,18.559999465942383,13.891362991212116
287,2021-08-20,VZ,55.33000183105469,55.709999084472656,55.20000076293945,48.46134948730469,10645100.0,4.0,-0.0667272109074375,49.10433081865153,48.048800284864086,47.199227884181674,-91.28982699707193,19.129513345903877,48.70022061665853,48.77663809458415,18.559999465942383,13.891362991212116
287,2021-08-20,WBA,47.5,48.36000061035156,47.15999984741211,43.663536071777344,3285600.0,4.0,0.13962247135051342,44.79152672813104,41.01743742897346,48.58545432515785,49.02088726468779,10.65147925256554,42.48890635172526,44.56838080088298,18.559999465942383,13.891362991212116
287,2021-08-20,WMT,150.47999572753906,151.72000122070312,149.75,146.82032775878906,6466800.0,4.0,2.5957848944171644,148.78989718647372,134.265771453663,66.56502840121826,127.51029629790908,55.36162862124478,139.85660451253256,137.24090550740559,18.559999465942383,13.891362991212116
288,2021-08-23,AAPL,148.30999755859375,150.19000244140625,147.88999938964844,147.997802734375,60131800.0,0.0,1.6194507543635837,148.99111865216813,141.87771832292955,60.27980088544275,118.4165876295099,2.721381301064226,145.25792744954427,138.11163800557455,17.149999618530273,14.088596538502468
288,2021-08-23,AMGN,224.17999267578125,227.44000244140625,223.77000427246094,211.2922821044922,1932600.0,0.0,-3.7589174405086965,229.44761991929735,203.97228211927685,41.4179982920469,-93.59908386708904,40.42416908462655,220.67481384277343,222.28158060709634,17.149999618530273,14.088596538502468
288,2021-08-23,AXP,161.22999572753906,161.85000610351562,160.11000061035156,155.6999969482422,2006300.0,0.0,-2.057384157171157,170.75051417477962,154.3418243872321,45.765471057382676,-156.73270948644813,26.570254785052782,163.64045308430988,162.07786178588867,17.149999618530273,14.088596538502468
288,2021-08-23,BA,215.8300018310547,220.17999267578125,215.3800048828125,219.39999389648438,10392100.0,0.0,-3.284354338270873,242.7457468912252,212.151254756724,44.937985358185855,-77.50570327667457,22.645119972268002,225.2346669514974,234.66850001017252,17.149999618530273,14.088596538502468
288,2021-08-23,CAT,207.25,209.75,205.8300018310547,200.1669464111328,2827400.0,0.0,-0.8978748061142312,211.93776662055583,191.69717142876058,46.40350476992388,-41.16935995556371,10.355563814719753,201.32354838053385,206.73959045410157,17.149999618530273,14.088596538502468
288,2021-08-23,CRM,257.0,261.8599853515625,256.57000732421875,260.5199890136719,7603900.0,0.0,3.244663004318028,258.32750764700063,236.95449155954236,61.67862990592757,222.00405256144091,28.49326092464138,245.97266642252603,244.02283274332683,17.149999618530273,14.088596538502468
288,2021-08-23,CSCO,57.849998474121094,58.70000076293945,57.7400016784668,54.70083999633789,16225400.0,0.0,0.819815176798663,54.199185355727145,50.50236570018105,65.97977884735486,219.27099144482847,38.165856439222765,51.736240005493165,50.67482967376709,17.149999618530273,14.088596538502468
288,2021-08-23,CVX,96.08999633789062,97.0,96.05999755859375,89.74148559570312,10277800.0,0.0,-1.1399137103055352,96.10902965433833,88.11556293599371,44.76480863404354,-108.28196952137861,26.78298032687596,91.82301915486654,94.56527773539226,17.149999618530273,14.088596538502468
288,2021-08-23,DIS,177.0800018310547,178.30999755859375,175.91000366210938,177.66000366210938,7395900.0,0.0,-0.2784896149960616,181.43766055402526,172.1493435353302,50.25660997717412,-5.465548590140337,10.693673414058585,177.43333435058594,176.84066721598307,17.149999618530273,14.088596538502468
288,2021-08-23,GS,401.8900146484375,404.1000061035156,399.0,378.3832092285156,1857600.0,0.0,6.791086706504984,398.10631069114737,343.73306308814955,58.48769339889659,74.45667284470213,21.713236264196155,363.6575622558594,357.5126597086589,17.149999618530273,14.088596538502468
288,2021-08-23,HD,330.0,330.5299987792969,327.3800048828125,310.26300048828125,2792700.0,0.0,0.8475891897077759,319.6022867892171,303.3689442898845,53.08883499332408,20.797864928286824,7.1448249350990976,309.9540568033854,303.24744517008463,17.149999618530273,14.088596538502468
288,2021-08-23,HON,227.25,231.61000061035156,227.25,219.95925903320312,2143300.0,0.0,0.7510158430480942,224.95846714215241,217.327137716246,52.52188101004086,-17.67954065023273,11.369401237174731,220.37328542073567,216.4755630493164,17.149999618530273,14.088596538502468
288,2021-08-23,IBM,133.47991943359375,133.9866180419922,132.69598388671875,120.9161376953125,3179422.0,0.0,-0.20220888106898371,124.8384282660239,119.48478416683744,48.62002812546458,-73.93962022485553,15.19939695696747,121.4948969523112,123.07894376118978,17.149999618530273,14.088596538502468
288,2021-08-23,INTC,52.59000015258789,53.540000915527344,52.47999954223633,49.84808349609375,23976300.0,0.0,-0.5506901685431913,51.071595214633746,48.74508073446293,45.02728425153978,-65.536413883489,16.869649665718672,50.440021387736,51.581129201253255,17.149999618530273,14.088596538502468
288,2021-08-23,JNJ,178.38999938964844,178.92999267578125,177.5399932861328,168.20936584472656,6461700.0,0.0,2.300483297821671,169.68081474449164,159.83095588539115,63.77932832544213,134.06999922834132,34.51097728933238,163.0187744140625,159.5174929300944,17.149999618530273,14.088596538502468
288,2021-08-23,JPM,155.3300018310547,157.08999633789062,155.24000549316406,146.62486267089844,7934600.0,0.0,0.7013097866929741,152.05468306868954,139.00737442642765,51.94591398067396,46.56781790929334,0.9597510608909464,144.45777486165363,145.48482284545898,17.149999618530273,14.088596538502468
288,2021-08-23,KO,56.66999816894531,56.75,56.380001068115234,52.75442123413086,8912800.0,0.0,0.22834471820139868,53.73848446773223,52.496612272990426,54.091036599948346,-21.615292181661495,5.243773988921586,52.945719146728514,52.03318773905436,17.149999618530273,14.088596538502468
288,2021-08-23,MCD,239.4600067138672,240.07000732421875,237.99000549316406,228.07228088378906,2086900.0,0.0,0.5467714944240356,233.4899498283185,220.76083905107603,54.062673541338334,28.6810994701899,0.2838473009317082,226.59722951253255,224.35767771402996,17.149999618530273,14.088596538502468
288,2021-08-23,MMM,195.0,196.24000549316406,193.67999267578125,177.44155883789062,1974300.0,0.0,-0.5734369098351522,183.38819226269638,175.9594166850575,47.471825265796525,-160.24005744233185,10.41392444217159,180.22952423095703,180.2337725321452,17.149999618530273,14.088596538502468
288,2021-08-23,MRK,79.11000061035156,79.2300033569336,78.33999633789062,73.05284118652344,6492600.0,0.0,0.4084027167462807,74.07472224637652,69.2376732309184,56.46165821146852,121.41303483007461,35.311572436321164,71.7573237101237,71.17762298583985,17.149999618530273,14.088596538502468
288,2021-08-23,MSFT,303.25,305.3999938964844,301.8500061035156,299.22894287109375,22830200.0,0.0,5.6661282545520635,296.62607209064447,273.1862173380665,71.11680660041851,255.11800050062206,63.434335074389445,282.3451894124349,270.04662907918294,17.149999618530273,14.088596538502468
288,2021-08-23,NKE,169.4499969482422,170.89999389648438,169.17999267578125,165.75930786132812,3796500.0,0.0,2.520512465531766,171.09912276197224,160.54057602953168,62.84984413759574,49.734441137587964,18.135105074323405,163.2372263590495,150.83734639485678,17.149999618530273,14.088596538502468
288,2021-08-23,PG,144.2899932861328,145.33999633789062,144.22999572753906,137.3813934326172,4522200.0,0.0,1.6426800304509754,139.14143016855658,132.51872608144342,60.75710078411881,103.1861567856064,36.37815364243202,134.51456400553386,131.01881459554036,17.149999618530273,14.088596538502468
288,2021-08-23,TRV,161.50999450683594,162.3300018310547,159.8300018310547,152.1505126953125,622700.0,0.0,2.217787039415157,155.03167276754678,137.892761131379,58.36406424241206,146.99186976250292,38.44008292958243,145.7932866414388,145.61979293823242,17.149999618530273,14.088596538502468
288,2021-08-23,UNH,430.55999755859375,430.55999755859375,424.8999938964844,412.36663818359375,2375900.0,0.0,3.4003734467851814,416.3990780770115,390.10657377845723,57.41041804009699,187.60753162186703,19.345616140409277,403.1597646077474,396.6632736206055,17.149999618530273,14.088596538502468
288,2021-08-23,V,232.6999969482422,234.64999389648438,232.0,230.63612365722656,6342000.0,0.0,-2.157151437094228,245.9309243551002,222.90065676062247,48.672835858553654,-87.17784951659038,15.894794872360926,236.78239949544272,233.39046351114908,17.149999618530273,14.088596538502468
288,2021-08-23,VZ,55.54999923706055,55.709999084472656,55.40999984741211,48.37405776977539,11963700.0,0.0,-0.07658515826032897,49.0933031055438,48.02840442924624,46.50949181489252,-74.33629770281452,19.129513345903877,48.67898076375325,48.77307866414388,17.149999618530273,14.088596538502468
288,2021-08-23,WBA,48.38999938964844,48.84000015258789,48.29999923706055,43.8533821105957,3480800.0,0.0,0.16524792532943167,44.89211481463956,41.07240544903231,49.29915076605547,89.09233960845475,2.948783251680884,42.53180669148763,44.507920837402345,17.149999618530273,14.088596538502468
288,2021-08-23,WMT,151.52999877929688,151.7899932861328,150.41000366210938,145.8509063720703,5388700.0,0.0,2.552565135213655,149.21230679263516,134.65215091000158,64.0799535670625,114.8909025927978,55.63887803666323,140.20926564534506,137.39083557128907,17.149999618530273,14.088596538502468
289,2021-08-24,AAPL,149.4499969482422,150.86000061035156,149.14999389648438,147.9088134765625,48606400.0,1.0,1.6315975020459632,149.2977620602914,141.87451882349768,60.14202752428209,136.43726963634933,6.389606011464675,145.39625651041666,138.526775487264,17.219999313354492,11.6606358938717
289,2021-08-24,AMGN,225.52000427246094,225.67999267578125,223.55999755859375,210.1124267578125,1790400.0,1.0,-3.762152100039714,227.86283343513114,203.83172680656807,40.58917751818074,-95.18635600670636,40.86962197262235,220.09505259195964,222.0984079996745,17.219999313354492,11.6606358938717
289,2021-08-24,AXP,160.60000610351562,161.89999389648438,160.19000244140625,156.42784118652344,2377600.0,1.0,-2.1467100401376342,170.2209339568673,153.7321620514335,46.54660076951573,-135.08908718327152,26.312251935276638,163.27105662027995,162.10190709431967,17.219999313354492,11.6606358938717
289,2021-08-24,BA,220.11000061035156,223.10000610351562,219.8000030517578,221.42999267578125,8942600.0,1.0,-3.1963179194862903,242.76808996944862,212.04491051883264,45.92945682096557,-40.77671376019748,16.183572025078956,225.00900014241537,234.24199981689452,17.219999313354492,11.6606358938717
289,2021-08-24,CAT,209.75,213.27000427246094,209.52999877929688,203.4689178466797,2485900.0,1.0,-0.6836148373312199,212.0825388188236,191.80985620070766,48.662471231321085,31.40623238684563,0.8611540973341335,201.2772445678711,206.30565668741863,17.219999313354492,11.6606358938717
289,2021-08-24,CRM,261.9200134277344,262.5,259.05999755859375,259.6600036621094,6685200.0,1.0,3.6731922053082258,260.2075460568462,236.68945406522414,60.97649006080534,203.9024685239124,29.63441403788941,246.49399973551434,244.38216603597004,17.219999313354492,11.6606358938717
289,2021-08-24,CSCO,58.4900016784668,59.43000030517578,58.43000030517578,55.42967987060547,17658300.0,1.0,0.9579898505820523,54.81115738280009,50.26789840333272,67.92276288706572,250.3703525467408,44.98340339210448,51.92312380472819,50.78051637013753,17.219999313354492,11.6606358938717
289,2021-08-24,CVX,97.5,98.61000061035156,97.38999938964844,90.77127838134766,8924900.0,1.0,-1.0585824709211806,96.08740557929103,88.00436917046484,46.43614720600623,-56.9402786438938,16.041828564777415,91.6774408976237,94.49462458292643,17.219999313354492,11.6606358938717
289,2021-08-24,DIS,177.9199981689453,180.0800018310547,177.75999450683594,178.47000122070312,5886900.0,1.0,-0.10497471658609925,181.28145402406793,172.20255018735784,51.05499431131773,43.8252438667696,15.832515009226524,177.2606679280599,176.8376673380534,17.219999313354492,11.6606358938717
289,2021-08-24,GS,403.5899963378906,409.6600036621094,402.70001220703125,385.08465576171875,1958400.0,1.0,7.022801352527324,399.06777418221327,345.94984666739606,60.631992553499586,91.41461317743891,27.895890783001164,364.68116251627606,358.0866668701172,17.219999313354492,11.6606358938717
289,2021-08-24,HD,328.760009765625,328.8399963378906,324.510009765625,307.57440185546875,2359500.0,1.0,0.5551480847592529,319.64773668691953,303.1000782544867,51.42104552491331,-25.520494186781384,0.04847477577782277,310.20176900227864,303.36820220947266,17.219999313354492,11.6606358938717
289,2021-08-24,HON,228.85000610351562,230.9199981689453,228.30999755859375,221.23611450195312,1265400.0,1.0,0.7513955662912508,224.98465479067085,217.3964563543487,53.60725598505678,-6.052645150075143,11.369401237174737,220.60529530843098,216.48271509806315,17.219999313354492,11.6606358938717
289,2021-08-24,IBM,133.6328887939453,134.06309509277344,133.193115234375,121.10665893554688,2474418.0,1.0,-0.2403394956346716,124.82365757809421,119.38824732913235,48.97205153046694,-60.20604956715107,14.53102121890286,121.52828648885091,123.04626541137695,17.219999313354492,11.6606358938717
289,2021-08-24,INTC,53.560001373291016,53.970001220703125,53.310001373291016,50.3912353515625,20348800.0,1.0,-0.4549663309823302,51.117888837702324,48.78993815814728,46.961148459394366,-16.13169792779594,9.673558477269745,50.35596351623535,51.535223452250165,17.219999313354492,11.6606358938717
289,2021-08-24,JNJ,176.99000549316406,177.2100067138672,175.27999877929688,166.1068572998047,5734800.0,1.0,2.1023974666445326,169.77979756108837,160.0871183324663,59.06780567843896,77.34569630374237,11.727906558031238,163.24354298909506,159.63019078572592,17.219999313354492,11.6606358938717
289,2021-08-24,JPM,157.0,158.5500030517578,156.8699951171875,147.53250122070312,7670900.0,1.0,0.74688393713393,152.14461274819712,139.49945158285755,52.93915880688308,74.83156346811853,7.967595499905207,144.52077891031902,145.39703852335612,17.219999313354492,11.6606358938717
289,2021-08-24,KO,56.63999938964844,56.63999938964844,55.900001525878906,52.35249328613281,12067200.0,1.0,0.15503801140470586,53.73748645073962,52.38077221625257,51.564444570682355,-101.68460606729269,16.127815049620594,52.97656415303548,52.050845527648924,17.219999313354492,11.6606358938717
289,2021-08-24,MCD,240.38999938964844,240.38999938964844,238.32000732421875,226.9017333984375,1687700.0,1.0,0.5163158063296294,232.10203421830124,221.3950467753511,52.76506921087776,22.30227777610819,1.7429485625370826,226.6689198811849,224.4296854654948,17.219999313354492,11.6606358938717
289,2021-08-24,MMM,194.82000732421875,196.10000610351562,194.33999633789062,177.50535583496094,1392400.0,1.0,-0.6578681601744449,183.23087921756562,175.73380126339143,47.55777967998457,-138.32994452270947,10.413924442171595,180.12811330159505,180.13120651245117,17.219999313354492,11.6606358938717
289,2021-08-24,MRK,78.2699966430664,78.2699966430664,77.54000091552734,72.43771362304688,8698100.0,1.0,0.3919484969694764,74.05973419938823,69.2405450364516,54.17378614610826,60.841590447908594,19.535817416492485,71.76074142456055,71.26963055928549,17.219999313354492,11.6606358938717
289,2021-08-24,MSFT,305.0199890136719,305.6499938964844,302.0,297.2350769042969,18175800.0,1.0,5.885989000094241,298.49678760735173,272.94866832526543,68.91676421210366,217.53238185287083,63.768849041588204,283.0712656656901,270.92107213338215,17.219999313354492,11.6606358938717
289,2021-08-24,NKE,169.60000610351562,170.8699951171875,168.88999938964844,166.0132293701172,3133100.0,1.0,2.383780080613917,170.78824981819022,161.3798226915754,63.06635907656616,45.93937421636812,16.422181863138544,163.51036682128907,151.38297576904296,17.219999313354492,11.6606358938717
289,2021-08-24,PG,144.00999450683594,144.14999389648438,142.97999572753906,136.2678680419922,4560400.0,1.0,1.4860914363159736,139.1482592340887,132.7336499455988,57.98378693704447,61.05195936989146,22.119128685893177,134.73872884114584,131.16431427001953,17.219999313354492,11.6606358938717
289,2021-08-24,TRV,160.16000366210938,161.0500030517578,159.77000427246094,152.8546142578125,791300.0,1.0,2.3135704040328733,155.76705656553145,138.228802199117,59.1571807985857,128.69908139990994,37.85961860957521,146.03592783610026,145.64884719848632,17.219999313354492,11.6606358938717
289,2021-08-24,UNH,425.5199890136719,425.94000244140625,421.7200012207031,410.4762878417969,1619300.0,1.0,3.444705417377236,417.18263431171,390.12863582989155,56.37926549293427,123.23971879411695,11.392499136321304,403.3171407063802,396.8732126871745,17.219999313354492,11.6606358938717
289,2021-08-24,V,235.0399932861328,236.19000244140625,233.9499969482422,230.73468017578125,5081800.0,1.0,-2.034848877690507,243.62222934723613,223.59898036956073,48.7588843844,-67.24625723814988,9.862316547983689,236.52694549560547,233.50948003133138,17.219999313354492,11.6606358938717
289,2021-08-24,VZ,55.40999984741211,55.41999816894531,55.0,48.01618576049805,15478400.0,1.0,-0.11198405042207327,49.04109923897861,47.976737522496,43.795223715441544,-150.77340357072222,31.501239780341088,48.64755783081055,48.76067752838135,17.219999313354492,11.6606358938717
289,2021-08-24,WBA,48.58000183105469,48.68000030517578,48.279998779296875,43.699703216552734,3803800.0,1.0,0.17118239572737792,44.937492221492846,41.205709987979816,48.73267192165725,74.75198476641617,3.248771905232681,42.57644755045573,44.45056908925374,17.219999313354492,11.6606358938717
289,2021-08-24,WMT,150.5,150.5,148.6999969482422,144.34829711914062,6276300.0,1.0,2.3697481739491195,149.3413213584486,135.18069860004752,60.46066674956862,79.22472395539988,33.91642586020298,140.4947764078776,137.51024881998697,17.219999313354492,11.6606358938717
290,2021-08-25,AAPL,149.80999755859375,150.32000732421875,147.8000030517578,146.66322326660156,58991300.0,2.0,1.5231571593837998,149.31270889213258,142.21514755317995,58.215423925344055,84.40718718990173,1.6021982160005146,145.37757720947266,138.92658233642578,16.790000915527344,10.459760084760523
290,2021-08-25,AMGN,224.30999755859375,224.8300018310547,221.17999267578125,207.4998016357422,2173200.0,2.0,-3.9302273888968102,226.23293441408015,203.5149781835761,38.810127408232354,-103.7126664674351,45.7808773897057,219.4322306315104,221.93921610514323,16.790000915527344,10.459760084760523
290,2021-08-25,AXP,161.8800048828125,167.22999572753906,160.5,161.26040649414062,3579900.0,2.0,-1.806726988975072,169.91575525012198,153.6647104481202,51.358502628096936,-64.3414610803055,2.498071735124849,163.06598052978515,162.1479398091634,16.790000915527344,10.459760084760523
290,2021-08-25,BA,221.5,222.3000030517578,219.10000610351562,221.02999877929688,6528900.0,2.0,-3.1228265868875837,242.3623798389345,211.3966197948546,45.76149554129383,-44.92833536540033,17.300091548975576,224.8950002034505,233.6803332010905,16.790000915527344,10.459760084760523
290,2021-08-25,CAT,213.1699981689453,215.6999969482422,212.14999389648438,205.54583740234375,2599800.0,2.0,-0.34227666547010926,212.36809208374672,191.84205958861656,50.03280998215205,77.33399903002469,5.160143512154321,201.41282399495444,205.87968266805012,16.790000915527344,10.459760084760523
290,2021-08-25,CRM,260.8599853515625,261.8999938964844,258.75,260.8500061035156,9701000.0,2.0,4.062003686249682,262.0761649347361,236.5098351262991,61.6022031827668,182.17762947961947,28.57204464061926,247.10800018310547,244.7929995218913,16.790000915527344,10.459760084760523
290,2021-08-25,CSCO,59.540000915527344,60.27000045776367,59.16999816894531,55.45771026611328,18069600.0,2.0,1.057565141073006,55.27741268030837,50.229605981190645,67.99548453557134,252.55986172067585,51.55364537095761,52.08695831298828,50.891000811258955,16.790000915527344,10.459760084760523
290,2021-08-25,CVX,97.22000122070312,98.72000122070312,96.72000122070312,91.39289093017578,9342300.0,2.0,-0.9332104706887634,96.0265066939325,87.94243251505188,47.42945588536937,-51.31540417432079,19.091109327416262,91.6123898824056,94.39069697062175,16.790000915527344,10.459760084760523
290,2021-08-25,DIS,178.16000366210938,178.58999633789062,176.8800048828125,178.30999755859375,4842100.0,2.0,0.019402472559249873,181.16871834837227,172.23628500856134,50.88809203297956,26.97303170782422,12.395366130769391,177.0903345743815,176.8288340250651,16.790000915527344,10.459760084760523
290,2021-08-25,GS,409.8999938964844,416.67999267578125,408.94000244140625,389.3826599121094,1845300.0,2.0,7.467172972062883,400.20268095660055,348.48048249554785,61.936477338055724,108.13030367833252,34.84110834548348,365.8976694742839,358.56861979166666,16.790000915527344,10.459760084760523
290,2021-08-25,HD,324.1499938964844,326.55999755859375,323.1099853515625,306.6088562011719,2586900.0,2.0,0.24267750208065308,319.724705790102,302.8678540243511,50.8278337949749,-59.70673952441726,3.2915256086835036,310.34881896972655,303.51367441813153,16.790000915527344,10.459760084760523
290,2021-08-25,HON,230.86000061035156,232.33999633789062,228.8000030517578,221.44735717773438,1804200.0,2.0,0.7599814254040211,225.01993576227804,217.46537307561258,53.78805817784103,16.54506374833215,16.813831019604184,220.7267283121745,216.46087544759115,16.790000915527344,10.459760084760523
290,2021-08-25,IBM,133.7667236328125,134.6080322265625,133.32696533203125,121.12398529052734,2105389.0,2.0,-0.26609283775310644,124.8276172993448,119.35862003586028,49.004921023875745,-49.76666818432575,9.683809769808107,121.57538172403972,123.00745429992676,16.790000915527344,10.459760084760523
290,2021-08-25,INTC,54.08000183105469,54.22999954223633,53.72999954223633,50.3912353515625,15048400.0,2.0,-0.3747842208593468,51.15103736484188,48.85817551052433,46.961148459394366,11.89772005911718,5.475839292624324,50.28276049296061,51.49288438161214,16.790000915527344,10.459760084760523
290,2021-08-25,JNJ,175.69000244140625,175.89999389648438,173.88999938964844,165.00827026367188,5700300.0,2.0,1.8356064966957604,169.73845078108755,160.41894515397107,56.7997800746768,41.4475670454323,0.5326840446158461,163.39560241699218,159.782950592041,16.790000915527344,10.459760084760523
290,2021-08-25,JPM,158.50999450683594,161.77999877929688,157.8000030517578,150.57351684570312,11335000.0,2.0,1.016666823523451,152.63948971325732,139.86728976672316,56.08520993415683,119.46944379526094,21.160160739860235,144.701682027181,145.3318728129069,16.790000915527344,10.459760084760523
290,2021-08-25,KO,56.060001373291016,56.16999816894531,55.72999954223633,52.4085807800293,11270700.0,2.0,0.10031138295568098,53.766067351912426,52.2895669559489,51.88885632723977,-145.74042051459168,19.623161264391488,52.97064463297526,52.06959285736084,16.790000915527344,10.459760084760523
290,2021-08-25,MCD,237.92999267578125,239.60000610351562,237.83999633789062,227.28240966796875,1668000.0,2.0,0.5169379091660744,231.73521601419966,221.4811246230074,53.14342927764272,14.108208386427409,0.5895827335991275,226.72284647623698,224.51834716796876,16.790000915527344,10.459760084760523
290,2021-08-25,MMM,194.52000427246094,195.0500030517578,192.72000122070312,177.13165283203125,1612600.0,2.0,-0.7463319928941985,183.264745960263,175.47773145672917,47.09083878808286,-166.71422369672612,18.169648780228407,179.91685638427734,180.01999994913737,16.790000915527344,10.459760084760523
290,2021-08-25,MRK,77.80999755859375,77.80999755859375,76.4000015258789,71.8318862915039,7045800.0,2.0,0.32626225848031254,73.91766437896074,69.26517711273847,52.0259314266916,7.179254389089899,1.5082416217883223,71.74365412394205,71.36197522481282,16.790000915527344,10.459760084760523
290,2021-08-25,MSFT,304.29998779296875,304.5899963378906,300.4200134277344,296.6358947753906,20006100.0,2.0,5.943369767656463,299.94116587017766,273.108904320252,68.26029687521101,177.28321535997324,54.236394799556095,283.7273712158203,271.822780863444,16.790000915527344,10.459760084760523
290,2021-08-25,NKE,170.0,170.69000244140625,169.52999877929688,165.8765106201172,3003800.0,2.0,2.2385816442182715,170.50633297519286,162.08951816006103,62.86229371355241,44.33058186287839,16.422181863138537,163.78057810465495,151.95806783040365,16.790000915527344,10.459760084760523
290,2021-08-25,PG,143.07000732421875,143.1300048828125,142.25,135.78248596191406,3861500.0,2.0,1.3077526118869685,138.76850444493866,133.48552845301057,56.814376161024796,30.983034162099173,14.636698167244072,134.9148732503255,131.33277689615886,16.790000915527344,10.459760084760523
290,2021-08-25,TRV,160.77000427246094,163.2899932861328,160.39999389648438,154.70062255859375,1034600.0,2.0,2.5095087974107173,156.4553342866526,139.04014453414817,61.16363327480702,141.86998775508832,46.767365729656326,146.2912567138672,145.68990173339844,16.790000915527344,10.459760084760523
290,2021-08-25,UNH,421.8500061035156,423.6199951171875,419.45001220703125,406.9183044433594,1939000.0,2.0,3.156354805089677,417.35303898218706,390.98294124242227,54.474208332289244,75.14357796843656,6.002267984049616,403.4787139892578,397.1075637817383,16.790000915527344,10.459760084760523
290,2021-08-25,V,235.0,235.0,232.0800018310547,229.10934448242188,5277100.0,2.0,-2.0454950317283647,242.10041984141967,223.74037910877567,47.40312046527652,-80.72541100966595,15.566920596347147,236.09795888264975,233.61239217122395,16.790000915527344,10.459760084760523
290,2021-08-25,VZ,55.02000045776367,55.08000183105469,54.810001373291016,47.94635772705078,14666300.0,2.0,-0.14401238113236303,49.05876989752069,47.89011010736212,43.28533283331725,-180.87150946809282,36.32658983313219,48.60711530049642,48.748695119222006,16.790000915527344,10.459760084760523
290,2021-08-25,WBA,48.52000045776367,48.86000061035156,48.029998779296875,43.979942321777344,4013800.0,2.0,0.19623636929665622,45.01957279065635,41.30437435289834,49.82037274258994,73.47902777509064,7.086264358817644,42.643559010823566,44.395202445983884,16.790000915527344,10.459760084760523
290,2021-08-25,WMT,148.41000366210938,149.27999877929688,148.02999877929688,144.40646362304688,7307100.0,2.0,2.2041498977833953,149.34300299641927,135.89841698649087,60.54989433538977,62.62012112011546,26.520522442135547,140.7509958902995,137.63658803304037,16.790000915527344,10.459760084760523
291,2021-08-26,AAPL,148.35000610351562,149.1199951171875,147.50999450683594,145.85260009765625,48597200.0,3.0,1.3561737645117091,149.2895830414561,142.447639248583,56.98642141308273,47.7739530903095,3.27077807638285,145.35392252604166,139.3000462849935,18.84000015258789,19.05087329861513
291,2021-08-26,AMGN,222.05999755859375,222.05999755859375,220.16000366210938,207.38743591308594,2844500.0,3.0,-4.026085038795628,224.68096676512107,203.27539309816018,38.7345908990221,-107.35818930468493,47.768331485678026,218.70588226318358,221.75368118286133,18.84000015258789,19.05087329861513
291,2021-08-26,AXP,165.97000122070312,166.5,164.3800048828125,160.61021423339844,3164700.0,3.0,-1.5716362091322935,169.25568600144123,153.6998453095939,50.72297639297698,-44.84563763604777,2.4980717351248516,162.82855631510418,162.17732772827148,18.84000015258789,19.05087329861513
291,2021-08-26,BA,221.41000366210938,222.89999389648438,215.91000366210938,216.5,8341400.0,3.0,-3.391027564118673,242.09922428403289,210.14677486147494,43.88145646296463,-66.8328412468031,22.339678275114295,224.68633371988932,233.0283332824707,18.84000015258789,19.05087329861513
291,2021-08-26,CAT,214.50999450683594,214.50999450683594,210.47999572753906,202.17686462402344,2513900.0,3.0,-0.3396958502828795,212.28585663228364,191.79795837015774,47.887849016981285,34.83072133505107,0.7418865960639786,201.443403116862,205.3864522298177,18.84000015258789,19.05087329861513
291,2021-08-26,CRM,269.79998779296875,275.2200012207031,267.3599853515625,267.7900085449219,18987000.0,3.0,4.873955853979794,265.4368321863445,235.52416940056955,64.98899526304703,266.3602107935687,48.105741372747744,248.11500040690103,245.3458330790202,18.84000015258789,19.05087329861513
291,2021-08-26,CSCO,59.41999816894531,59.630001068115234,58.9900016784668,55.31754684448242,13729400.0,3.0,1.112346817754073,55.63798403879934,50.25494847157663,67.20732866219082,204.64127158418304,47.51828913986071,52.25982538859049,50.99389069875081,18.84000015258789,19.05087329861513
291,2021-08-26,CVX,98.11000061035156,98.7300033569336,97.19999694824219,90.19609069824219,8124800.0,3.0,-0.9198209109949715,95.81208437344347,87.78709775546278,45.74004923862999,-55.244715501283,19.022125864618523,91.52788950602213,94.2450055440267,18.84000015258789,19.05087329861513
291,2021-08-26,DIS,178.33999633789062,178.94000244140625,176.33999633789062,176.55999755859375,4563000.0,3.0,-0.022973262128061833,181.01143432008683,172.21456818235458,49.07300252323393,14.84574148573586,10.249361197119027,176.83733469645182,176.82150065104167,18.84000015258789,19.05087329861513
291,2021-08-26,GS,415.8800048828125,420.7300109863281,411.1600036621094,388.7134094238281,2076500.0,3.0,7.676843883208562,401.06389289638616,350.9049700186529,61.607644401863446,107.35380446217273,38.4947208344807,367.12485758463544,359.0237096150716,18.84000015258789,19.05087329861513
291,2021-08-26,HD,323.2099914550781,324.989990234375,321.0,304.3368225097656,2952300.0,3.0,-0.18614604095159848,319.98852170008655,302.0407721231556,49.43945580741322,-99.8787178291035,8.227319200579005,310.3100067138672,303.643842569987,18.84000015258789,19.05087329861513
291,2021-08-26,HON,230.0800018310547,231.17999267578125,229.42999267578125,221.65855407714844,1303100.0,3.0,0.7748950970222097,224.91281018084544,217.4692744749163,53.97357785670205,13.77566163892357,16.81383101960419,220.69455159505208,216.47777786254883,18.84000015258789,19.05087329861513
291,2021-08-26,IBM,133.8145294189453,134.6080322265625,132.6099395751953,120.18865966796875,2613640.0,3.0,-0.3578504308106716,124.88196978168932,119.17136578959975,47.303328820840036,-80.41810042587038,14.758085656287337,121.57332026163736,122.93122227986653,18.84000015258789,19.05087329861513
291,2021-08-26,INTC,53.75,53.75,52.970001220703125,49.75444030761719,19570000.0,3.0,-0.3584908991021152,51.14596032469506,48.84234228760963,44.976037030129945,-44.267455161001976,15.572985899061365,50.210350799560544,51.430782890319826,18.84000015258789,19.05087329861513
291,2021-08-26,JNJ,173.9499969482422,174.72000122070312,173.0500030517578,164.12750244140625,5031600.0,3.0,1.5354029589574907,169.65170866283748,160.70809053149847,55.0467904544748,12.19992165791252,5.5790693736934305,163.5826380411784,159.91051813761393,18.84000015258789,19.05087329861513
291,2021-08-26,JPM,162.25999450683594,163.8300018310547,161.14999389648438,151.3501739501953,11027500.0,3.0,1.278404787594127,153.2608358687879,140.06468445591915,56.84737188799858,147.1275292809101,28.148010149106597,144.89786732991536,145.27949600219728,18.84000015258789,19.05087329861513
291,2021-08-26,KO,55.95000076293945,55.97999954223633,55.5099983215332,51.913185119628906,10331500.0,3.0,0.016772503051079468,53.8330684353813,52.0814262698189,48.89645983872997,-192.45185489835245,24.00438635343035,52.94260342915853,52.07668190002441,18.84000015258789,19.05087329861513
291,2021-08-26,MCD,238.7899932861328,238.9199981689453,235.9199981689453,225.49330139160156,2008000.0,3.0,0.3688133932261337,230.68064718172536,221.8628769881965,51.15136514637842,-22.39475069401379,9.464334069812818,226.72506663004557,224.5686258951823,18.84000015258789,19.05087329861513
291,2021-08-26,MMM,194.19000244140625,195.38999938964844,193.66000366210938,178.02491760253906,1457300.0,3.0,-0.7358784671168337,183.2495997768773,175.36995436130633,48.34493294075801,-127.73903785191149,15.918222175048705,179.74261169433595,179.92232487996418,18.84000015258789,19.05087329861513
291,2021-08-26,MRK,77.11000061035156,77.31999969482422,76.51000213623047,71.3658676147461,6640400.0,3.0,0.23390531384309554,73.90238773081623,69.24690120961347,50.4347372069805,-11.90973042070912,1.5082416217883194,71.70233408610027,71.43641268412271,18.84000015258789,19.05087329861513
291,2021-08-26,MSFT,300.989990234375,302.42999267578125,298.95001220703125,293.7679138183594,17666100.0,3.0,5.6918106941866995,300.6808699925267,273.6595688502467,65.1857468871119,132.116872724743,45.79628887389265,284.33624165852865,272.67832361857097,18.84000015258789,19.05087329861513
291,2021-08-26,NKE,169.3800048828125,169.52000427246094,166.27000427246094,163.02462768554688,4069600.0,3.0,1.87181065061813,170.51397309193496,162.07504057994007,58.75952808678423,-2.777973293125812,1.8576320941219389,163.95084228515626,152.4911631266276,18.84000015258789,19.05087329861513
291,2021-08-26,PG,142.55999755859375,142.7100067138672,141.47000122070312,135.5445556640625,4749400.0,3.0,1.1341451033246983,138.4024767144613,134.13136117616372,56.239215680864035,8.565109794174704,7.138742938874637,135.04588623046874,131.48813184102377,18.84000015258789,19.05087329861513
291,2021-08-26,TRV,162.5,162.77999877929688,159.94000244140625,152.2170867919922,734100.0,3.0,2.436306579531532,156.7053626991071,139.84536514513118,57.249421707313076,112.03759911009672,42.28986897594579,146.4304972330729,145.70044530232747,18.84000015258789,19.05087329861513
291,2021-08-26,UNH,419.7699890136719,421.3900146484375,416.6300048828125,404.11663818359375,1385400.0,3.0,2.6709744835146125,417.39991597959704,391.3984971063404,53.014981028249245,33.506621725273796,0.39815951618425793,403.37530619303385,397.3092269897461,18.84000015258789,19.05087329861513
291,2021-08-26,V,232.1300048828125,232.6300048828125,230.14999389648438,227.0703125,5889100.0,3.0,-2.193183372871715,240.03171321672872,224.1283713169627,45.75212528242742,-99.59578299867758,21.077559306465268,235.5170633951823,233.63164418538412,18.84000015258789,19.05087329861513
291,2021-08-26,VZ,54.90999984741211,55.060001373291016,54.56999969482422,47.65831756591797,15256200.0,3.0,-0.1904421986039253,49.073474856602395,47.75494997860269,41.23662467216721,-202.5516085001667,41.857159545441,48.55037943522135,48.728027725219725,18.84000015258789,19.05087329861513
291,2021-08-26,WBA,48.810001373291016,48.869998931884766,47.68000030517578,43.2476921081543,3847200.0,3.0,0.1552161165129462,45.00926852569629,41.42846493377636,47.118209525606254,44.715016662862965,12.292429812146576,42.70506134033203,44.31286087036133,18.84000015258789,19.05087329861513
291,2021-08-26,WMT,147.47000122070312,148.27000427246094,146.6699981689453,142.84568786621094,7822300.0,3.0,1.9247828130879157,149.14811459157355,136.63924197580926,56.98055929871992,34.34945676395892,12.981316458150097,140.95164845784504,137.74190444946288,18.84000015258789,19.05087329861513
292,2021-08-27,AAPL,147.47999572753906,148.75,146.8300018310547,146.90048217773438,55802400.0,4.0,1.2934830795952053,149.34396961044519,142.6856904237345,58.16741110462007,45.467796739664124,7.214435239889312,145.43396402994793,139.71598116556802,16.389999389648438,8.433949128418412
292,2021-08-27,AMGN,222.22000122070312,225.36000061035156,220.22000122070312,208.6141357421875,2660900.0,4.0,-3.9574494785453567,222.92766252201352,203.44530653316224,40.052277836006816,-90.40439719697575,31.142933219839787,217.9792277018229,221.57960866292316,16.389999389648438,8.433949128418412
292,2021-08-27,AXP,165.35000610351562,168.88999938964844,165.16000366210938,163.6572723388672,3002300.0,4.0,-1.1264677297977528,169.00797128134454,153.76512289590156,53.511830363051764,-4.530497007485917,6.531236497879311,162.78456471761066,162.25104777018228,16.389999389648438,8.433949128418412
292,2021-08-27,BA,217.47000122070312,222.42999267578125,216.86000061035156,221.75,7684900.0,4.0,-3.143708927315487,241.98008057369205,209.79291899906187,46.51582449603609,-47.37820979268203,22.339678275114288,224.82000020345052,232.55216649373372,16.389999389648438,8.433949128418412
292,2021-08-27,CAT,212.25999450683594,214.02999877929688,212.22000122070312,203.6986541748047,2511400.0,4.0,-0.2124063488598722,212.40820074069802,192.2575310708254,48.911306134797144,49.79151810659051,0.7418865960639831,201.63450419108074,204.91255569458008,16.389999389648438,8.433949128418412
292,2021-08-27,CRM,267.8599853515625,270.9100036621094,265.42999267578125,266.5299987792969,7992500.0,4.0,5.354043458744343,267.7154573244122,235.70554487285338,63.929926931003344,204.6053254979529,42.087268851457445,249.05166727701823,245.94066645304363,16.389999389648438,8.433949128418412
292,2021-08-27,CSCO,59.27000045776367,59.349998474121094,58.86000061035156,55.149356842041016,14795200.0,4.0,1.129173751508823,55.916349258338435,50.3176457978139,66.2540211220358,168.72448379644194,44.54682409861535,52.42552884419759,51.08825505574544,16.389999389648438,8.433949128418412
292,2021-08-27,CVX,98.13999938964844,99.45999908447266,98.05000305175781,91.51349639892578,10281200.0,4.0,-0.7937560329923485,95.67463794281,87.75610012481695,47.85509171892256,-20.9306373154759,13.875901378691621,91.56907958984375,94.12874654134114,16.389999389648438,8.433949128418412
292,2021-08-27,DIS,176.27999877929688,180.5399932861328,176.27999877929688,180.13999938964844,8697000.0,4.0,0.22967237114551153,181.478656887858,172.15934512630218,52.64733358085362,87.00392619163291,15.367366440323663,176.86500142415363,176.8865005493164,16.389999389648438,8.433949128418412
292,2021-08-27,GS,412.7799987792969,419.8500061035156,412.5,395.57513427734375,2174500.0,4.0,8.301004626600786,402.24259901558304,353.9497868486748,63.65432203338026,109.99268398919564,38.49472083448071,368.8493927001953,359.51021881103514,16.389999389648438,8.433949128418412
292,2021-08-27,HD,320.8800048828125,324.04998779296875,319.6499938964844,306.1354675292969,2985400.0,4.0,-0.37651592591799954,320.02286183983335,301.5510761484479,50.54573269544318,-101.77788125708256,11.322774534577736,310.3680694580078,303.83238779703777,16.389999389648438,8.433949128418412
292,2021-08-27,HON,231.5800018310547,233.55999755859375,230.66000366210938,221.90817260742188,1663600.0,4.0,0.7976614735309511,224.67892491068375,217.53787959371078,54.19839478287005,64.08990840861807,25.570361846614396,220.74974568684897,216.52338409423828,16.389999389648438,8.433949128418412
292,2021-08-27,IBM,132.6099395751953,133.4512481689453,132.31358337402344,120.73426055908203,2572637.0,4.0,-0.382138497524096,124.87974719819739,119.17829799833582,48.38483403473372,-97.58827037558179,16.822780268281694,121.63368123372396,122.8665096282959,16.389999389648438,8.433949128418412
292,2021-08-27,INTC,53.36000061035156,53.939998626708984,52.91999816894531,50.466156005859375,16525000.0,4.0,-0.28486506824618374,51.189278804296265,48.847424305444946,47.539959729926025,-8.44754010488042,12.365316246482507,50.187716801961265,51.3997719446818,16.389999389648438,8.433949128418412
292,2021-08-27,JNJ,174.27999877929688,174.27999877929688,172.75,163.7770538330078,7046100.0,4.0,1.2547472730628897,169.55383414137674,160.97144051682636,54.356282643924345,-2.8828429651722165,7.720845768357817,163.76646423339844,160.0347557067871,16.389999389648438,8.433949128418412
292,2021-08-27,JPM,161.75,163.16000366210938,161.25999450683594,152.5665740966797,8780200.0,4.0,1.5659361980517303,153.91061979203238,140.4694369706629,58.0276124338907,136.52774344200319,28.148010149106597,145.24532521565754,145.24568684895834,16.389999389648438,8.433949128418412
292,2021-08-27,KO,55.65999984741211,55.790000915527344,55.45000076293945,52.01601028442383,8844100.0,4.0,-0.04066674872017728,53.846939626517155,51.93856757563128,49.52151994361,-180.2391403237204,25.193103336073552,52.91923599243164,52.08332010904948,16.389999389648438,8.433949128418412
292,2021-08-27,MCD,237.42999267578125,238.3699951171875,236.3699951171875,225.9976806640625,1784000.0,4.0,0.28879380397404475,229.83561755892435,222.210193903478,51.679601288377974,-20.845864584436605,9.464334069812807,226.8116663614909,224.64840596516927,16.389999389648438,8.433949128418412
292,2021-08-27,MMM,196.0,196.66000366210938,194.1199951171875,177.77879333496094,2146500.0,4.0,-0.7389361481280616,183.24442514562452,175.2483971200005,48.02050112168388,-99.41329630245417,7.723101787656652,179.6572504679362,179.81481857299804,16.389999389648438,8.433949128418412
292,2021-08-27,MRK,76.80999755859375,76.97000122070312,76.16999816894531,71.11422729492188,6010000.0,4.0,0.1388064249949963,73.8845296413279,69.21163353616234,49.587556226508106,-32.70027617710694,3.454026192372244,71.64889780680339,71.48332328796387,16.389999389648438,8.433949128418412
292,2021-08-27,MSFT,298.989990234375,300.8699951171875,296.8299865722656,294.38671875,22605700.0,4.0,5.479219668844792,301.2691472423749,274.57941232793763,65.53226575050887,107.91618672380997,34.45349016757533,284.9748870849609,273.57015838623045,16.389999389648438,8.433949128418412
292,2021-08-27,NKE,167.27000427246094,168.07000732421875,166.27999877929688,163.9393310546875,3012400.0,4.0,1.63609107367634,170.48790194667436,162.13496029697797,59.63366142617968,-11.27118574508219,1.857632094121923,164.2114990234375,153.0395034790039,16.389999389648438,8.433949128418412
292,2021-08-27,PG,142.47999572753906,142.77000427246094,141.63999938964844,135.4398651123047,4741200.0,4.0,0.9768517109681909,138.39976581632084,134.14168621004637,55.98125446296401,7.426773543779964,7.6354812965054935,135.13084971110027,131.60406862894695,16.389999389648438,8.433949128418412
292,2021-08-27,TRV,160.16000366210938,162.27000427246094,160.16000366210938,154.23435974121094,608000.0,4.0,2.512112295609114,157.13557639258917,140.66832375389518,59.43096197128378,113.21246808829616,42.28986897594581,146.61128946940104,145.73199386596679,16.389999389648438,8.433949128418412
292,2021-08-27,UNH,418.010009765625,420.3500061035156,416.1199951171875,405.96832275390625,1621600.0,4.0,2.407965029387924,417.53500461269266,391.8974355728542,53.86003251189291,36.22049422523752,1.547405362963513,403.344932047526,397.5077835083008,16.389999389648438,8.433949128418412
292,2021-08-27,V,231.02000427246094,233.0500030517578,230.22999572753906,229.20785522460938,6369000.0,4.0,-2.113383840204648,237.81242501011553,225.0312044454509,47.72652144844103,-84.34021592993436,19.266799386999544,235.02151845296223,233.71193364461263,16.389999389648438,8.433949128418412
292,2021-08-27,VZ,54.650001525878906,54.83000183105469,54.529998779296875,47.80670166015625,13213800.0,4.0,-0.21281164695604105,49.06893884344916,47.671326812068415,42.68234832619514,-191.163561390505,42.74320930274273,48.50120811462402,48.70508607228597,16.389999389648438,8.433949128418412
292,2021-08-27,WBA,48.099998474121094,48.790000915527344,47.95000076293945,43.826255798339844,3355000.0,4.0,0.1674621260389415,45.043510480202094,41.55601916762506,49.36305784322019,57.98644843939616,12.292429812146588,42.79271227518718,44.22613741556803,16.389999389648438,8.433949128418412
292,2021-08-27,WMT,147.50999450683594,147.69000244140625,146.17999267578125,142.0410919189453,7696200.0,4.0,1.6197863285664198,148.8873713159781,137.33551991937344,55.24388365192442,19.26045512765539,8.509089059748165,141.12870076497396,137.8297866821289,16.389999389648438,8.433949128418412
293,2021-08-30,AAPL,149.0,153.49000549316406,148.61000061035156,151.3687744140625,90956700.0,0.0,1.586070862919314,150.31306067169734,142.48942803679873,62.68657468553297,205.4515432785007,17.767375591599713,145.79258524576824,140.1677267710368,16.190000534057617,15.142426195591984
293,2021-08-30,AMGN,222.27999877929688,225.30999755859375,222.10000610351562,209.87828063964844,1881800.0,0.0,-3.757732572243583,221.25053787127797,203.8280708323353,41.39598938266734,-78.40289994392906,31.142933219839787,217.3328099568685,221.4094144185384,16.190000534057617,15.142426195591984
293,2021-08-30,AXP,168.16000366210938,168.3000030517578,164.2100067138672,159.39723205566406,2582100.0,0.0,-1.1046840408903051,168.6888899143152,153.5980348293371,49.463099916164154,-43.19622999184761,2.687577864845005,162.831467183431,162.24602457682292,16.190000534057617,15.142426195591984
293,2021-08-30,BA,222.35000610351562,222.3699951171875,217.52999877929688,217.66000366210938,7587800.0,0.0,-3.240382535950232,242.01210396203354,208.99289634314223,44.82019609759143,-67.2180554299526,22.339678275114288,225.17566680908203,232.0144999186198,16.190000534057617,15.142426195591984
293,2021-08-30,CAT,213.22000122070312,213.74000549316406,210.8000030517578,202.3778533935547,1922100.0,0.0,-0.21562054711691303,212.30935845466433,192.95838599113642,48.06377721677481,25.23015500383399,3.2093442999510535,201.9015345255534,204.41378987630208,16.190000534057617,15.142426195591984
293,2021-08-30,CRM,265.80999755859375,267.5799865722656,264.75,264.9700012207031,5730000.0,0.0,5.544721481065238,269.1106710721172,236.72133118618356,62.62288212622873,164.10679516630825,39.945436866723796,249.96566721598307,246.39883321126302,16.190000534057617,15.142426195591984
293,2021-08-30,CSCO,58.97999954223633,59.220001220703125,58.79999923706055,55.25214385986328,11798600.0,0.0,1.1376887038608032,56.172322077274956,50.405538564204534,66.55395293799728,148.44459974305624,43.12444118030393,52.614592742919925,51.172887865702315,16.190000534057617,15.142426195591984
293,2021-08-30,CVX,99.08999633789062,99.30999755859375,97.97000122070312,91.28156280517578,8127200.0,0.0,-0.7044434262752901,95.54155032640209,87.71402676100026,47.51775548399003,-31.71439814199466,14.309946364242915,91.68370513916015,93.99550132751465,16.190000534057617,15.142426195591984
293,2021-08-30,DIS,180.5,181.38999938964844,178.8699951171875,179.97999572753906,6421300.0,0.0,0.4122329327597356,181.8644356247486,172.21656565698967,52.47704481274732,121.84659490407213,18.022143043841712,177.09933471679688,176.93316726684571,16.190000534057617,15.142426195591984
293,2021-08-30,GS,419.95001220703125,420.760009765625,412.7200012207031,389.8350830078125,2089400.0,0.0,8.237525282952902,402.1653892894342,357.3645331959174,60.84726352980468,99.18651315044904,39.36762570157596,370.6992879231771,359.85817362467446,16.190000534057617,15.142426195591984
293,2021-08-30,HD,325.9100036621094,329.5,325.2099914550781,309.65716552734375,2926900.0,0.0,-0.24044216727634193,320.01995456056665,301.5426308886521,52.64444513676771,-16.6707708052317,2.8222413807055675,310.6277750651042,304.0862548828125,16.190000534057617,15.142426195591984
293,2021-08-30,HON,231.22000122070312,232.77999877929688,230.55999755859375,222.60903930664062,1318300.0,0.0,0.8623178132002067,224.72444495918245,217.52817497489957,54.83911160474071,57.49889922675137,24.97943750907339,221.13653106689452,216.56712493896484,16.190000534057617,15.142426195591984
293,2021-08-30,IBM,133.36520385742188,133.72848510742188,132.71510314941406,120.35321807861328,2087293.0,0.0,-0.4272093060973816,124.91206329082907,119.07320434833109,47.67789158770559,-101.96357055289329,14.060059484828185,121.70930913289388,122.7687619527181,16.190000534057617,15.142426195591984
293,2021-08-30,INTC,54.2599983215332,54.869998931884766,53.7599983215332,50.51297378540039,14581300.0,0.0,-0.22019993552392236,51.2375705206727,48.8559368645812,47.70577872749352,62.59637681451842,1.8832962698358977,50.17687810262044,51.35201848347982,16.190000534057617,15.142426195591984
293,2021-08-30,JNJ,172.7899932861328,174.27999877929688,172.77999877929688,164.4684295654297,3252700.0,0.0,1.0757137055259989,169.43897976422173,161.31431460833684,55.49562015325616,-2.8746661357511982,7.7208457683578215,164.0116231282552,160.17161407470704,16.190000534057617,15.142426195591984
293,2021-08-30,JPM,163.2100067138672,163.49000549316406,159.8800048828125,150.12440490722656,7937600.0,0.0,1.5785477529775278,153.88884840328458,141.35860643069978,54.90853825833348,107.30308155680981,19.968738987705777,145.66545715332032,145.16698837280273,16.190000534057617,15.142426195591984
293,2021-08-30,KO,55.689998626708984,56.20000076293945,55.63999938964844,52.51139450073242,10034700.0,0.0,-0.045687743550885784,53.81967418133,51.90040371478817,52.421830673305195,-118.5338371551219,12.35512493662642,52.93325665791829,52.08893763224284,16.190000534057617,15.142426195591984
293,2021-08-30,MCD,237.33999633789062,237.75999450683594,235.86000061035156,225.1507110595703,2245600.0,0.0,0.15524476925611452,229.50240177791403,222.20937953312114,50.72670381563914,-46.540707689199564,11.852831286702429,227.0441858927409,224.69931920369467,16.190000534057617,15.142426195591984
293,2021-08-30,MMM,195.17999267578125,197.2899932861328,194.77000427246094,178.79962158203125,1263900.0,0.0,-0.6514772500300694,183.24746318568734,175.25869983921498,49.475282952335654,-68.6229290157955,3.8306684236074346,179.66049143473307,179.6884452819824,16.190000534057617,15.142426195591984
293,2021-08-30,MRK,76.30000305175781,76.83999633789062,76.20999908447266,71.30062866210938,7339700.0,0.0,0.07758653367888257,73.88855880333689,69.23743149207327,50.22820771079553,-28.424498298358397,3.454026192372254,71.63181050618489,71.53026021321615,16.190000534057617,15.142426195591984
293,2021-08-30,MSFT,301.1199951171875,304.2200012207031,301.05999755859375,298.18780517578125,16348100.0,0.0,5.553439068495777,302.3083488005815,275.4372597199264,67.58260242942801,138.892140928331,42.06673726423998,285.8624501546224,274.442344156901,16.190000534057617,15.142426195591984
293,2021-08-30,NKE,167.88999938964844,168.41000366210938,166.57000732421875,164.37954711914062,3537100.0,0.0,1.4678825319412567,170.50327774041807,162.07634567266786,60.05518641154572,-12.035686272214194,0.013321187318866275,164.5512898763021,153.60218022664387,16.190000534057617,15.142426195591984
293,2021-08-30,PG,142.60000610351562,142.99000549316406,142.0500030517578,136.02992248535156,3845800.0,0.0,0.8895540377584723,138.37270296064523,134.26867734941337,57.12782477377222,22.563382271955742,9.53236875761056,135.23768870035806,131.7282637278239,16.190000534057617,15.142426195591984
293,2021-08-30,TRV,161.74000549316406,161.74000549316406,159.42999267578125,151.7128143310547,460700.0,0.0,2.341727256448223,156.9893068840466,141.81275763011357,55.75214480496369,86.40858365036958,34.83051856701835,146.87074279785156,145.73728713989257,16.190000534057617,15.142426195591984
293,2021-08-30,UNH,418.760009765625,420.57000732421875,417.8900146484375,405.5223388671875,1284200.0,0.0,2.1388852321500167,417.64195504894536,392.0551518846484,53.61974900823257,40.57857801281974,1.009977537497676,403.6435241699219,397.7362548828125,16.190000534057617,15.142426195591984
293,2021-08-30,V,232.69000244140625,233.6699981689453,229.9199981689453,227.7696990966797,6448000.0,0.0,-2.141503397862067,237.2450532376294,224.78852677946043,46.54739219438532,-83.21392941820524,16.517061443808608,234.73084411621093,233.73497212727864,16.190000534057617,15.142426195591984
293,2021-08-30,VZ,54.7400016784668,54.959999084472656,54.68000030517578,47.80670166015625,11621200.0,0.0,-0.22791236407572768,49.05374544587952,47.600107016889034,42.68234832619514,-151.99484840348217,35.56623576722456,48.470076115926105,48.67754071553548,16.190000534057617,15.142426195591984
293,2021-08-30,WBA,48.58000183105469,48.849998474121094,48.290000915527344,43.96186065673828,2461700.0,0.0,0.18596565923166963,45.04170768205923,41.76182396466928,49.87893755749472,65.89861466589639,11.073320581922347,42.89801254272461,44.14048048655192,16.190000534057617,15.142426195591984
293,2021-08-30,WMT,146.4199981689453,148.0,146.02000427246094,143.1849822998047,5480200.0,0.0,1.4536203801515626,148.50715376811326,138.29753525776567,57.16401352064378,24.653035186856624,10.8943907283216,141.35450744628906,137.93270874023438,16.190000534057617,15.142426195591984
294,2021-08-31,AAPL,152.66000366210938,152.8000030517578,151.2899932861328,150.09356689453125,86453100.0,1.0,1.695505468091909,150.84714991993852,142.4190228705888,60.749058136059126,194.89217317452702,17.76737559159972,145.9869593302409,140.59805437723796,16.479999542236328,22.044852679042158
294,2021-08-31,AMGN,224.94000244140625,225.64999389648438,223.33999633789062,211.18927001953125,2904700.0,1.0,-3.4538556999966374,217.31147574448624,206.20522805190046,42.772141467834295,-67.51573421464511,29.428549390863267,216.72513682047526,221.25580444335938,16.479999542236328,22.044852679042158
294,2021-08-31,AXP,164.10000610351562,166.42999267578125,163.72000122070312,161.04690551757812,3536300.0,1.0,-0.9434301732359529,168.4156354872416,153.57240925152794,50.94978010818484,-45.9207984145236,0.6846127728119206,162.73733825683593,162.25365498860677,16.479999542236328,22.044852679042158
294,2021-08-31,BA,217.3300018310547,221.3300018310547,217.08999633789062,219.5,6764500.0,1.0,-3.132416196263108,241.65052863859043,208.39547203279628,45.740691261511635,-69.97523022931598,23.128916400285032,225.25400034586588,231.46183319091796,16.479999542236328,22.044852679042158
294,2021-08-31,CAT,211.27999877929688,212.3000030517578,210.4199981689453,201.82273864746094,2857900.0,1.0,-0.2599642372105109,212.323454245704,193.1711227806632,47.70438204102002,5.471900687282736,4.283272532715274,201.99437255859374,203.97336349487304,16.479999542236328,22.044852679042158
294,2021-08-31,CRM,264.7699890136719,266.7699890136719,262.70001220703125,265.2699890136719,5901500.0,1.0,5.654856034960176,270.2170934437291,238.0289072276576,62.77428434644384,139.22144384850802,33.46209522046197,250.80433349609376,246.85099970499675,16.479999542236328,22.044852679042158
294,2021-08-31,CSCO,59.11000061035156,59.18000030517578,58.58000183105469,55.149356842041016,19873900.0,1.0,1.1231953152064662,56.395014829603454,50.44167874339459,65.94760377359442,126.47261408613015,37.80939708044866,52.7840337117513,51.258127530415855,16.479999542236328,22.044852679042158
294,2021-08-31,CVX,98.13999938964844,98.41000366210938,96.63999938964844,89.77859497070312,15676900.0,1.0,-0.7463361864261202,95.26117612027866,87.5801477322604,45.373642008311236,-80.73299354042055,21.353702968336037,91.73083877563477,93.84788627624512,16.479999542236328,22.044852679042158
294,2021-08-31,DIS,179.25,182.97999572753906,178.52999877929688,181.3000030517578,8620000.0,1.0,0.6558666301699816,182.24234520335162,172.66965583424602,53.75365044396882,142.6970230579277,22.860571451547603,177.2510014851888,177.00500055948893,16.479999542236328,22.044852679042158
294,2021-08-31,GS,412.1099853515625,414.8599853515625,408.760009765625,391.64410400390625,1958100.0,1.0,8.23822518966415,402.03192594367096,360.81190645378996,61.40219237143585,83.62090213113127,30.736523524788005,372.29404602050784,360.2879618326823,16.479999542236328,22.044852679042158
294,2021-08-31,HD,327.0,328.2699890136719,323.6199951171875,308.7861328125,4183100.0,1.0,-0.200575682148326,319.63886361972123,301.3784306918022,52.078965298045844,-45.95356522856521,1.096906398336334,310.6539632161458,304.34217224121096,16.479999542236328,22.044852679042158
294,2021-08-31,HON,231.42999267578125,232.64999389648438,230.57000732421875,222.6474151611328,1956300.0,1.0,0.9062088276789098,224.7479989529879,217.52227692591836,54.874867676965906,51.4338539347098,24.979437509073392,221.23772226969402,216.6411491394043,16.479999542236328,22.044852679042158
294,2021-08-31,IBM,133.4034423828125,134.7418670654297,132.83938598632812,121.53968048095703,4429915.0,1.0,-0.3630061376290996,124.75588226975492,119.04836348830173,50.02964136281122,-53.98257014754745,4.411884715266202,121.76598002115885,122.68222630818686,16.479999542236328,22.044852679042158
294,2021-08-31,INTC,54.439998626708984,54.5,53.65999984741211,50.62535095214844,22350100.0,1.0,-0.1580624087157645,51.27720395681847,48.84898889901649,48.11302260229263,54.275619355259686,0.4196604671438022,50.15117670694987,51.310479927062985,16.479999542236328,22.044852679042158
294,2021-08-31,JNJ,173.49000549316406,174.49000549316406,172.47999572753906,163.96646118164062,7106800.0,1.0,0.8831433333298833,169.44268906552682,161.28883406679742,54.47433085343983,-15.421459122826072,10.052281222041243,164.19077962239584,160.3178372701009,16.479999542236328,22.044852679042158
294,2021-08-31,JPM,160.44000244140625,161.3699951171875,159.35000610351562,149.6658935546875,12340800.0,1.0,1.5338630484806117,153.89417518521765,142.01388298128626,54.34123134197311,82.33805860860139,16.905365649630273,145.9848439534505,145.0927421569824,16.479999542236328,22.044852679042158
294,2021-08-31,KO,56.15999984741211,56.52000045776367,56.0,52.632904052734375,14185700.0,1.0,-0.039407843688152866,53.78209143284678,51.880969709121,53.10550866612747,-73.8230372931423,3.500160452323641,52.94821179707845,52.09967269897461,16.479999542236328,22.044852679042158
294,2021-08-31,MCD,235.75,237.72999572753906,234.6699981689453,227.21754455566406,2938100.0,1.0,0.21371877001442385,229.633770120177,222.25043550726443,52.9182013657488,-44.00157083411983,17.29512761524698,227.18667348225912,224.81148427327474,16.479999542236328,22.044852679042158
294,2021-08-31,MMM,195.85000610351562,195.99000549316406,194.14999389648438,177.49623107910156,2813900.0,1.0,-0.6795052503291004,182.9083025897804,175.16336641656724,47.711543706556874,-100.58074905126966,7.352552461045512,179.52199147542316,179.57532475789387,16.479999542236328,22.044852679042158
294,2021-08-31,MRK,76.79000091552734,77.0999984741211,76.02999877929688,71.10489654541016,10949500.0,1.0,0.013124096316417422,73.88700672631987,69.22779887670748,49.544274309856206,-30.38504192163401,0.7841618684627041,71.63553848266602,71.59411112467448,16.479999542236328,22.044852679042158
294,2021-08-31,MSFT,304.4200134277344,304.5,301.5,296.5082092285156,26285300.0,1.0,5.414316253984623,302.99909477201254,276.25013008150313,65.79357796135096,123.72087638092614,42.66176730518817,286.61854349772136,275.23719329833983,16.479999542236328,22.044852679042158
294,2021-08-31,NKE,167.5500030517578,167.67999267578125,164.1999969482422,161.1610107421875,7545600.0,1.0,1.0626178662444374,170.7522031748736,161.22011585588808,55.65919649170804,-70.98400132837645,12.027497519691515,164.72291666666666,154.10779673258463,16.479999542236328,22.044852679042158
294,2021-08-31,PG,143.0399932861328,143.52999877929688,142.0500030517578,135.51600646972656,9642400.0,1.0,0.7700249074986232,138.3023098373422,134.1906039810172,55.817866593552196,20.159774329772766,14.157920965565612,135.35104115804037,131.83648414611815,16.479999542236328,22.044852679042158
294,2021-08-31,TRV,158.85000610351562,160.8000030517578,158.7100067138672,151.9696807861328,1568700.0,1.0,2.202039125243516,156.90052453885747,142.78837011446282,56.03891086090715,73.96261204320737,27.76880356653855,147.14415028889974,145.78218688964844,16.479999542236328,22.044852679042158
294,2021-08-31,UNH,417.0,420.739990234375,414.2200012207031,403.5542907714844,4249100.0,1.0,1.7466976770255087,417.2271492577939,391.92415689454987,52.54954614005056,11.245955665549863,9.546535282737581,403.7501617431641,398.0186976114909,16.479999542236328,22.044852679042158
294,2021-08-31,V,230.91000366210938,231.83999633789062,228.66000366210938,225.6715850830078,9405100.0,1.0,-2.3065007116716743,237.21032822962636,224.06800581578378,44.874204357098606,-97.55699709001536,20.49894636571915,234.295144144694,233.70369593302408,16.479999542236328,22.044852679042158
294,2021-08-31,VZ,54.709999084472656,55.13999938964844,54.58000183105469,48.0074577331543,18405600.0,1.0,-0.22113138888389017,49.019101489957826,47.57103179556463,44.65383542268742,-121.66853204918455,26.176223222782685,48.45320078531901,48.6547799428304,16.479999542236328,22.044852679042158
294,2021-08-31,WBA,48.459999084472656,50.869998931884766,48.38999938964844,45.87835693359375,11814400.0,1.0,0.3512263565052507,45.49229160495768,41.64780925563803,56.376591296966275,153.65050850749034,20.132924116087327,43.05287297566732,44.09109191894531,16.479999542236328,22.044852679042158
294,2021-08-31,WMT,147.99000549316406,148.44000244140625,147.24000549316406,143.57275390625,8359500.0,1.0,1.3378012566352595,148.28213168731196,138.98859127411384,57.79892989492772,35.46089440423419,14.28503719836528,141.572634379069,138.0573870340983,16.479999542236328,22.044852679042158
295,2021-09-01,AAPL,152.8300018310547,154.97999572753906,152.33999633789062,150.7657470703125,80313700.0,2.0,1.8155440420861453,151.44469568399776,142.3928470406116,61.39962287493229,225.13047621930642,26.73855818469681,146.2284159342448,141.02576586405436,16.110000610351562,8.355632424457932
295,2021-09-01,AMGN,225.5500030517578,226.1199951171875,221.8800048828125,209.14788818359375,2699000.0,2.0,-3.339260625177161,217.27757378535318,205.93849371952962,41.213220922745165,-74.55293138546749,33.423608344270434,216.11260579427082,221.07390162150065,16.110000610351562,8.355632424457932
295,2021-09-01,AXP,166.33999633789062,167.27999877929688,164.1300048828125,159.57191467285156,2569000.0,2.0,-0.9240034192600319,168.19780816102585,153.4389517877046,49.60017486377561,-43.59476223992589,4.151391123300316,162.47630157470704,162.22718454996746,16.110000610351562,8.355632424457932
295,2021-09-01,BA,220.0,221.75999450683594,217.6199951171875,218.1199951171875,7157400.0,2.0,-3.1222159926156223,241.4853828724751,207.70961682234912,45.156242986774664,-69.56364130722496,21.835458668122673,225.1066670735677,230.88449986775717,16.110000610351562,8.355632424457932
295,2021-09-01,CAT,210.8699951171875,210.99000549316406,206.61000061035156,199.03759765625,4122900.0,2.0,-0.5139203784663664,212.0860082854528,193.73780915839484,45.92215004428667,-50.58392424040557,14.455857402898395,201.90600077311197,203.48017094930012,16.110000610351562,8.355632424457932
295,2021-09-01,CRM,266.2699890136719,273.260009765625,265.5899963378906,268.32000732421875,7189000.0,2.0,5.920007291018834,271.8972767704988,238.76372481641525,64.29543524250829,159.24606952289943,42.48021368456469,251.678000386556,247.3826665242513,16.110000610351562,8.355632424457932
295,2021-09-01,CSCO,59.02000045776367,59.13999938964844,58.65999984741211,55.16804504394531,11629700.0,2.0,1.1005309462963524,56.57496932647874,50.57475448943923,66.00585506503589,113.56096540922836,37.809397080448676,52.94475351969401,51.340430641174315,16.110000610351562,8.355632424457932
295,2021-09-01,CVX,96.86000061035156,97.06999969482422,95.47000122070312,88.7951889038086,10557300.0,2.0,-0.8491012410381558,95.27860832582176,87.26066703428565,44.02890851755808,-114.4550095726622,26.996739022716575,91.64480260213216,93.66892941792806,16.110000610351562,8.355632424457932
295,2021-09-01,DIS,181.9600067138672,184.2100067138672,181.77999877929688,183.47999572753906,7302800.0,2.0,1.013176018172885,182.92977426983768,173.07222615740844,55.782944957531335,199.7680026722361,26.450328510181265,177.47066802978514,177.12416712443033,16.110000610351562,8.355632424457932
295,2021-09-01,GS,413.1600036621094,416.1099853515625,410.30999755859375,391.7861633300781,1680400.0,2.0,8.156223009378493,400.5112216747575,365.8963588916488,61.446582607631676,83.11370999679964,32.15429481462037,373.6189453125,360.7744705200195,16.110000610351562,8.355632424457932
295,2021-09-01,HD,325.55999755859375,325.7799987792969,320.2799987792969,307.93939208984375,3339100.0,2.0,-0.2346017621926535,319.4089387886186,301.13270244673294,51.52242057639645,-89.635898581363,8.894535307971726,310.62005818684895,304.56914571126305,16.110000610351562,8.355632424457932
295,2021-09-01,HON,232.9499969482422,233.19000244140625,229.3000030517578,220.62171936035156,2484300.0,2.0,0.7686752414938951,224.73349694471256,217.6444769932757,52.60072110076567,5.983458463328243,16.9902869638409,221.201584370931,216.65559260050455,16.110000610351562,8.355632424457932
295,2021-09-01,IBM,133.8240966796875,133.91014099121094,133.06883239746094,120.63900756835938,2588327.0,2.0,-0.38041623926284274,124.72624827048438,118.91906651833398,48.3239339572999,-79.97821201828513,4.411884715266208,121.75467046101888,122.5656962076823,16.110000610351562,8.355632424457932
295,2021-09-01,INTC,54.11000061035156,54.15999984741211,53.529998779296875,50.260128021240234,18615000.0,2.0,-0.13671247298449885,51.28538976670128,48.85185312270301,46.88546383250689,31.117497207353924,1.5458763857720825,50.08259735107422,51.26424999237061,16.110000610351562,8.355632424457932
295,2021-09-01,JNJ,172.89999389648438,173.74000549316406,172.05999755859375,164.54417419433594,5327400.0,2.0,0.7682901671424531,169.403452693332,161.46104620803519,55.450427138293485,-28.8903556417117,13.329289716186082,164.35655415852864,160.49644165039064,16.110000610351562,8.355632424457932
295,2021-09-01,JPM,160.22000122070312,160.75999450683594,158.97000122070312,149.45068359375,8729900.0,2.0,1.4642059976634414,153.4857486631337,143.21578484516706,54.0699812169029,70.05293203479097,14.661344894987113,146.1988072713216,145.0251434326172,16.110000610351562,8.355632424457932
295,2021-09-01,KO,56.380001068115234,56.79999923706055,56.279998779296875,52.988094329833984,9518900.0,2.0,-0.00570433486824129,53.793284417483875,51.92492427697414,55.058349282057634,-12.77893674301779,3.605683023113014,52.95257364908854,52.12235768636068,16.110000610351562,8.355632424457932
295,2021-09-01,MCD,237.8800048828125,239.0399932861328,237.2100067138672,227.87777709960938,2197100.0,2.0,0.30976431519664516,229.7584074233675,222.56599443210126,53.60016389583794,-3.658889801659833,9.350374221541992,227.2985112508138,224.91958592732746,16.110000610351562,8.355632424457932
295,2021-09-01,MMM,194.5500030517578,194.75,192.94000244140625,176.3113555908203,1925400.0,2.0,-0.7882408422174194,182.97627407545033,174.85900729661998,46.16390338765578,-132.32319566207664,13.928310495076124,179.3455032348633,179.4445671081543,16.110000610351562,8.355632424457932
295,2021-09-01,MRK,76.22000122070312,76.80000305175781,75.83000183105469,71.00235748291016,9187200.0,2.0,-0.04570997892558637,73.86609432106806,69.31395099753544,49.18134914991644,-46.26114733167228,2.500168531339604,71.62901331583659,71.66241366068522,16.110000610351562,8.355632424457932
295,2021-09-01,MSFT,302.8699951171875,305.19000244140625,301.489990234375,296.4591369628906,18983800.0,2.0,5.239700691466169,303.4435470247516,277.36418918130306,65.74097961523708,114.99676220038637,44.17226171847996,287.3050303141276,276.0514841715495,16.110000610351562,8.355632424457932
295,2021-09-01,NKE,164.9199981689453,166.6199951171875,164.0800018310547,160.9849090576172,4706500.0,2.0,0.7189452118296913,170.80849451629354,160.4724960842924,55.42954154717721,-90.98635597275782,12.597007700555535,164.8450490315755,154.62024408976237,16.110000610351562,8.355632424457932
295,2021-09-01,PG,142.3300018310547,144.19000244140625,142.22999572753906,136.89599609375,6214200.0,2.0,0.7776861582712797,138.36183785204724,134.2652693867223,58.46359679849128,52.39591651243674,19.533290102330287,135.52584177652994,131.99261042277018,16.110000610351562,8.355632424457932
295,2021-09-01,TRV,159.42999267578125,160.22999572753906,158.2100067138672,151.56056213378906,1133800.0,2.0,2.0348661484688932,156.42707652999997,144.190518379668,55.4468349061743,62.494413041696326,22.987009229333637,147.38013153076173,145.82373758951823,16.110000610351562,8.355632424457932
295,2021-09-01,UNH,416.5400085449219,419.8699951171875,411.239990234375,404.601318359375,2034400.0,2.0,1.5030464066368268,416.87731204370044,391.8677898850105,53.06511040605114,-4.177847431960851,15.845681303498916,403.8377360026042,398.2946034749349,16.110000610351562,8.355632424457932
295,2021-09-01,V,229.10000610351562,230.77999877929688,228.77000427246094,226.67628479003906,8177600.0,2.0,-2.329340217808607,237.04788760673154,223.6169851349677,45.83863149259356,-92.08499155749642,20.498946365719146,233.86145528157553,233.6771967569987,16.110000610351562,8.355632424457932
295,2021-09-01,VZ,55.0,55.150001525878906,54.79999923706055,47.955081939697266,12647300.0,2.0,-0.21747676917878067,49.01576958264046,47.536830515015794,44.243124249641426,-102.819126994623,25.659221227773475,48.42381426493327,48.631865628560384,16.110000610351562,8.355632424457932
295,2021-09-01,WBA,50.72999954223633,50.810001373291016,49.47999954223633,45.4625129699707,5212400.0,2.0,0.4435287933792438,45.63908088334852,41.881048129713,54.7824620818451,155.85543195081405,20.13292411608734,43.17566998799642,44.0431276957194,16.110000610351562,8.355632424457932
295,2021-09-01,WMT,147.55999755859375,147.92999267578125,146.57000732421875,143.26255798339844,6352200.0,2.0,1.2070692058279349,147.7158700859087,140.084525116728,57.09857787976682,21.65647516221585,7.619275907609996,141.8029571533203,138.19412027994792,16.110000610351562,8.355632424457932
296,2021-09-02,AAPL,153.8699951171875,154.72000122070312,152.39999389648438,151.89271545410156,71115500.0,3.0,1.9788020091122291,152.21164625754474,142.2991066111076,62.4782535613763,204.51298748407277,26.73855818469682,146.46137440999348,141.4658442179362,16.40999984741211,19.34425228135021
296,2021-09-02,AMGN,223.63999938964844,226.02999877929688,223.42999267578125,211.59193420410156,1817800.0,3.0,-3.0164572728971564,216.28019855071992,206.3518296475223,43.75229954054803,-59.826881384368804,33.42360834427042,215.58494923909504,220.8909169514974,16.40999984741211,19.34425228135021
296,2021-09-02,AXP,165.0500030517578,165.0800018310547,161.13999938964844,157.2526397705078,4350600.0,3.0,-1.0832664569956307,167.76765177718494,153.13354298599864,47.551311018104734,-84.81495547626723,7.933058840766248,162.19003448486328,162.20109786987305,16.40999984741211,19.34425228135021
296,2021-09-02,BA,218.9499969482422,223.83999633789062,218.0800018310547,220.8300018310547,8899500.0,3.0,-2.8624606992771646,240.91418806727455,207.3698115665145,46.54381122399604,-50.17759504318179,15.558346930122488,225.10533396402994,230.4306666056315,16.40999984741211,19.34425228135021
296,2021-09-02,CAT,208.9199981689453,212.9499969482422,208.9199981689453,202.69366455078125,2921600.0,3.0,-0.41538016275302425,212.04752227419812,194.2155987585167,48.53324664702275,5.400609845278639,8.136004424789657,201.98958638509114,203.13533757527668,16.40999984741211,19.34425228135021
296,2021-09-02,CRM,269.0,269.260009765625,263.9200134277344,264.1499938964844,4498300.0,3.0,5.727631764738135,272.86521796445226,239.15478325625082,60.78253119730397,115.89828756033174,37.359447033082446,252.20700022379557,247.85033315022787,16.40999984741211,19.34425228135021
296,2021-09-02,CSCO,59.349998474121094,59.720001220703125,59.060001373291016,55.625911712646484,12855700.0,3.0,1.1067572753224653,56.800536431314434,50.701463232992204,67.41847102800958,122.19331774074253,44.06690121604523,53.10017827351888,51.43206615447998,16.40999984741211,19.34425228135021
296,2021-09-02,CVX,96.63999938964844,98.38999938964844,96.55000305175781,90.65067291259766,12340100.0,3.0,-0.771922986930079,95.13096980297793,87.20667210376034,47.089611060437115,-62.23252456527134,16.882432056021276,91.65112915039063,93.53539148966472,16.40999984741211,19.34425228135021
296,2021-09-02,DIS,184.16000366210938,185.3000030517578,181.5500030517578,181.86000061035156,6492600.0,3.0,1.1523427257137655,183.43516746180865,173.0818323550859,53.962645724746196,172.43989401521011,29.555704667723703,177.69500122070312,177.22116724650064,16.40999984741211,19.34425228135021
296,2021-09-02,GS,415.1099853515625,417.5799865722656,412.6400146484375,392.58172607421875,1830400.0,3.0,8.062491571258477,399.4068428713664,370.03705361300865,61.70175380341228,85.63607032146633,33.85630334796954,374.99518330891925,361.3044006347656,16.40999984741211,19.34425228135021
296,2021-09-02,HD,325.0299987792969,328.17999267578125,323.70001220703125,311.8404541015625,3109000.0,3.0,0.05260898243614065,318.95387248187996,301.2371522983935,53.87183465378786,-21.55506665849579,2.6765215731298593,310.70672098795575,304.9173060099284,16.40999984741211,19.34425228135021
296,2021-09-02,HON,230.9199981689453,231.44000244140625,229.77000427246094,221.74497985839844,1594500.0,3.0,0.7417660015464662,224.77745940757882,217.79280579017507,53.70135469862046,5.792172644160117,16.990286963840898,221.17451883951824,216.72063191731772,16.40999984741211,19.34425228135021
296,2021-09-02,IBM,133.57553100585938,133.89100646972656,132.91586303710938,121.25389099121094,2840413.0,3.0,-0.3406708750245997,124.68085435907531,118.86616407354188,49.53895097264384,-68.67864579333049,5.7865069006153975,121.78069585164388,122.43658294677735,16.40999984741211,19.34425228135021
296,2021-09-02,INTC,53.79999923706055,53.88999938964844,53.349998474121094,50.316307067871094,15869500.0,3.0,-0.11394581907081403,51.26940625468737,48.8528517409181,47.10023352289885,26.587207408678893,4.317814597470559,50.02426452636719,51.21895637512207,16.40999984741211,19.34425228135021
296,2021-09-02,JNJ,174.33999633789062,175.19000244140625,173.91000366210938,165.6711883544922,4544300.0,3.0,0.7594543127671614,169.40844061263596,161.67066247574297,57.29809559855484,19.321629999733894,0.10226927167269377,164.54451955159504,160.65930913289387,16.40999984741211,19.34425228135021
296,2021-09-02,JPM,160.02000427246094,161.61000061035156,159.42999267578125,150.14312744140625,8813300.0,3.0,1.4481829628172989,153.29580238362868,144.08973228434004,54.82061181993453,78.63574122184288,18.406291751238086,146.496050008138,145.00102742513022,16.40999984741211,19.34425228135021
296,2021-09-02,KO,56.77000045776367,57.029998779296875,56.40999984741211,53.06287384033203,11653200.0,3.0,0.02673187185226311,53.80994810384262,51.933498246255034,55.462290023582554,13.9694861215094,9.08640741394059,52.96192092895508,52.1489174524943,16.40999984741211,19.34425228135021
296,2021-09-02,MCD,239.1999969482422,239.9499969482422,238.3800048828125,229.52357482910156,2140200.0,3.0,0.5127723040573073,230.23667871532678,222.54118841113808,55.27087240128534,30.092315660841,4.113824875266663,227.37829182942707,225.07367375691732,16.40999984741211,19.34425228135021
296,2021-09-02,MMM,194.07000732421875,194.9199981689453,193.47000122070312,177.63296508789062,2094500.0,3.0,-0.7590222054152491,182.95240342087234,174.75422499709643,48.10620077774284,-99.1895806823594,12.726697037464943,179.2643259684245,179.34865061442056,16.40999984741211,19.34425228135021
296,2021-09-02,MRK,76.4800033569336,77.13999938964844,76.16999816894531,71.87848663330078,6559400.0,3.0,-0.021393496204538565,73.87586313774396,69.44678471992206,52.271658751313815,-7.2448701847882155,3.23052897717794,71.64734344482422,71.72005996704101,16.40999984741211,19.34425228135021
296,2021-09-02,MSFT,302.20001220703125,303.3599853515625,300.17999267578125,295.7912292480469,16285600.0,3.0,4.9899015505143325,303.8677888508238,278.136593473395,65.00922215151019,92.06493229778235,36.855472504963195,287.814360555013,276.8379778544108,16.40999984741211,19.34425228135021
296,2021-09-02,NKE,165.24000549316406,165.42999267578125,162.7899932861328,160.11427307128906,4632100.0,3.0,0.372040458471929,170.49711016628726,159.81601696994323,54.28400975129244,-123.74260598714642,18.649152842183504,164.8535161336263,155.14276046752929,16.40999984741211,19.34425228135021
296,2021-09-02,PG,143.97000122070312,144.72999572753906,143.5800018310547,137.00067138671875,5392500.0,3.0,0.783176208221505,138.42552988371702,134.33957326569706,58.6578568413504,85.55845369557969,23.711341287219263,135.7209447224935,132.15126953125,16.40999984741211,19.34425228135021
296,2021-09-02,TRV,159.72000122070312,160.10000610351562,158.25,152.2170867919922,912700.0,3.0,1.9330731491036204,155.94835456920404,145.56272941517093,56.21479759166589,61.478677409256015,22.98700922933364,147.76740620930988,145.90667928059895,16.40999984741211,19.34425228135021
296,2021-09-02,UNH,419.1600036621094,424.3999938964844,418.239990234375,410.76708984375,3137400.0,3.0,1.7868792174033956,417.48875113320923,392.47010506796266,55.97888550841186,81.54844225125494,4.069028163063059,404.0943186442057,398.68357543945314,16.40999984741211,19.34425228135021
296,2021-09-02,V,230.42999267578125,230.5500030517578,221.9600067138672,220.8251953125,19708800.0,3.0,-2.787442806661943,236.91618626029054,222.201887775354,41.467934718067376,-134.94724352102668,38.58909614856064,233.2169921875,233.5489168802897,16.40999984741211,19.34425228135021
296,2021-09-02,VZ,54.93000030517578,55.310001373291016,54.900001525878906,48.26059341430664,12875900.0,3.0,-0.187763809678259,49.01536100702885,47.53636666936276,47.174947953461384,-60.89672951937426,17.43131880761436,48.40461146036784,48.615481758117674,16.40999984741211,19.34425228135021
296,2021-09-02,WBA,50.5,51.86000061035156,50.40999984741211,46.80948257446289,6021100.0,3.0,0.6182416249821259,46.14525673343426,41.854685283167306,58.69598291393697,210.8984365081196,31.554850079440623,43.34873708089193,44.0261173248291,16.40999984741211,19.34425228135021
296,2021-09-02,WMT,148.1199951171875,148.7899932861328,147.69000244140625,144.01869201660156,6672700.0,3.0,1.1512064198859662,147.54417942495547,140.6055413392047,58.37056598061131,38.80433066328755,14.4646160328131,142.05526580810547,138.35552902221679,16.40999984741211,19.34425228135021
297,2021-09-03,AAPL,153.75999450683594,154.6300048828125,153.08999633789062,152.53530883789062,57808700.0,4.0,2.1354212331629867,152.96094540230416,142.3564755571685,63.08668555132878,188.14354225739112,26.73855818469681,146.65784301757813,141.93341267903645,16.40999984741211,7.185645755991119
297,2021-09-03,AMGN,225.75999450683594,227.19000244140625,224.1999969482422,211.97584533691406,1664100.0,4.0,-2.6985476925913474,216.0517618243118,206.3914464886765,44.144319709642964,-49.35124528800893,26.901366694890683,214.9777862548828,220.6350362141927,16.40999984741211,7.185645755991119
297,2021-09-03,AXP,160.75,161.27999877929688,158.1699981689453,154.5840606689453,4206500.0,4.0,-1.4085783783433783,167.08844782790055,152.6424481681932,45.322883401771406,-134.5958994568404,18.031557938945976,161.7410639444987,162.16053848266603,16.40999984741211,7.185645755991119
297,2021-09-03,BA,219.4499969482422,221.17999267578125,217.4600067138672,218.1699981689453,6393500.0,4.0,-2.8385221068950557,240.10068791466196,206.86731135291618,45.37805392515162,-69.93413073787494,16.922174685281558,224.99366709391276,229.92783330281574,16.40999984741211,7.185645755991119
297,2021-09-03,CAT,211.14999389648438,212.8000030517578,210.0,201.3441925048828,2512000.0,4.0,-0.4410928046703191,212.01532837944052,194.4411260883329,47.654665330993744,1.073766959276127,8.136004424789649,202.01638590494792,202.90954157511393,16.40999984741211,7.185645755991119
297,2021-09-03,CRM,263.6000061035156,267.4100036621094,261.79998779296875,267.0799865722656,7356700.0,4.0,5.745369651164765,274.1795393111957,239.48946093294495,62.280505451571514,101.98421081220144,30.971658413461338,252.83466644287108,248.29849955240886,16.40999984741211,7.185645755991119
297,2021-09-03,CSCO,59.33000183105469,59.65999984741211,59.279998779296875,55.52312088012695,9732200.0,4.0,1.090822996320604,56.95298583224916,50.906895759547716,66.77405497701612,110.91240886351419,44.06690121604523,53.23068517049153,51.506368001302086,16.40999984741211,7.185645755991119
297,2021-09-03,CVX,97.4000015258789,98.43000030517578,97.37999725341797,90.44657897949219,9097000.0,4.0,-0.7189398481822451,94.86429770170339,87.18539178193917,46.79841557736529,-53.48287055324702,16.581662688682844,91.64943237304688,93.38884023030599,16.40999984741211,7.185645755991119
297,2021-09-03,DIS,181.82000732421875,181.82000732421875,179.1300048828125,181.0,6847400.0,4.0,1.1796403228107408,183.7391925653173,173.16480676329599,53.01263383567649,90.84451945015994,17.756022749993047,177.85700124104818,177.29500045776368,16.40999984741211,7.185645755991119
297,2021-09-03,GS,414.0,415.1199951171875,410.6000061035156,389.5604248046875,1373600.0,4.0,7.656159527626301,399.53995941222655,371.3572024530078,60.13802729154407,70.01057404360853,29.05358164906282,376.22861328125,361.92284291585287,16.40999984741211,7.185645755991119
297,2021-09-03,HD,325.3299865722656,330.8999938964844,325.1600036621094,314.3143005371094,2774800.0,4.0,0.47437598824376437,319.2094833783896,301.1878737993448,55.29319886633634,27.52438416617293,3.9668625808343148,310.6808288574219,305.29139251708983,16.40999984741211,7.185645755991119
297,2021-09-03,HON,231.0,231.0,227.77000427246094,219.23922729492188,1622400.0,4.0,0.5123409965063672,224.8010540730004,217.73005554614025,50.97006854634408,-79.63474715795886,4.921123305800389,221.17294158935547,216.76877110799154,16.40999984741211,7.185645755991119
297,2021-09-03,IBM,133.53729248046875,134.29254150390625,133.1739959716797,120.88148498535156,2009575.0,4.0,-0.3353566570714861,124.48129288265586,118.8171728461039,48.81977391004199,-60.59132715214167,1.683405753683985,121.77632751464844,122.30311838785808,16.40999984741211,7.185645755991119
297,2021-09-03,INTC,53.439998626708984,54.08000183105469,53.31999969482422,50.110294342041016,13456200.0,4.0,-0.1112442328049994,51.23331677498672,48.85054629264023,46.38866873692451,22.600797013908355,1.1058155539914276,50.05086606343587,51.16433645884196,16.40999984741211,7.185645755991119
297,2021-09-03,JNJ,175.10000610351562,175.22000122070312,173.80999755859375,165.77537536621094,4096900.0,4.0,0.7521880994447656,169.3559785229698,162.00275560788958,57.46679598066542,15.865177707864932,0.7648382488999047,164.6791549682617,160.80053329467773,16.40999984741211,7.185645755991119
297,2021-09-03,JPM,160.38999938964844,160.88999938964844,159.14999389648438,149.23548889160156,7959700.0,4.0,1.3467215786905342,153.35172079276555,144.22001992989073,53.63209311980538,61.98519181926023,16.60446579802467,146.77208302815754,145.00116806030275,16.40999984741211,7.185645755991119
297,2021-09-03,KO,56.459999084472656,56.77000045776367,56.25,53.025482177734375,13220400.0,4.0,0.04885740691776874,53.81622086544563,51.93563803653191,55.20562459167621,-14.553848536911385,4.661249817024509,52.9531972249349,52.16820551554362,16.40999984741211,7.185645755991119
297,2021-09-03,MCD,238.38999938964844,239.64999389648438,237.50999450683594,228.51889038085938,1339300.0,4.0,0.5858348202102093,230.4602350029144,222.6858541694489,54.042040566452414,13.292647900380336,8.587608600808139,227.2884969075521,225.161531829834,16.40999984741211,7.185645755991119
297,2021-09-03,MMM,194.4600067138672,195.61000061035156,193.6300048828125,177.17726135253906,1464500.0,4.0,-0.7638327200807282,182.91325931287147,174.58929500841757,47.49498770170496,-87.65700517402408,7.793854982544038,179.1251439412435,179.2392593383789,16.40999984741211,7.185645755991119
297,2021-09-03,MRK,77.26000213623047,77.37999725341797,76.69000244140625,72.00896453857422,6629800.0,4.0,0.008310173541232757,73.87132663360948,69.62094936736709,52.71465244921095,16.548483596954217,7.147698884365846,71.63864390055339,71.74753748575846,16.40999984741211,7.185645755991119
297,2021-09-03,MSFT,300.989990234375,302.6000061035156,300.260009765625,295.7814025878906,14747900.0,4.0,4.736541104793048,304.16436363946366,279.0415598224504,64.9982106859598,82.14264367650385,36.855472504963195,288.2080118815104,277.56467107137047,16.40999984741211,7.185645755991119
297,2021-09-03,NKE,163.1999969482422,164.1699981689453,162.22000122070312,159.7425079345703,4254500.0,4.0,0.06635272959613303,170.28117187472114,159.12946502713433,53.79293634497976,-137.2227127906175,21.225524268629194,164.76234232584636,155.67307942708334,16.40999984741211,7.185645755991119
297,2021-09-03,PG,143.75999450683594,144.3699951171875,143.52000427246094,137.0958709716797,5466400.0,4.0,0.7861467132993596,138.38777821792894,134.62858225570386,58.838972055021074,76.32185798207259,22.953102636650826,135.85608927408853,132.29575220743814,16.40999984741211,7.185645755991119
297,2021-09-03,TRV,159.22999572753906,159.9499969482422,158.39999389648438,151.4558868408203,698900.0,4.0,1.7705689723096611,155.6048138350054,146.51049683393992,55.07613262247162,54.42945283753046,22.98700922933363,148.12581837972004,145.98835271199545,16.40999984741211,7.185645755991119
297,2021-09-03,UNH,421.92999267578125,424.0,420.6099853515625,409.9430236816406,1604800.0,4.0,1.9231545836487953,417.99260828524586,392.71660802334793,55.50248679167588,81.97279435065869,4.069028163063058,404.2610626220703,399.05253448486326,16.40999984741211,7.185645755991119
297,2021-09-03,V,224.0,227.3000030517578,223.35000610351562,221.74127197265625,11532000.0,4.0,-3.041512020974352,235.9309623671005,221.6148613023331,42.35811010344311,-134.09258085151845,38.58909614856064,232.44305013020832,233.40901718139648,16.40999984741211,7.185645755991119
297,2021-09-03,VZ,55.2400016784668,55.5,55.16999816894531,48.382789611816406,11006200.0,4.0,-0.1525968221237619,49.02508390636496,47.54497415332742,48.29977379831576,-19.272180406443262,8.419800643987806,48.39151852925618,48.596962483723956,16.40999984741211,7.185645755991119
297,2021-09-03,WBA,51.540000915527344,51.93000030517578,51.27000045776367,46.36652374267578,3338000.0,4.0,0.7127436617366101,46.420408051242994,41.99983273244842,57.01719658082514,200.07434912342814,32.2453781557306,43.505845133463545,43.97367496490479,16.40999984741211,7.185645755991119
297,2021-09-03,WMT,148.1999969482422,149.64999389648438,147.89999389648438,144.68760681152344,5737300.0,4.0,1.1476808428039647,147.27366047959296,141.31739176650078,59.47028116965344,49.39587697517608,20.74255961481461,142.292524210612,138.51520818074545,16.40999984741211,7.185645755991119
298,2021-09-07,AAPL,154.97000122070312,157.25999450683594,154.38999938964844,154.89794921875,82278300.0,1.0,2.4222660546597865,154.16440994596138,142.20088546419487,65.23108070641715,218.00346609378207,36.88529086476521,146.91891835530598,142.41995900472006,18.139999389648438,36.752375342522335
298,2021-09-07,AMGN,223.0,224.94000244140625,219.52000427246094,207.2657012939453,3281800.0,1.0,-2.79445854116301,216.1299213111562,205.86345942614847,40.55680178924572,-92.00138014330426,39.62886513914769,214.29539133707684,220.32961400349936,18.139999389648438,36.752375342522335
298,2021-09-07,AXP,158.8699951171875,160.66000366210938,158.57000732421875,154.99163818359375,3779000.0,1.0,-1.6148869095316627,166.3097736998686,152.3478648499361,45.72475858980474,-124.54636823825709,18.03155793894598,161.3241170247396,162.08999354044596,18.139999389648438,36.752375342522335
298,2021-09-07,BA,215.91000366210938,216.7100067138672,212.1699981689453,214.24000549316406,13196100.0,1.0,-3.100922658431273,239.14845446022767,206.01654492942075,43.704999445405235,-111.38310915173115,27.589084782037222,224.6066670735677,229.37716674804688,18.139999389648438,36.752375342522335
298,2021-09-07,CAT,210.0399932861328,210.33999633789062,207.85000610351562,199.29600524902344,2641100.0,1.0,-0.619599495475569,212.03806840205914,194.35521773075334,46.33760630828507,-45.59863916423802,14.082499033750489,201.92705688476562,202.72941716512045,18.139999389648438,36.752375342522335
298,2021-09-07,CRM,266.5400085449219,267.8999938964844,264.07000732421875,265.2099914550781,4672500.0,1.0,5.544619157949455,274.98045004618064,240.27754861104597,60.748509523496786,95.17713522315245,31.755752288418073,253.42166595458986,248.7134994506836,18.139999389648438,36.752375342522335
298,2021-09-07,CSCO,59.2400016784668,59.369998931884766,58.75,55.01853942871094,15503600.0,1.0,1.0256563315045213,56.979754428697994,51.19876386659009,63.6829702017034,83.67919535875313,30.36986824143983,53.336897404988605,51.57628135681152,18.139999389648438,36.752375342522335
298,2021-09-07,CVX,97.0199966430664,97.9800033569336,96.73999786376953,90.04763793945312,9237800.0,1.0,-0.7010601518081785,94.78507282520422,87.092389180411,46.220458406645776,-65.82591413261633,20.098192401083935,91.57066396077474,93.24326820373535,18.139999389648438,36.752375342522335
298,2021-09-07,DIS,181.02000427246094,185.5500030517578,180.0500030517578,184.33999633789062,10702900.0,1.0,1.4540225888260352,184.66483422414998,173.00116461618202,56.1165304733074,156.99368842630682,28.487353980022657,178.04366760253907,177.4110003153483,18.139999389648438,36.752375342522335
298,2021-09-07,GS,411.0,414.7300109863281,409.6400146484375,388.6227722167969,1557000.0,1.0,7.175760033123993,399.5944049129476,372.47469603920086,59.65266689634191,63.056110394012485,26.76561784974784,377.37266235351564,362.46109364827475,18.139999389648438,36.752375342522335
298,2021-09-07,HD,331.0299987792969,332.55999755859375,326.8999938964844,312.9917907714844,2555200.0,1.0,0.6939148748722914,319.37424543530267,301.1994301018067,54.36674890993104,42.34347221711626,7.856306196262667,310.6632364908854,305.60462341308596,18.139999389648438,36.752375342522335
298,2021-09-07,HON,227.6999969482422,227.6999969482422,222.77000427246094,214.0260772705078,3222400.0,1.0,-0.08911040251254576,225.68329678703034,216.42599581550874,45.94120720627454,-282.3637996538419,17.753844586897607,220.99982350667318,216.74707743326823,18.139999389648438,36.752375342522335
298,2021-09-07,IBM,133.50860595703125,133.64244079589844,131.70172119140625,119.56511688232422,3436110.0,1.0,-0.4323807890354914,124.47044428343801,118.55175496582956,46.35881006905451,-112.62378932195067,14.657484015575792,121.68726959228516,122.13715451558431,18.139999389648438,36.752375342522335
298,2021-09-07,INTC,53.56999969482422,53.95000076293945,53.439998626708984,50.24140548706055,13915000.0,1.0,-0.09740085612446592,51.18807312892544,48.85833228184116,46.916650021317636,29.328592513846388,1.105815553991429,50.04120953877767,51.10461349487305,18.139999389648438,36.752375342522335
298,2021-09-07,JNJ,174.35000610351562,175.02999877929688,171.6699981689453,163.19935607910156,6859900.0,1.0,0.5324288370501904,169.38383627565472,161.94044045774373,52.19281754339841,-51.66033652856322,17.17589731381747,164.72541249593098,160.93208872477214,18.139999389648438,36.752375342522335
298,2021-09-07,JPM,159.99000549316406,161.3800048828125,158.9600067138672,148.9735107421875,9285600.0,1.0,1.230983244977665,153.37959102580655,144.36806522419343,53.287140103168916,58.51377623222602,18.91280094274867,147.00788167317708,144.9986483256022,18.139999389648438,36.752375342522335
298,2021-09-07,KO,56.599998474121094,56.689998626708984,55.5099983215332,52.034698486328125,20035300.0,1.0,-0.013401427395713483,53.84162316525682,51.81863417422072,48.991021350678146,-125.01473228113817,12.822659698951261,52.909889475504556,52.16711508433024,18.139999389648438,36.752375342522335
298,2021-09-07,MCD,238.61000061035156,238.61000061035156,235.9499969482422,226.00233459472656,1820000.0,1.0,0.43565046308623323,230.2973038723364,223.1157134006128,51.09827953899987,-34.60487147872119,16.091525219160737,227.08246154785155,225.17033309936522,18.139999389648438,36.752375342522335
298,2021-09-07,MMM,192.9199981689453,194.57000732421875,185.55999755859375,169.1473388671875,5882300.0,1.0,-1.399460612509614,184.2624434590963,172.29636543982951,38.563562829376046,-247.30162229551667,40.40020524373665,178.6827194213867,179.00086034138997,18.139999389648438,36.752375342522335
298,2021-09-07,MRK,76.58999633789062,76.87000274658203,75.16999816894531,70.81597137451172,13979500.0,1.0,-0.06367996921611052,73.82429840462399,69.72949187857913,48.4603173320832,-63.83140510143358,15.900149766206514,71.59949849446615,71.7531297047933,18.139999389648438,36.752375342522335
298,2021-09-07,MSFT,301.010009765625,301.0899963378906,298.20001220703125,294.8384704589844,17180400.0,1.0,4.4088419976650925,304.11101309196346,280.31293710334904,63.923410223408226,61.44764254809102,25.418187009638466,288.5904917399088,278.2650281270345,18.139999389648438,36.752375342522335
298,2021-09-07,NKE,163.6999969482422,163.86000061035156,161.91000366210938,159.1066436767578,5648800.0,1.0,-0.22462657404480524,170.1831016028101,158.36205220578364,52.94547028021748,-141.77577691669703,22.649693479201435,164.69131927490236,156.17717412312825,18.139999389648438,36.752375342522335
298,2021-09-07,PG,144.32000732421875,144.5,143.2899932861328,136.58193969726562,6520600.0,1.0,0.7385177285689224,138.3653560637206,134.7775821687013,57.43382134388201,58.585433254338085,19.940506065166897,135.95855814615885,132.44632873535156,18.139999389648438,36.752375342522335
298,2021-09-07,TRV,158.9499969482422,159.4600067138672,156.64999389648438,150.15225219726562,1032200.0,1.0,1.5190798141127573,155.15966984863152,147.37717249755988,53.16813795069696,32.94849434740438,6.023108220265542,148.4106435139974,146.04100392659504,18.139999389648438,36.752375342522335
298,2021-09-07,UNH,420.29998779296875,422.260009765625,417.5799865722656,408.37255859375,1920300.0,1.0,1.8827274751643586,418.1109409839823,393.6036067455099,54.586641387033396,48.064247030715855,10.985351341220406,404.5098897298177,399.4532740275065,18.139999389648438,36.752375342522335
298,2021-09-07,V,226.74000549316406,228.0,225.86000061035156,222.88394165039062,9662600.0,1.0,-3.1147548553773277,234.85390140323793,221.37165401668395,43.46751969049529,-113.14629140624106,34.981482233215274,231.66686604817707,233.2716028849284,18.139999389648438,36.752375342522335
298,2021-09-07,VZ,55.380001068115234,55.5,54.79999923706055,47.850341796875,15500900.0,1.0,-0.16577981344106973,49.03380918463871,47.51006250420406,44.06987669894149,-75.8390949925617,21.034204808228697,48.363586807250975,48.569713020324706,18.139999389648438,36.752375342522335
298,2021-09-07,WBA,51.11000061035156,51.349998474121094,50.70000076293945,46.10435485839844,3355100.0,1.0,0.7577475269809781,46.59706229986335,42.186824037416926,56.03591299322881,156.22716072811053,21.569458043823804,43.632729593912764,43.916863123575844,18.139999389648438,36.752375342522335
298,2021-09-07,WMT,148.97000122070312,149.1699981689453,147.05999755859375,142.76815795898438,8448400.0,1.0,0.9787212275907109,146.9440951897412,141.86253627998533,55.14591867337125,19.451101899546693,12.148333922415896,142.45936228434246,138.62889149983724,18.139999389648438,36.752375342522335
299,2021-09-08,AAPL,156.97999572753906,157.0399932861328,153.97999572753906,153.33602905273438,74420200.0,2.0,2.4948002342738675,154.70608396362346,142.59933595825154,62.738548887572,172.60058250702923,33.79716449605067,147.2009735107422,142.82898025512696,17.959999084472656,14.530828546079135
299,2021-09-08,AMGN,221.3300018310547,222.2899932861328,220.10000610351562,206.82557678222656,2140400.0,2.0,-2.872866334669226,216.18742613799492,205.30561127655585,40.24068378828874,-100.46422601492876,39.6288651391477,213.6107157389323,220.04132614135742,17.959999084472656,14.530828546079135
299,2021-09-08,AXP,159.19000244140625,159.25999450683594,156.8000030517578,154.22500610351562,3056700.0,2.0,-1.819277213465682,165.71155917785143,151.92133877136735,45.08004041261469,-139.41499448526278,23.728728016298753,160.87094167073568,162.01796264648436,17.959999084472656,14.530828546079135
299,2021-09-08,BA,213.60000610351562,216.0800018310547,210.50999450683594,211.3800048828125,8877600.0,2.0,-3.4993171830141137,237.42226007519324,205.3027399248068,42.52467114109301,-119.93509496142102,30.579012377277365,224.24366709391276,228.81450017293295,17.959999084472656,14.530828546079135
299,2021-09-08,CAT,207.1199951171875,208.1199951171875,204.77000427246094,197.8986358642578,2603100.0,2.0,-0.8638652640310909,211.9558576364003,193.73874838166608,45.451045531899155,-89.21467910641896,21.831162437544823,201.82719980875652,202.55281778971354,17.959999084472656,14.530828546079135
299,2021-09-08,CRM,263.6199951171875,264.3399963378906,261.5799865722656,262.6199951171875,3851500.0,2.0,5.1175400704083245,274.7069652447822,242.47403298519822,58.68036804059754,67.20314234622174,24.09827687529328,254.05866597493488,248.98616612752278,17.959999084472656,14.530828546079135
299,2021-09-08,CSCO,58.54999923706055,58.93000030517578,58.4900016784668,54.83165740966797,13124500.0,2.0,0.9480034691579675,56.95896800085357,51.50641705468842,62.57315489406751,65.5294667176408,24.17875213585317,53.44279823303223,51.65235945383708,17.959999084472656,14.530828546079135
299,2021-09-08,CVX,97.5,98.47000122070312,96.3499984741211,89.42605590820312,10775900.0,2.0,-0.7286474445856754,94.4503915636086,87.0251630933738,45.31836454444375,-66.92948149966874,16.092877551067154,91.48155059814454,93.0864210764567,17.959999084472656,14.530828546079135
299,2021-09-08,DIS,184.33999633789062,187.4600067138672,183.9199981689453,185.14999389648438,8634000.0,2.0,1.7170395815312816,185.6455601366107,172.82843736094787,56.83193179632584,193.96147369326752,33.25452656653386,178.23200073242188,177.52716700236002,17.959999084472656,14.530828546079135
299,2021-09-08,GS,409.2200012207031,410.9800109863281,404.70001220703125,383.5841064453125,1646200.0,2.0,6.315658771807193,399.57581287649174,372.39884227487545,57.09124271167592,35.89030920849118,15.501665009634566,378.38205973307294,362.99595336914064,17.959999084472656,14.530828546079135
299,2021-09-08,HD,328.95001220703125,331.92999267578125,327.6300048828125,315.494140625,2219500.0,2.0,1.0576280663874513,319.6264129819559,301.11632078269247,55.81581920625811,57.83540659737337,7.856306196262683,310.8527557373047,305.982438659668,17.959999084472656,14.530828546079135
299,2021-09-08,HON,222.75,224.89999389648438,221.82000732421875,215.4373779296875,2428600.0,2.0,-0.44673511665249066,225.98884121541508,215.49073489542477,47.394744423763555,-266.125152606778,21.212116099789995,220.83836771647137,216.78093999226888,17.959999084472656,14.530828546079135
299,2021-09-08,IBM,132.06500244140625,132.97323608398438,131.5487518310547,120.0934066772461,3122728.0,2.0,-0.46132665477951207,124.38391534112749,118.40358923650923,47.45840033784204,-109.31296664797006,15.890235063882919,121.61639200846354,121.99783223470052,17.959999084472656,14.530828546079135
299,2021-09-08,INTC,53.72999954223633,53.91999816894531,52.9900016784668,50.16647720336914,18235100.0,2.0,-0.09142210949117668,51.1502033378243,48.86155241473917,46.645070435833134,-3.419116347260437,8.712671691596586,50.06410128275554,51.03836936950684,17.959999084472656,14.530828546079135
299,2021-09-08,JNJ,171.6199951171875,172.97999572753906,171.0800018310547,162.8015594482422,4661700.0,2.0,0.3224521471049684,169.45262204721766,161.79176577016514,51.43868707430769,-93.19982552052687,21.025004447796622,164.7336176554362,161.05058110555012,17.959999084472656,14.530828546079135
299,2021-09-08,JPM,158.88999938964844,159.5800018310547,158.0399932861328,148.3091278076172,7852700.0,2.0,1.0732775557499963,153.3503887571733,144.32615543227982,52.40290606686037,30.472539625403467,12.654430603927258,147.22777150472004,145.02723083496093,17.959999084472656,14.530828546079135
299,2021-09-08,KO,55.61000061035156,56.47999954223633,55.61000061035156,52.7357177734375,12040100.0,2.0,-0.006105227075373421,53.817034156181656,51.8077037741162,52.87400024814795,-80.79229709376895,12.822659698951252,52.88371760050456,52.180668131510416,17.959999084472656,14.530828546079135
299,2021-09-08,MCD,236.8000030517578,239.4600067138672,236.0,228.3275146484375,2718400.0,2.0,0.49850442730979694,229.96434653089537,224.0651670189093,53.51833739985525,9.144013766697821,10.794140163502734,226.87875162760417,225.21709391276042,17.959999084472656,14.530828546079135
299,2021-09-08,MMM,185.63999938964844,188.39999389648438,185.02000427246094,171.25279235839844,3657300.0,2.0,-1.7135550005836535,184.50437246533292,171.15660775927645,41.54517329111096,-250.1428686990631,41.870541705881664,178.346657816569,178.8194122314453,17.959999084472656,14.530828546079135
299,2021-09-08,MRK,75.97000122070312,75.97000122070312,74.80000305175781,70.23811340332031,8243000.0,2.0,-0.16545373723538148,73.80562209953442,69.7640129102312,46.57677171356716,-104.39484161325423,20.35779693082683,71.52213973999024,71.7517318725586,17.959999084472656,14.530828546079135
299,2021-09-08,MSFT,299.7799987792969,300.6099853515625,297.4700012207031,294.8679504394531,15046800.0,2.0,4.104206148668709,303.57338938433963,282.2568138627307,63.94269389535227,53.144588952632624,21.569506730560093,289.05597635904945,278.9331990559896,17.959999084472656,14.530828546079135
299,2021-09-08,NKE,162.0,162.08999633789062,159.75,157.21856689453125,6591700.0,2.0,-0.6006577766300438,170.1084145749254,157.3336188113051,50.50158632456517,-180.0041942706416,31.82948011055098,164.57428843180338,156.65924199422201,17.959999084472656,14.530828546079135
299,2021-09-08,PG,143.0800018310547,144.94000244140625,143.00999450683594,137.61932373046875,6897800.0,2.0,0.7755396978411113,138.4456920782457,134.91900060974257,59.455657071513215,79.79886671622283,23.76040830769902,136.07752431233723,132.61340713500977,17.959999084472656,14.530828546079135
299,2021-09-08,TRV,157.39999389648438,159.8300018310547,156.9600067138672,151.0467071533203,1328600.0,2.0,1.3760852300926274,154.74710032646163,148.21983387763993,54.29204741198797,38.570288813225474,8.864148458512126,148.7075215657552,146.12806930541993,17.959999084472656,14.530828546079135
299,2021-09-08,UNH,421.19000244140625,422.8699951171875,414.20001220703125,402.70123291015625,2262500.0,2.0,1.3771847860631965,417.98191474494206,394.0826055187298,51.41709698847817,5.348308525110944,18.032191294814798,404.5192606608073,399.73904673258465,17.959999084472656,14.530828546079135
299,2021-09-08,V,227.3800048828125,230.22000122070312,227.0399932861328,225.66171264648438,10652600.0,2.0,-2.9150544911285863,233.864792405726,221.50812324368803,46.07741679227244,-84.80089851341441,24.035430140021667,230.96097666422526,233.19491271972657,17.959999084472656,14.530828546079135
299,2021-09-08,VZ,54.790000915527344,55.09000015258789,54.790000915527344,47.92890167236328,11835900.0,2.0,-0.167952254594411,49.020101218403745,47.47401766282184,44.807629298828225,-93.1305358318699,21.347151193128184,48.32605374654134,48.54593073527018,17.959999084472656,14.530828546079135
299,2021-09-08,WBA,51.25,51.40999984741211,50.880001068115234,46.18571853637695,2823700.0,2.0,0.790862215920221,46.82017990446165,42.24686416292116,56.277496001218005,148.96549134996653,22.275504032756217,43.7751574198405,43.87453670501709,17.959999084472656,14.530828546079135
299,2021-09-08,WMT,146.9499969482422,148.32000732421875,146.72999572753906,142.9523468017578,6502800.0,2.0,0.849885069481445,146.9707267196267,141.77048269199437,55.46736651270087,6.754170085298591,8.89333879251071,142.63201802571615,138.74870325724285,17.959999084472656,14.530828546079135
300,2021-09-09,AAPL,155.49000549316406,156.11000061035156,153.9499969482422,152.30792236328125,57305700.0,3.0,2.4411840267299567,154.9384241408418,143.17860619363086,61.14755738434008,139.58451526106944,33.56149731730908,147.50765533447264,143.23468577067058,18.799999237060547,14.160682972514696
300,2021-09-09,AMGN,220.5,220.64999389648438,215.41000366210938,201.87196350097656,3273600.0,3.0,-3.29671775845992,216.93278797391045,203.54874889132392,36.892612217367635,-149.9773153491735,49.66485871482924,212.77423858642578,219.69123102823895,18.799999237060547,14.160682972514696
300,2021-09-09,AXP,158.77999877929688,162.14999389648438,158.5399932861328,154.67138671875,3295800.0,3.0,-1.9230708530709535,164.60639929197137,151.93188958742317,45.54254646248995,-101.54748872495786,10.34293328240467,160.5270975748698,161.91368865966797,18.799999237060547,14.160682972514696
300,2021-09-09,BA,211.14999389648438,216.61000061035156,210.72000122070312,213.94000244140625,9242800.0,3.0,-3.567355057337778,233.99408341290248,206.17591628192176,43.92691275899138,-102.62597049406459,28.76440785465203,223.65600026448567,228.2711669921875,18.799999237060547,14.160682972514696
300,2021-09-09,CAT,206.5,208.14999389648438,204.89999389648438,196.60655212402344,2777900.0,3.0,-1.1484691672310703,210.460842193551,193.6794394836951,44.63418997198817,-89.47880834417677,21.71687138186063,201.63514251708983,202.3475430806478,18.799999237060547,14.160682972514696
300,2021-09-09,CRM,261.82000732421875,263.7099914550781,260.45001220703125,260.739990234375,4126500.0,3.0,4.574642503245286,273.6951518396983,245.3318455357899,57.21765951750206,53.615171592683524,20.695477504948244,254.6179987589518,249.28883260091146,18.799999237060547,14.160682972514696
300,2021-09-09,CSCO,58.45000076293945,58.939998626708984,58.25,54.75690460205078,14958800.0,3.0,0.8703976867214536,56.91974157064611,51.80167413980311,62.125154772662846,56.63514385032545,18.62024742277571,53.56209233601888,51.73306865692139,18.799999237060547,14.160682972514696
300,2021-09-09,CVX,95.88999938964844,97.62000274658203,95.3499984741211,89.0642318725586,10219400.0,3.0,-0.7708212016612208,93.89665465200981,87.07032532845894,44.79193587747284,-85.12144746402605,21.783601440206194,91.36298344930013,92.8879950205485,18.799999237060547,14.160682972514696
300,2021-09-09,DIS,185.14999389648438,187.5800018310547,184.57000732421875,185.91000366210938,7190700.0,3.0,1.9641671829708969,186.66529277628717,172.59070545369332,57.50436907753442,182.96066331926633,33.55200329040908,178.45900065104166,177.69466705322264,18.799999237060547,14.160682972514696
300,2021-09-09,GS,404.6700134277344,408.8800048828125,403.510009765625,383.186279296875,2424600.0,3.0,5.538081443871079,399.1400625336744,372.14237460011464,56.89171519798463,25.139722996733898,12.917995902782692,379.39736124674477,363.5496317545573,18.799999237060547,14.160682972514696
300,2021-09-09,HD,332.45001220703125,333.7300109863281,330.8699951171875,315.6748962402344,3011900.0,3.0,1.3449550539306188,318.9029892669627,301.50431664124045,55.920414602776106,87.76652279769382,12.25944144728239,311.10320536295575,306.40854797363284,18.799999237060547,14.160682972514696
300,2021-09-09,HON,223.91000366210938,224.97999572753906,222.3300018310547,214.0260772705078,1937900.0,3.0,-0.83441681003967,226.06338264292617,214.42540977650742,46.11212386816435,-230.81767934788658,20.755038272872074,220.62572428385417,216.8019587198893,18.799999237060547,14.160682972514696
300,2021-09-09,IBM,131.7877655029297,132.8489532470703,131.51051330566406,119.28799438476562,3669682.0,3.0,-0.5429971694517093,124.22305592660064,118.18425761099701,45.972134676999524,-116.27380104235371,16.213637773734458,121.54663645426432,121.85464769999186,18.799999237060547,14.160682972514696
300,2021-09-09,INTC,53.65999984741211,53.88999938964844,53.34000015258789,50.00728988647461,13495800.0,3.0,-0.0983947622288639,51.06800462749488,48.87445371601098,46.059105590554886,3.8538783790656828,8.712671691596574,50.08509839375814,50.97257340749105,18.799999237060547,14.160682972514696
300,2021-09-09,JNJ,171.19000244140625,171.47999572753906,167.6999969482422,159.17431640625,7114600.0,3.0,-0.1350868942031127,170.13015563713537,160.66879455817713,45.268845944449666,-193.92373836158504,38.5217245311202,164.63597920735677,161.12242787679037,18.799999237060547,14.160682972514696
300,2021-09-09,JPM,158.27000427246094,160.8300018310547,158.0800018310547,148.9547576904297,7904300.0,3.0,0.9889911225822914,153.16398407565575,144.32822478664892,53.183866037979016,41.687102553616114,18.856888834974104,147.46138458251954,145.10363210042317,18.799999237060547,14.160682972514696
300,2021-09-09,KO,56.18000030517578,56.41999816894531,55.79999923706055,52.21229934692383,12545400.0,3.0,-0.042073432049704707,53.805458819241395,51.7379608279754,49.937771682304195,-97.12539670739642,12.822659698951256,52.856300099690756,52.18767846425374,18.799999237060547,14.160682972514696
300,2021-09-09,MCD,238.4199981689453,241.42999267578125,237.77000427246094,228.31793212890625,2992200.0,3.0,0.5413036065273786,229.89865361067302,224.54654902604574,53.50704830853913,59.72798821614307,0.45886216886230574,226.81968892415364,225.27368748982747,18.799999237060547,14.160682972514696
300,2021-09-09,MMM,187.5399932861328,188.50999450683594,185.05999755859375,169.3022918701172,3038500.0,3.0,-2.095708135597647,184.51426720413528,169.8439786454741,39.69877392142141,-231.16163595101096,41.11247434044624,178.01161142985026,178.61676228841145,18.799999237060547,14.160682972514696
300,2021-09-09,MRK,75.19000244140625,75.19000244140625,73.5999984741211,68.80277252197266,14628700.0,3.0,-0.3578056344835119,74.030734116567,69.40934767054236,42.34741782272629,-177.14558380832864,32.72123082642668,71.38202336629232,71.72252820332845,18.799999237060547,14.160682972514696
300,2021-09-09,MSFT,300.82000732421875,302.1400146484375,297.0,291.96063232421875,19927000.0,3.0,3.5868369455483844,302.62500469809845,284.270722840964,60.63607633921251,43.03003634048244,26.614880753555813,289.4350056966146,279.5779141743978,18.799999237060547,14.160682972514696
300,2021-09-09,NKE,165.25999450683594,166.14999389648438,163.1999969482422,159.7914276123047,8414800.0,3.0,-0.6831815643986374,169.73474708276487,156.9591158322742,53.5256110622912,-97.07818547775389,6.446768738900145,164.51404520670573,157.2016081492106,18.799999237060547,14.160682972514696
300,2021-09-09,PG,144.57000732421875,144.8800048828125,143.64999389648438,137.03875732421875,6354700.0,3.0,0.7493944653154472,138.4590479531941,135.03602803557544,57.864443109643865,75.15979104350299,23.76040830769902,136.24344126383463,132.77490781148273,18.799999237060547,14.160682972514696
300,2021-09-09,TRV,158.00999450683594,159.6199951171875,157.38999938964844,151.14239501953125,1161800.0,3.0,1.2560037734772322,154.59306039405433,148.62417898582848,54.413121556351356,36.942920470531,8.864148458512135,149.0887873331706,146.19500300089518,18.799999237060547,14.160682972514696
300,2021-09-09,UNH,415.3399963378906,420.2200012207031,413.92999267578125,401.8868713378906,3508500.0,3.0,0.900446601816725,417.39123023570596,395.3334920543331,50.97740943826161,-17.010090404244824,18.582613003906868,404.6931162516276,399.9932159423828,18.799999237060547,14.160682972514696
300,2021-09-09,V,229.30999755859375,230.0,227.10000610351562,224.08563232421875,5853000.0,3.0,-2.8511013027824674,233.47147326342497,221.1872868073758,44.861771347185815,-90.91859373215524,24.03543014002166,230.33338267008463,233.10998865763347,18.799999237060547,14.160682972514696
300,2021-09-09,VZ,54.83000183105469,54.869998931884766,54.43000030517578,47.518653869628906,19403300.0,3.0,-0.2004666442677845,49.02541832530088,47.370066980485255,41.82711239463112,-149.15862369491046,31.756676577368737,48.288811365763344,48.51372845967611,18.799999237060547,14.160682972514696
300,2021-09-09,WBA,50.90999984741211,50.95000076293945,50.11000061035156,45.71562957763672,4368500.0,3.0,0.7702941240395447,46.94067013996179,42.247042720145636,54.48795533331766,105.98265447439158,8.83515731434578,43.893261973063154,43.82721029917399,18.799999237060547,14.160682972514696
300,2021-09-09,WMT,147.4600067138672,147.61000061035156,145.83999633789062,141.94410705566406,7442900.0,3.0,0.6588303781748834,147.025342729641,141.42115995590586,53.30418193143574,-24.26477898531484,0.48525714348991833,142.78973948160808,138.86072591145833,18.799999237060547,14.160682972514696
301,2021-09-10,AAPL,155.0,155.47999572753906,148.6999969482422,147.26625061035156,140893200.0,4.0,1.9691726242697598,154.93718407922125,143.1877518338647,54.177846433672954,43.044513114144664,0.45901713032699937,147.62456563313802,143.54797337849934,20.950000762939453,19.12446740971367
301,2021-09-10,AMGN,216.5,216.99000549316406,213.5500030517578,200.1583251953125,2217800.0,4.0,-3.7279261432667568,217.65160630845324,201.6452076563905,35.825901095246294,-180.16664831678185,52.978683436896304,211.936083984375,219.31675694783527,20.950000762939453,19.12446740971367
301,2021-09-10,AXP,161.1699981689453,161.4600067138672,158.38999938964844,154.02122497558594,2943700.0,4.0,-2.0343400732639907,163.89107294745628,151.69622563652808,44.971899146984605,-103.6086654950812,10.877865462251892,160.09915313720703,161.8242276509603,20.950000762939453,19.12446740971367
301,2021-09-10,BA,215.16000366210938,215.88999938964844,210.1199951171875,210.3000030517578,6959700.0,4.0,-3.8703777870238127,230.37454779534067,207.0074529370812,42.40515657461777,-112.89470964709628,29.942575979336638,222.94500020345052,227.73833363850912,20.950000762939453,19.12446740971367
301,2021-09-10,CAT,207.10000610351562,207.8800048828125,204.82000732421875,196.21412658691406,2551200.0,4.0,-1.389666066804125,209.04693178635645,193.63568997878028,44.38357126065918,-87.46865226852927,21.925627665493362,201.39427235921224,202.17222112019857,20.950000762939453,19.12446740971367
301,2021-09-10,CRM,261.0,261.5899963378906,256.5,257.20001220703125,5280900.0,4.0,3.8147713187767636,273.1971169123616,246.710881744865,54.56812931423787,25.80508510359397,9.4780988061172,255.0566660563151,249.53566614786783,20.950000762939453,19.12446740971367
301,2021-09-10,CSCO,58.75,58.95000076293945,57.81999969482422,54.09346389770508,13622100.0,4.0,0.7467523287767008,56.87141753241541,51.990160836725224,58.29332035487144,37.49345047021154,9.253988323311498,53.64992752075195,51.80766951243083,20.950000762939453,19.12446740971367
301,2021-09-10,CVX,97.5999984741211,97.69999694824219,95.88999938964844,89.12915802001953,11006000.0,4.0,-0.7898997380151513,93.28332366885955,87.20079803524202,44.910725317246836,-73.45095886628025,21.081389375009,91.20416666666667,92.7002628326416,20.950000762939453,19.12446740971367
301,2021-09-10,DIS,186.36000061035156,187.10000610351562,184.00999450683594,184.1199951171875,5572200.0,4.0,1.992609298088297,187.18399770166363,172.5550007114223,55.401697569651425,143.99922414868476,30.64711729772834,178.65133361816407,177.85233357747396,20.950000762939453,19.12446740971367
301,2021-09-10,GS,408.0,409.7900085449219,403.1600036621094,382.14447021484375,1956000.0,4.0,4.782649121207783,398.5150859439966,371.8663380061987,56.358126257959775,20.107734789035476,14.481742841785595,380.2736297607422,364.0906595865885,20.950000762939453,19.12446740971367
301,2021-09-10,HD,334.0,335.2300109863281,331.45001220703125,315.8462219238281,3178600.0,4.0,1.5684086735867027,318.83365976198996,301.5374553503147,56.02249216984614,95.5266574877436,15.841814450681383,311.2990966796875,306.89541880289715,20.950000762939453,19.12446740971367
301,2021-09-10,HON,222.97000122070312,225.19000244140625,222.2100067138672,213.48843383789062,2357900.0,4.0,-1.171535939824878,226.21431785191578,213.3556940499397,45.62552184255307,-203.79661082766805,19.49066574857723,220.31897888183593,216.86995747884114,20.950000762939453,19.12446740971367
301,2021-09-10,IBM,132.71510314941406,133.2409210205078,130.9751434326172,118.66443634033203,4157955.0,4.0,-0.6505385600533913,123.88279169178524,118.00057088756047,44.847267549587585,-119.5015174753756,20.7728296367355,121.45152842203775,121.72290293375652,20.950000762939453,19.12446740971367
301,2021-09-10,INTC,53.849998474121094,54.97999954223633,53.810001373291016,50.41933059692383,20324700.0,4.0,-0.0698670145404563,51.09814468055427,48.87240814537347,47.81448384088074,110.67024103886925,10.369748209839281,50.10029131571452,50.92558523813884,20.950000762939453,19.12446740971367
301,2021-09-10,JNJ,168.5500030517578,169.08999633789062,166.8699951171875,158.1325225830078,6699300.0,4.0,-0.5751242612506928,170.80027977566778,159.3172464694494,43.7110737074191,-228.6551712027074,41.90054054884189,164.5036142985026,161.17785263061523,20.950000762939453,19.12446740971367
301,2021-09-10,JPM,160.55999755859375,160.72000122070312,157.22000122070312,147.24240112304688,8311600.0,4.0,0.775085944524875,152.82182101377234,144.25586911073938,50.8927953969054,16.746383152970964,12.95771351629047,147.59737243652344,145.13459320068358,20.950000762939453,19.12446740971367
301,2021-09-10,KO,56.0099983215332,56.130001068115234,55.52000045776367,51.97862243652344,10573700.0,4.0,-0.0884150734484237,53.79143180391849,51.63702011563718,48.68904049621794,-133.4042802566647,19.07108887702578,52.811434809366865,52.20232219696045,20.950000762939453,19.12446740971367
301,2021-09-10,MCD,240.32000732421875,241.32000732421875,239.0399932861328,228.86334228515625,2035200.0,4.0,0.6121755274211864,230.0025500118473,224.8063046634457,54.077408914287425,93.16545831033613,0.4588621688623116,226.70775146484374,225.35158411661783,20.950000762939453,19.12446740971367
301,2021-09-10,MMM,186.86000061035156,187.22999572753906,184.5,168.2085418701172,2231500.0,4.0,-2.4584838609151802,184.43996183774533,168.51883638002812,38.701021576881104,-222.7565767458427,42.776443060250706,177.64342447916667,178.45166397094727,20.950000762939453,19.12446740971367
301,2021-09-10,MRK,73.9800033569336,74.20999908447266,73.12000274658203,68.45792388916016,11084500.0,4.0,-0.5319404234409291,74.3135304724396,68.88515498288268,41.4127960232914,-199.72452279766983,36.90898812161072,71.27390772501627,71.67344093322754,20.950000762939453,19.12446740971367
301,2021-09-10,MSFT,298.4200134277344,299.9200134277344,295.3800048828125,290.4480285644531,19633400.0,4.0,3.0199515212927963,301.9703539749029,285.5592663864253,58.99413457095824,21.2617222678158,18.021810770472076,289.7544657389323,280.2134302775065,20.950000762939453,19.12446740971367
301,2021-09-10,NKE,164.25,165.66000366210938,163.44000244140625,160.03598022460938,4252100.0,4.0,-0.7205429382853481,169.36743032077288,156.6642484511998,53.80312572686721,-92.9062699150223,6.446768738900141,164.41214447021486,157.74625968933105,20.950000762939453,19.12446740971367
301,2021-09-10,PG,144.05999755859375,144.4600067138672,143.32000732421875,137.17201232910156,5750000.0,4.0,0.7310002297909364,138.49223621251983,135.1151429378708,58.130508246023275,54.83293263438005,18.89874098018143,136.39095815022787,132.96810620625814,20.950000762939453,19.12446740971367
301,2021-09-10,TRV,158.72999572753906,158.89999389648438,156.32000732421875,149.6114501953125,920500.0,4.0,1.0254827742143675,154.5080561299763,148.77975362344165,52.12776145477424,11.482340688131174,1.0236519154754384,149.3536824544271,146.26544265747071,20.950000762939453,19.12446740971367
301,2021-09-10,UNH,415.55999755859375,416.0,402.5899963378906,392.94635009765625,4215800.0,4.0,-0.19653169391432357,417.51272808643813,395.15070575145245,46.464783287065295,-139.7980468721361,37.44163110838608,404.47491760253905,400.1471552530924,20.950000762939453,19.12446740971367
301,2021-09-10,V,229.85000610351562,230.0399932861328,224.82000732421875,221.54428100585938,6715400.0,4.0,-2.9712332255966203,233.62984198478367,220.35121575447417,42.97072947019964,-114.59284766958164,30.63662186969987,229.5889434814453,233.03812357584636,20.950000762939453,19.12446740971367
301,2021-09-10,VZ,54.560001373291016,54.66999816894531,54.220001220703125,47.335357666015625,15944100.0,4.0,-0.23827828040532495,49.02901611262412,47.24339637822061,40.579508091577786,-171.1391202107222,36.95922216571848,48.23789431254069,48.48782234191894,20.950000762939453,19.12446740971367
301,2021-09-10,WBA,50.810001373291016,50.849998474121094,49.439998626708984,44.703147888183594,5550100.0,4.0,0.664633471424068,46.95931669417195,42.28362420853801,50.88292239666444,66.12924903211218,1.2599967001953982,43.97970593770345,43.77688471476237,20.950000762939453,19.12446740971367
301,2021-09-10,WMT,147.1999969482422,147.24000549316406,145.42999267578125,141.43031311035156,5258400.0,4.0,0.4606492041271508,147.13194810477142,141.0072456208145,52.23037161340205,-44.854758725542226,3.1956282865560257,142.9245391845703,139.01006444295248,20.950000762939453,19.12446740971367
302,2021-09-13,AAPL,150.6300048828125,151.4199981689453,148.75,147.83963012695312,102404300.0,0.0,1.6226620837888959,154.93616347684736,143.2332563839925,54.784187326901325,10.181826147968865,0.4590171303269972,147.75334981282552,143.84383697509764,19.3700008392334,22.719600336663586
302,2021-09-13,AMGN,217.05999755859375,219.0500030517578,215.07000732421875,202.93946838378906,2553400.0,0.0,-3.801426405293711,217.45244738800383,200.79558270232818,38.79693777163167,-145.9140761726601,41.91726575438348,211.21913146972656,218.97036056518556,19.3700008392334,22.719600336663586
302,2021-09-13,AXP,160.63999938964844,161.8000030517578,159.75,156.67042541503906,3192500.0,0.0,-1.8870012212848906,163.47164398703484,151.66636107888314,47.73247127702679,-71.0498717160743,9.29774661015998,159.8054458618164,161.8200538635254,19.3700008392334,22.719600336663586
302,2021-09-13,BA,211.35000610351562,215.63999938964844,209.8800048828125,214.47999572753906,10175900.0,0.0,-3.7302351790286252,226.84003428436026,208.54396534942882,44.681723899590914,-94.80613459292967,30.434508670545213,222.5450002034505,227.32600021362305,19.3700008392334,22.719600336663586
302,2021-09-13,CAT,207.16000366210938,207.86000061035156,203.92999267578125,197.35308837890625,2699100.0,0.0,-1.4719439954069458,207.6972267592284,193.80146556254894,45.305640484679756,-85.71536365716474,24.32591013679887,201.37672576904296,202.13821233113606,19.3700008392334,22.719600336663586
302,2021-09-13,CRM,257.0,257.69000244140625,252.19000244140625,254.11000061035156,5258200.0,0.0,2.9294608181757553,273.03017310054537,247.13282586185693,52.37799642520815,-7.760931707190014,1.2290068362110218,255.4626663208008,249.696999613444,19.3700008392334,22.719600336663586
302,2021-09-13,CSCO,58.15999984741211,58.529998779296875,57.72999954223633,54.28969192504883,13553200.0,0.0,0.6570227048898332,56.820680143356284,52.193208406448406,59.06583612781372,29.703548319366263,7.357380978695441,53.734959538777666,51.890799331665036,19.3700008392334,22.719600336663586
302,2021-09-13,CVX,97.20999908447266,98.70999908447266,97.05999755859375,90.89189910888672,11500900.0,0.0,-0.6552280800578245,92.81452675718981,87.42525900941175,48.050161559266506,-27.07199273600412,12.338862502720831,91.12729873657227,92.58157768249512,19.3700008392334,22.719600336663586
302,2021-09-13,DIS,185.1199951171875,185.8000030517578,183.5,184.97999572753906,6818200.0,0.0,2.0607892455377907,187.71509680829905,172.41390099443532,56.197736041124266,123.20673395756903,27.938112025272925,178.95,178.0245002746582,19.3700008392334,22.719600336663586
302,2021-09-13,GS,407.4100036621094,409.3699951171875,403.79998779296875,387.6188049316406,1802800.0,0.0,4.5729821321852455,398.5524901276332,371.8731049651402,58.475180617935514,28.886146707660625,14.481742841785591,381.416259765625,364.8721623738607,19.3700008392334,22.719600336663586
302,2021-09-13,HD,334.95001220703125,337.1499938964844,332.75,319.1763916015625,3908700.0,0.0,1.991260131386241,319.8934459347393,301.0300983767841,57.97919263184533,126.24969792236642,20.294562854068335,311.58200887044273,307.43242797851565,19.3700008392334,22.719600336663586
302,2021-09-13,HON,224.32000732421875,225.7100067138672,222.2100067138672,214.66934204101562,2771400.0,0.0,-1.3281062738537628,226.0749030361458,212.71170279881514,46.898756721725235,-164.05369194968853,16.268345423744915,220.02259114583333,217.00066909790038,19.3700008392334,22.719600336663586
302,2021-09-13,IBM,132.31358337402344,132.87762451171875,131.46270751953125,119.64305877685547,4334729.0,0.0,-0.6493143433940958,123.3386963897953,118.10904988706017,46.954519580141294,-94.84235750009056,20.77282963673551,121.41672490437826,121.6392894744873,19.3700008392334,22.719600336663586
302,2021-09-13,INTC,54.61000061035156,55.4900016784668,54.40999984741211,51.49626922607422,22639200.0,0.0,0.039189624458650485,51.35780920622061,48.75321374299814,52.03487080470512,209.13409918686588,17.603615959518407,50.15076192220052,50.897166379292806,19.3700008392334,22.719600336663586
302,2021-09-13,JNJ,167.9199981689453,168.1199951171875,165.1300048828125,157.02444458007812,6273500.0,0.0,-1.0017224463649654,171.36281180304746,157.86363015251897,42.116415012577136,-248.04200377725613,48.2714917482398,164.33368581136068,161.2024129231771,19.3700008392334,22.719600336663586
302,2021-09-13,JPM,158.52999877929688,160.0500030517578,158.07000732421875,149.58168029785156,10052800.0,0.0,0.7852726942417689,152.81012090600927,144.25634027563137,53.71084685643789,34.625074098848565,12.95771351629046,147.8493881225586,145.27447357177735,19.3700008392334,22.719600336663586
302,2021-09-13,KO,55.7400016784668,56.400001525878906,55.7400016784668,52.4085807800293,20274300.0,0.0,-0.08941637678942982,53.67983590397196,51.64019087520285,51.02029557109746,-72.28178498538315,10.87910643939774,52.781524658203125,52.219769922892254,19.3700008392334,22.719600336663586
302,2021-09-13,MCD,240.8300018310547,241.8000030517578,239.83999633789062,230.80580139160156,2294800.0,0.0,0.8156796046763759,230.58953837050976,224.5726060997051,56.06324020236499,146.33921743468386,3.196305773556809,226.70211791992188,225.488818359375,19.3700008392334,22.719600336663586
302,2021-09-13,MMM,185.3000030517578,187.9199981689453,183.60000610351562,168.8283233642578,5046500.0,0.0,-2.665251687646588,184.14691116729634,167.55130508026227,39.59102348172599,-195.1585996198029,45.42571786744591,177.3028315226237,178.32357915242514,19.3700008392334,22.719600336663586
302,2021-09-13,MRK,73.7699966430664,73.83000183105469,72.86000061035156,68.20626831054688,11245200.0,0.0,-0.6823839034144328,74.5447035052226,68.32404191714068,40.73411060060375,-193.02547028902313,39.103798037208136,71.15926717122396,71.61052843729655,19.3700008392334,22.719600336663586
302,2021-09-13,MSFT,297.54998779296875,298.5400085449219,294.0799865722656,291.7052307128906,23652900.0,0.0,2.641684747505849,301.6518491774412,286.3393678635744,59.927131652089095,12.576336425731474,11.528743991343925,290.16778971354165,280.81238683064777,19.3700008392334,22.719600336663586
302,2021-09-13,NKE,161.55999755859375,162.9199981689453,158.3300018310547,156.05441284179688,8814500.0,0.0,-1.0592212653065758,169.1078634829819,155.76092313811185,48.88650961195126,-165.40952027242935,26.735015028123094,164.1605967203776,158.2486426035563,19.3700008392334,22.719600336663586
302,2021-09-13,PG,144.85000610351562,147.22999572753906,144.85000610351562,138.64718627929688,9952500.0,0.0,0.8259359987854111,138.7782528099926,135.02327917242926,60.95407409470319,192.59113606088403,40.03567270889923,136.50040690104166,133.1668170928955,19.3700008392334,22.719600336663586
302,2021-09-13,TRV,156.97999572753906,159.02999877929688,156.07000732421875,152.04183959960938,1225300.0,0.0,1.0270659577647052,154.32711018831776,149.2914353439088,55.21668273943804,23.422692569232666,3.21912195721633,149.69832255045574,146.4385559082031,19.3700008392334,22.719600336663586
302,2021-09-13,UNH,407.9800109863281,416.80999755859375,406.45001220703125,403.2683410644531,3068200.0,0.0,-0.23034125938465877,417.07152282235955,396.20314758779665,51.583582959413555,-64.47333837020379,35.05304560942469,404.5962605794271,400.47151743570964,19.3700008392334,22.719600336663586
302,2021-09-13,V,225.52999877929688,227.1999969482422,223.41000366210938,221.2684783935547,6808100.0,0.0,-3.0534948182348387,233.6182061469802,219.57285525438695,42.76833251603044,-137.69986896581526,34.40481002514387,228.88547922770184,232.91985422770182,19.3700008392334,22.719600336663586
302,2021-09-13,VZ,54.400001525878906,54.97999954223633,54.400001525878906,47.6757698059082,20749000.0,0.0,-0.23803197527487185,48.945065067242076,47.21823945241125,43.80005547971686,-108.81260657825987,22.252273318676863,48.20414352416992,48.46917215983073,19.3700008392334,22.719600336663586
302,2021-09-13,WBA,49.869998931884766,50.25,49.08000183105469,44.45906448364258,8469500.0,0.0,0.5548056974009938,46.96583952457313,42.31060700863,50.05698385045203,38.93527865991618,6.254370153988184,44.054731623331705,43.72995103200277,19.3700008392334,22.719600336663586
302,2021-09-13,WMT,146.52000427246094,147.14999389648438,144.63999938964844,140.6256866455078,6509800.0,0.0,0.23594276339991893,147.2456722370904,140.46018256027287,50.579661558542846,-72.04309498984945,9.98695706392024,143.0225372314453,139.13681615193684,19.3700008392334,22.719600336663586
303,2021-09-14,AAPL,150.35000610351562,151.07000732421875,146.91000366210938,146.42596435546875,109296300.0,1.0,1.2199165323103784,154.90428137260977,142.96857171576914,52.995604572084275,-25.119196894438907,8.611952273410898,147.84619903564453,144.13801956176758,19.459999084472656,9.03309148685955
303,2021-09-14,AMGN,217.60000610351562,217.9199981689453,215.1199951171875,202.3026885986328,1999300.0,1.0,-3.8664882298538714,216.54424769991084,200.29634830838995,38.37611578223133,-151.02934374863938,41.91726575438348,210.5351582845052,218.64556503295898,19.459999084472656,9.03309148685955
303,2021-09-14,AXP,162.67999267578125,165.8300018310547,158.77999877929688,154.7587432861328,4281500.0,1.0,-1.9025593706580537,163.08349081207032,151.446077669375,46.009468759473,-58.67694341185369,7.41930573867026,159.4887730916341,161.84789861043294,19.459999084472656,9.03309148685955
303,2021-09-14,BA,215.83999633789062,216.11000061035156,210.7100067138672,211.57000732421875,9947000.0,1.0,-3.8100628638667615,224.6373599208274,208.99764068952413,43.44499186360694,-94.50068907005321,28.544884522120483,222.08600056966145,226.89633356730144,19.459999084472656,9.03309148685955
303,2021-09-14,CAT,206.0399932861328,206.10000610351562,201.63999938964844,193.64913940429688,3757600.0,1.0,-1.8151041825101117,206.67529275812504,193.35138723455074,42.912212148637494,-128.90550100438765,30.22586969155355,201.28643951416015,202.05183232625325,19.459999084472656,9.03309148685955
303,2021-09-14,CRM,254.11000061035156,255.11000061035156,253.0,254.3699951171875,4097500.0,1.0,2.2231976137694573,272.5599265670389,248.120072212258,52.54378394240729,-16.578830746723025,1.2290068362110314,255.91299947102866,249.89016621907552,19.459999084472656,9.03309148685955
303,2021-09-14,CSCO,58.2400016784668,58.470001220703125,57.65999984741211,54.07477951049805,12810300.0,1.0,0.5620902690041731,56.72484269520919,52.43761915781815,57.85177062964068,21.552949351283896,5.829937097887662,53.81033592224121,51.986741065979004,19.459999084472656,9.03309148685955
303,2021-09-14,CVX,98.37999725341797,98.73999786376953,95.9800033569336,89.24976348876953,15294100.0,1.0,-0.6732456843449768,92.46094022691766,87.46549715101203,45.54864257852385,-54.83104386684141,19.022128758054013,91.00118509928386,92.49716122945149,19.459999084472656,9.03309148685955
303,2021-09-14,DIS,184.9600067138672,185.1300048828125,182.14999389648438,182.39999389648438,6185900.0,1.0,1.884909693677173,187.93484902229605,172.52514853629768,53.24812622316501,83.17354767079786,20.847532448310247,179.17833302815754,178.19083353678386,19.459999084472656,9.03309148685955
303,2021-09-14,GS,410.29998779296875,417.010009765625,402.7799987792969,382.3433532714844,3263200.0,1.0,3.935765616531853,398.48675824841575,371.68449419299054,55.777803992797814,28.418874083052582,27.04917891430781,382.279047648112,365.7647745768229,19.459999084472656,9.03309148685955
303,2021-09-14,HD,336.0299987792969,337.489990234375,332.4200134277344,316.95941162109375,2857200.0,1.0,2.123008481574857,319.8491672195314,301.05200465546864,56.25543236459,104.10900238485463,21.084936184234497,311.82163289388023,307.9405339558919,19.459999084472656,9.03309148685955
303,2021-09-14,HON,224.0500030517578,224.1199951171875,219.7100067138672,211.39552307128906,2699700.0,1.0,-1.696799572756504,225.88724434119817,211.59847953575493,43.9474847865622,-202.14936363433623,26.460215431064814,219.6607457478841,217.1372200012207,19.459999084472656,9.03309148685955
303,2021-09-14,IBM,132.31358337402344,132.47610473632812,129.3881378173828,117.97163391113281,4659198.0,1.0,-0.7742886433523779,122.69132323418799,118.118157814396,43.98523827794975,-147.17925404818067,36.1557222034819,121.31307957967122,121.5632080078125,19.459999084472656,9.03309148685955
303,2021-09-14,INTC,55.369998931884766,55.439998626708984,54.27000045776367,51.056129455566406,22072700.0,1.0,0.08907538985096153,51.481820113346075,48.72753237994006,50.314514167097556,162.77714864595282,14.882863421652937,50.187801869710285,50.8848274230957,19.459999084472656,9.03309148685955
303,2021-09-14,JNJ,166.39999389648438,166.5399932861328,164.50999450683594,156.07736206054688,5259600.0,1.0,-1.4000868955610883,171.65243898920426,156.43851407476058,40.8003395495528,-254.15813246619982,50.34548240827975,164.12999013264974,161.26202875773112,19.459999084472656,9.03309148685955
303,2021-09-14,JPM,160.4499969482422,161.33999633789062,156.25999450683594,146.9710693359375,11685600.0,1.0,0.5760509234770836,152.77829722859067,144.11412373088197,50.37358758547048,0.7834061676254378,0.912309446295038,148.03340962727864,145.4303855895996,19.459999084472656,9.03309148685955
303,2021-09-14,KO,55.91999816894531,55.97999954223633,55.54999923706055,52.44624710083008,13918900.0,1.0,-0.08617716291249167,53.486478570891066,51.70552239041264,51.22114073323858,-98.14696978361133,15.264479705201387,52.75754330952962,52.256227811177574,19.459999084472656,9.03309148685955
303,2021-09-14,MCD,241.72999572753906,242.25,239.5,230.729248046875,2013800.0,1.0,0.9597178074517103,230.88896581504716,224.41420801307785,55.96457483978416,147.38159354942093,5.792655754538678,226.77672576904297,225.69234390258788,19.459999084472656,9.03309148685955
303,2021-09-14,MMM,185.64999389648438,186.0,181.67999267578125,166.2671356201172,3324100.0,1.0,-3.0011873071237574,183.6401072166112,166.3840169288966,37.277316247183734,-208.82409159171885,50.63740721621848,176.889528910319,178.2061762491862,19.459999084472656,9.03309148685955
303,2021-09-14,MRK,73.05000305175781,73.13999938964844,72.05999755859375,67.81132507324219,15202800.0,1.0,-0.8239817154474451,74.64148021911488,67.74505389953747,39.67841275525565,-200.74861693940224,45.35622385375941,71.05289942423502,71.55066452026367,19.459999084472656,9.03309148685955
303,2021-09-14,MSFT,299.55999755859375,301.3900146484375,298.1000061035156,294.4554443359375,21853400.0,1.0,2.5346074815909674,301.5344530521527,287.02181831015196,61.8894269077042,45.800788819110615,21.632515560502043,290.67572733561195,281.48119862874347,19.459999084472656,9.03309148685955
303,2021-09-14,NKE,159.1699981689453,159.38999938964844,157.07000732421875,155.31092834472656,5323900.0,1.0,-1.3718059399150775,168.57240365545175,154.99370809991933,48.03852194920401,-180.64023440681922,30.69645053416423,163.843896484375,158.7469357808431,19.459999084472656,9.03309148685955
303,2021-09-14,PG,146.1300048828125,146.36000061035156,144.9499969482422,138.40924072265625,5831800.0,1.0,0.8719220867979516,138.9075040149679,134.96921259880162,60.275806786796664,153.09484275927548,40.03567270889924,136.61302693684897,133.39245796203613,19.459999084472656,9.03309148685955
303,2021-09-14,TRV,159.19000244140625,159.32000732421875,155.88999938964844,149.60189819335938,1186700.0,1.0,0.821962687879477,154.3815669882333,149.18764840483314,51.74890644916429,0.07552575065588024,0.4559603804047625,149.96068013509114,146.6361831665039,19.459999084472656,9.03309148685955
303,2021-09-14,UNH,417.5899963378906,417.5899963378906,411.3699951171875,401.3421325683594,2879800.0,1.0,-0.4078629213715885,417.14322625913735,395.81909368715174,50.64869428526438,-44.5770245184766,32.6794857999938,404.5451426188151,400.8692860921224,19.459999084472656,9.03309148685955
303,2021-09-14,V,225.0,225.80999755859375,222.27999877929688,219.6923828125,6575700.0,1.0,-3.208875544651079,233.20017578559418,218.7763363604019,41.609732311041434,-154.0830017090949,37.32184941132164,228.34621887207032,232.803843943278,19.459999084472656,9.03309148685955
303,2021-09-14,VZ,54.650001525878906,54.77000045776367,54.279998779296875,47.492469787597656,16937500.0,1.0,-0.24974860974986512,48.83185712320844,47.194407448935124,42.516451121055255,-131.24000631721614,25.559994993001805,48.164864730834964,48.4576810836792,19.459999084472656,9.03309148685955
303,2021-09-14,WBA,49.33000183105469,49.380001068115234,48.15999984741211,43.59122085571289,4939300.0,1.0,0.3932060329338185,46.97591784171958,42.26067769355875,47.2367680135086,-18.589798232896737,17.635416856355338,44.110377629597984,43.69794540405273,19.459999084472656,9.03309148685955
303,2021-09-14,WMT,145.47999572753906,145.8800048828125,143.9199981689453,139.88893127441406,5511300.0,1.0,-0.0015706059568287856,147.18779297818273,139.892778005704,49.10949873368656,-113.07135956976376,15.745671399078228,143.10660146077473,139.29233881632487,19.459999084472656,9.03309148685955
304,2021-09-15,AAPL,148.55999755859375,149.44000244140625,146.3699951171875,147.32554626464844,83281300.0,2.0,0.9622344829406018,154.88761654110712,142.87056216983038,53.98455532575615,-38.756158062259786,11.129455228233034,147.9084930419922,144.41692454020182,18.18000030517578,16.097214801497703
304,2021-09-15,AMGN,216.77000427246094,219.9199981689453,215.86000061035156,204.2598114013672,2555600.0,2.0,-3.7172762935520325,215.17902095701203,200.4376828393747,40.43047863373691,-120.39086100707961,31.378385383286773,209.78354136149088,218.32922795613607,18.18000030517578,16.097214801497703
304,2021-09-15,AXP,160.02000427246094,162.30999755859375,159.2100067138672,156.5636749267578,2933100.0,2.0,-1.749084064838911,162.8072509496079,151.40111849619288,47.84816472534818,-62.26831335897149,7.419305738670248,159.23970540364584,161.7972625732422,18.18000030517578,16.097214801497703
304,2021-09-15,BA,211.7899932861328,214.35000610351562,210.32000732421875,214.22000122070312,7916300.0,2.0,-3.6177908774663763,223.8842470256541,208.95075358469748,44.88218313164595,-88.07934838337981,29.45145098128951,221.5903340657552,226.37866694132487,18.18000030517578,16.097214801497703
304,2021-09-15,CAT,202.1699981689453,206.58999633789062,201.8699951171875,196.9032745361328,3342700.0,2.0,-1.8036878036836583,206.12572607229785,193.16303582955763,45.52761383323548,-100.53511424109409,27.944269325023097,201.19806823730468,201.9506685892741,18.18000030517578,16.097214801497703
304,2021-09-15,CRM,254.5399932861328,256.75,252.9499969482422,256.1600036621094,4764600.0,2.0,1.7873146154532833,271.50360904677575,250.09338954941563,53.691976166146794,-11.490710734466646,2.9001142058278173,256.41399943033855,250.08483301798503,18.18000030517578,16.097214801497703
304,2021-09-15,CSCO,57.779998779296875,59.599998474121094,57.060001373291016,53.785099029541016,37524600.0,2.0,0.4581990028749203,56.56306268187825,52.744233689581705,56.2398960124177,22.868563125330656,24.392679537604902,53.851138305664065,52.06068776448568,18.18000030517578,16.097214801497703
304,2021-09-15,CVX,96.98999786376953,98.52999877929688,96.98999786376953,91.14239501953125,11623400.0,2.0,-0.5287105720380225,92.24595012739705,87.57379474564983,48.730966524355665,-19.123097192187064,19.02212875805401,90.90856068929037,92.39821294148763,18.18000030517578,16.097214801497703
304,2021-09-15,DIS,182.05999755859375,184.66000366210938,181.10000610351562,184.41000366210938,5933400.0,2.0,1.8859745310023186,188.28739531023749,173.03060243146174,55.14550119891506,79.88035070946059,15.524394596303978,179.55899963378906,178.36483357747395,18.18000030517578,16.097214801497703
304,2021-09-15,GS,398.0,403.6099853515625,396.2099914550781,380.69537353515625,3199800.0,2.0,3.260207106879477,398.4973550822579,371.57333888746865,54.95854592334733,-44.242133922233506,11.928727162511581,383.0187266031901,366.4930938720703,18.18000030517578,16.097214801497703
304,2021-09-15,HD,333.3599853515625,334.6700134277344,330.1000061035156,317.1972961425781,2875500.0,2.0,2.221012837635101,320.4144041226384,301.8419282748225,56.39932071311655,72.1667395059818,12.917523740257785,311.9202412923177,308.3738733927409,18.18000030517578,16.097214801497703
304,2021-09-15,HON,220.6300048828125,222.91000366210938,220.13999938964844,212.8356170654297,2021700.0,2.0,-1.8514458037288648,225.6864920355071,210.8622140191804,45.50790245351566,-169.4551375107507,26.460215431064825,219.33957112630208,217.2419911702474,18.18000030517578,16.097214801497703
304,2021-09-15,IBM,130.2294464111328,131.73995971679688,129.70362854003906,118.82032775878906,3403579.0,2.0,-0.7956771054057725,122.10917518394166,118.24823524696654,45.78606659845795,-134.8835660442633,36.15572220348189,121.16209386189779,121.45089912414551,18.18000030517578,16.097214801497703
304,2021-09-15,INTC,54.66999816894531,55.150001525878906,54.41999816894531,51.618003845214844,18796200.0,2.0,0.1719664634510707,51.702310817480395,48.73460286354988,52.39309003931921,166.57347941944363,14.882863421652948,50.231785456339516,50.878751564025876,18.18000030517578,16.097214801497703
304,2021-09-15,JNJ,165.0,165.9600067138672,164.30999755859375,156.66455078125,7935300.0,2.0,-1.6493991228175275,171.3450833082288,155.5156375169665,41.963510825368154,-221.59014507249307,51.022594738369406,163.87933603922525,161.3022450764974,18.18000030517578,16.097214801497703
304,2021-09-15,JPM,156.72000122070312,158.69000244140625,156.47000122070312,147.99098205566406,11691500.0,2.0,0.48692660865697235,152.77842001440106,144.22160745141926,51.58925239567408,-21.487124739845218,0.9123094462950385,148.1977803548177,145.564377339681,18.18000030517578,16.097214801497703
304,2021-09-15,KO,55.68000030517578,56.0,55.41999816894531,52.62518310546875,15746000.0,2.0,-0.06838314411565705,53.32287207319057,51.77769097612584,52.18470317412967,-87.15995924414668,18.208145640077948,52.738280359903975,52.28647677103678,18.18000030517578,16.097214801497703
304,2021-09-15,MCD,240.47000122070312,241.27000427246094,238.17999267578125,230.58570861816406,2507200.0,2.0,1.0501808573933147,231.21749061217287,224.27802330384276,55.77418225360979,103.8693519418081,2.4144021593052964,226.94647267659505,225.8414535522461,18.18000030517578,16.097214801497703
304,2021-09-15,MMM,182.82000732421875,185.11000061035156,182.3300018310547,167.8804168701172,2554500.0,2.0,-3.1014883644677127,183.16318388512857,165.59873780676597,39.5782131946021,-173.79280095972993,50.63740721621849,176.4241704305013,178.06123809814454,18.18000030517578,16.097214801497703
304,2021-09-15,MRK,72.08000183105469,73.1500015258789,71.87999725341797,68.46958923339844,12555900.0,2.0,-0.8730189660540333,74.42092939980989,67.4653369270944,42.25863564516233,-168.43395603052275,46.67311491825529,70.9613276163737,71.49959716796874,18.18000030517578,16.097214801497703
304,2021-09-15,MSFT,303.260009765625,305.32000732421875,301.82000732421875,299.3959045410156,28356300.0,2.0,2.8159414066315662,301.69568428979267,288.0687016965354,65.06819727829932,92.06979423994761,32.92415774560286,291.2731892903646,282.18006744384763,18.18000030517578,16.097214801497703
304,2021-09-15,NKE,157.5,158.32000732421875,155.6699981689453,154.47940063476562,6827100.0,2.0,-1.667408041443764,168.29469505203096,154.05162300216827,47.093398365447555,-179.20873731506833,34.87865631406296,163.41874135335286,159.20418650309244,18.18000030517578,16.097214801497703
304,2021-09-15,PG,145.35000610351562,145.77000427246094,144.74000549316406,138.11422729492188,6237100.0,2.0,0.8744808044039303,138.94454394723505,134.95501354788212,59.42765384570553,114.55135729658386,36.943896873202554,136.6501454671224,133.5967882792155,18.18000030517578,16.097214801497703
304,2021-09-15,TRV,156.77999877929688,157.82000732421875,155.7100067138672,150.77879333496094,1401300.0,2.0,0.7457855197737331,154.387168350142,149.14003196724084,53.21502402961573,-12.235311336610954,2.193055292720146,150.21659393310546,146.791734568278,18.18000030517578,16.097214801497703
304,2021-09-15,UNH,412.5199890136719,421.4200134277344,409.5,406.1868896484375,3180600.0,2.0,-0.1558224858124504,416.9472562987214,395.7441499512786,52.87112111521582,-8.397344327123973,21.47355293971035,404.4509623209635,401.2072285970052,18.18000030517578,16.097214801497703
304,2021-09-15,V,222.52000427246094,224.83999633789062,221.36000061035156,220.46070861816406,6535800.0,2.0,-3.2327532512815367,232.66719034809935,218.2533632407678,42.39667831807476,-147.8555577485269,39.65727252420144,227.9207743326823,232.63653539021809,18.18000030517578,16.097214801497703
304,2021-09-15,VZ,54.310001373291016,54.65999984741211,54.310001373291016,47.63212203979492,15330000.0,2.0,-0.2449418205193794,48.620508930425174,47.265224101801394,43.814203275847106,-118.19784351452603,25.5599949930018,48.131113815307614,48.440317471822105,18.18000030517578,16.097214801497703
304,2021-09-15,WBA,48.08000183105469,50.189998626708984,48.08000183105469,45.30883026123047,5612800.0,2.0,0.3991329032878923,47.04163784409003,42.32686763381524,52.693635755085594,29.341243603700367,5.5727919555300796,44.2035831451416,43.67830390930176,18.18000030517578,16.097214801497703
304,2021-09-15,WMT,144.07000732421875,144.75,143.7899932861328,140.1312713623047,4950000.0,2.0,-0.1683067076330076,146.98445620359323,139.49991421877004,49.60789777851336,-130.18600736386048,16.77338581038901,143.14723002115886,139.43210042317708,18.18000030517578,16.097214801497703
305,2021-09-16,AAPL,148.44000244140625,148.97000122070312,147.22000122070312,147.08828735351562,68034100.0,3.0,0.7304545655042034,154.74510929456378,143.2532900584636,53.67643176436628,-39.326051700851956,11.129455228233041,147.9763676961263,144.66423721313475,18.690000534057617,13.322245574640306
305,2021-09-16,AMGN,218.02000427246094,218.64999389648438,214.0,203.53878784179688,2695600.0,3.0,-3.6155277807621644,214.63535660398404,200.0936289917191,39.92324441113541,-132.78856887584564,36.09611744075024,209.4963592529297,218.00598475138347,18.690000534057617,13.322245574640306
305,2021-09-16,AXP,163.10000610351562,164.5,162.1999969482422,157.8155059814453,2765000.0,3.0,-1.5090461306769498,162.83968302159212,151.4172063216696,49.092066284320886,-17.498398045724926,15.449596238316266,159.0640635172526,161.77394282023113,18.690000534057617,13.322245574640306
305,2021-09-16,BA,213.9600067138672,216.30999755859375,213.30999755859375,213.36000061035156,6370900.0,3.0,-3.4945260835058605,223.61757683252705,208.65342383885968,44.50251408685523,-71.50460572192742,21.191233639245148,221.14800059000652,225.87166697184244,18.690000534057617,13.322245574640306
305,2021-09-16,CAT,205.4499969482422,206.38999938964844,202.82000732421875,194.86465454101562,3120100.0,3.0,-1.936813457448011,206.1413537270622,192.55305392674637,44.214847974124794,-105.44098314760399,27.944269325023097,201.16871693929036,201.8167973836263,18.690000534057617,13.322245574640306
305,2021-09-16,CRM,255.52999877929688,261.2200012207031,255.0,260.3599853515625,5122600.0,3.0,1.7604838584901472,270.9737908989432,251.53720611033418,56.26065227579337,17.942849634891388,13.21416223651464,256.9536656697591,250.37233276367186,18.690000534057617,13.322245574640306
305,2021-09-16,CSCO,58.310001373291016,58.81999969482422,57.130001068115234,53.5701904296875,24029600.0,3.0,0.35443736471837894,56.09689089081242,53.41410840728328,55.062484646109226,4.72961840070104,24.392679537604916,53.90221989949544,52.1298152923584,18.690000534057617,13.322245574640306
305,2021-09-16,CVX,98.31999969482422,98.58999633789062,96.91000366210938,90.28885650634766,10616700.0,3.0,-0.47753416234165513,92.27869868030436,87.59856724987142,47.4375504938337,-27.814626636950088,19.541310121648074,90.85766677856445,92.27969894409179,18.690000534057617,13.322245574640306
305,2021-09-16,DIS,183.97000122070312,184.63999938964844,182.1199951171875,183.33999633789062,5678200.0,3.0,1.7799595083877193,188.26893135237012,173.90906547380175,53.93997479825999,73.78986750368982,15.524394596303997,179.91766611735025,178.5288335164388,18.690000534057617,13.322245574640306
305,2021-09-16,GS,404.5199890136719,405.9800109863281,394.8900146484375,375.70404052734375,2882900.0,3.0,2.2956010020343456,398.5144633319434,371.5380879375879,52.54062291113366,-72.20782263914036,15.793205907935429,383.6705718994141,367.1383819580078,18.690000534057617,13.322245574640306
305,2021-09-16,HD,334.7200012207031,337.8399963378906,334.1700134277344,320.0708312988281,3043800.0,3.0,2.5017140653872616,321.4490961280734,302.3740178855985,58.12069211114009,122.02269234284236,20.727474986601283,312.16607157389325,308.77447916666665,18.690000534057617,13.322245574640306
305,2021-09-16,HON,221.27000427246094,221.41000366210938,218.52000427246094,210.87709045410156,2393500.0,3.0,-2.107744024297716,225.94616351257744,209.7605686651569,43.792722876053055,-180.33789569988684,32.540300987587045,219.05064951578777,217.32224807739257,18.690000534057617,13.322245574640306
305,2021-09-16,IBM,131.24282836914062,131.88336181640625,129.7418670654297,118.15347290039062,2765624.0,3.0,-0.8565633010701958,122.15408805805663,117.94004646342773,44.620053502364385,-135.23044914712193,34.09914628671159,121.02626571655273,121.33161443074545,18.690000534057617,13.322245574640306
305,2021-09-16,INTC,54.86000061035156,54.95000076293945,54.2400016784668,51.34642791748047,19863100.0,3.0,0.21328570393443158,51.76505734830655,48.91908304781162,51.319607563845054,126.71032241447037,11.106505555657122,50.27167879740397,50.86814943949381,18.690000534057617,13.322245574640306
305,2021-09-16,JNJ,165.64999389648438,166.4600067138672,164.19000244140625,156.4751739501953,5665400.0,3.0,-1.8410396278710266,171.23663728213995,154.58957426571163,41.690216258328704,-188.39745973081094,45.71241946330258,163.65469462076823,161.34275767008464,18.690000534057617,13.322245574640306
305,2021-09-16,JPM,159.41000366210938,160.85000610351562,157.22000122070312,147.9254913330078,10880900.0,3.0,0.4063265139432133,152.68159183257234,144.55329738861906,51.505442727527495,3.2103498189152386,13.491798273964466,148.41143239339192,145.70068766276043,18.690000534057617,13.322245574640306
305,2021-09-16,KO,55.720001220703125,55.9900016784668,54.81999969482422,52.12605667114258,17430400.0,3.0,-0.09347901994340191,53.300659731059106,51.731459256978006,49.37052211624939,-136.08119974596804,30.175491212828053,52.72792828877767,52.30529130299886,18.690000534057617,13.322245574640306
305,2021-09-16,MCD,240.2899932861328,243.58999633789062,239.9499969482422,232.71954345703125,3410700.0,3.0,1.2793090362897317,232.12372223554362,223.9868780452181,57.97294623882372,176.71225202604896,10.613585804687865,227.25459696451824,226.01058349609374,18.690000534057617,13.322245574640306
305,2021-09-16,MMM,184.14999389648438,184.60000610351562,181.82000732421875,166.48590087890625,2553600.0,3.0,-3.255970658101944,183.11926076945508,164.51598703327932,38.321176267185656,-161.54914370185801,52.02789721340246,176.01785939534506,177.89411290486655,18.690000534057617,13.322245574640306
305,2021-09-16,MRK,73.0199966430664,73.0199966430664,71.69000244140625,67.67964935302734,14818900.0,3.0,-0.9645046774585495,74.38709038378525,67.01684485791398,40.1278142253737,-166.68341821225624,48.08479383033873,70.87231725056967,71.44406293233236,18.690000534057617,13.322245574640306
305,2021-09-16,MSFT,303.760009765625,305.30999755859375,300.760009765625,299.7888488769531,19550800.0,3.0,3.0356152105230194,301.1661680723612,290.0214417909201,65.30629282349233,85.45555730161142,27.62234082000004,291.9036834716797,282.8384292602539,18.690000534057617,13.322245574640306
305,2021-09-16,NKE,157.58999633789062,159.00999450683594,157.1999969482422,154.1761474609375,5085900.0,3.0,-1.904194464867743,168.18438960811176,153.09249027470076,46.74642253060696,-150.95012879144596,30.722664767047625,162.96133982340496,159.61731618245443,18.690000534057617,13.322245574640306
305,2021-09-16,PG,144.83999633789062,145.19000244140625,142.82000732421875,137.15298461914062,6142100.0,3.0,0.789839577059638,138.96662570655323,135.0100207167866,56.736679411391485,28.748492436242948,12.637747565981417,136.7034428914388,133.78430989583333,18.690000534057617,13.322245574640306
305,2021-09-16,TRV,157.55999755859375,158.02000427246094,155.5,149.9080810546875,1238300.0,3.0,0.6081450435463012,154.44271267517428,148.97252627746246,52.005618191809226,-31.416655288632818,4.276438587437529,150.47107798258463,146.93832448323568,18.690000534057617,13.322245574640306
305,2021-09-16,UNH,419.6700134277344,423.3999938964844,414.9599914550781,405.525390625,2262700.0,3.0,-0.009348306137894724,416.9698857744363,395.81683297556367,52.53694600079764,28.681958649343777,16.056803685437202,404.3463633219401,401.5241292317708,18.690000534057617,13.322245574640306
305,2021-09-16,V,223.86000061035156,225.1999969482422,222.75,220.9729461669922,5928500.0,3.0,-3.1737581086919135,232.45572941587994,217.74574916078024,42.927175502537395,-123.6821579694456,37.51400539889971,227.52617594401042,232.45136795043945,18.690000534057617,13.322245574640306
305,2021-09-16,VZ,54.619998931884766,54.790000915527344,54.349998474121094,47.50992965698242,14431400.0,3.0,-0.24813199829227983,48.56269723875515,47.23225820558079,42.93680384992488,-106.36838762689712,19.278176589957972,48.103764343261716,48.42120507558187,18.690000534057617,13.322245574640306
305,2021-09-16,WBA,50.11000061035156,50.349998474121094,49.31999969482422,45.1461067199707,5413100.0,3.0,0.3862471442535451,47.08195903454933,42.41292621935692,52.16489882962584,52.0705155163692,3.33534788602428,44.31971232096354,43.65833759307861,18.690000534057617,13.322245574640306
305,2021-09-16,WMT,144.44000244140625,145.30999755859375,143.69000244140625,140.59661865234375,6142800.0,3.0,-0.25990065922650274,146.91251490158632,139.17729680495663,50.569533020405366,-124.36251714325805,10.563519579428823,143.23492279052735,139.56947555541993,18.690000534057617,13.322245574640306
306,2021-09-17,AAPL,148.82000732421875,148.82000732421875,145.75999450683594,144.3895263671875,129868800.0,4.0,0.32525056785686957,154.81179072886434,143.12334110707317,50.298320049452876,-79.97256265226106,18.099695047018844,147.95066477457684,144.87117665608724,20.809999465942383,20.09513636775455
306,2021-09-17,AMGN,217.22999572753906,219.8800048828125,215.8699951171875,205.43035888671875,5659900.0,4.0,-3.3437131329043837,214.32858896888106,199.93125600182205,41.901405916635994,-94.81347793841714,29.788461124895495,209.0962936401367,217.73285166422525,20.809999465942383,20.09513636775455
306,2021-09-17,AXP,161.57000732421875,164.25,161.57000732421875,159.06729125976562,6390600.0,4.0,-1.203927600163496,162.97948813652323,151.75192513251972,50.31787844194536,-11.43080973571743,12.450269243151554,158.87936350504557,161.74696680704753,20.809999465942383,20.09513636775455
306,2021-09-17,BA,213.1199951171875,215.3699951171875,211.91000366210938,213.36000061035156,7932700.0,4.0,-3.358127443411348,223.5616932531011,208.82930711310985,44.502514086855236,-76.50537597119714,24.852527523735294,220.5953338623047,225.36816685994467,20.809999465942383,20.09513636775455
306,2021-09-17,CAT,202.6300048828125,203.27000427246094,199.4499969482422,191.17982482910156,6351100.0,4.0,-2.312988764824013,206.6824979800986,191.5620744686319,41.95291897886705,-155.31346878420203,36.66507796868503,200.93135681152344,201.61104049682618,20.809999465942383,20.09513636775455
306,2021-09-17,CRM,259.2699890136719,261.70001220703125,258.67999267578125,260.5299987792969,7049400.0,4.0,1.7329624407628899,270.5651905528226,252.69180560196253,56.36201467313953,29.182484976451434,14.25961185222392,257.28599904378257,250.68383280436197,20.809999465942383,20.09513636775455
306,2021-09-17,CSCO,57.38999938964844,57.45000076293945,56.470001220703125,53.121665954589844,40262700.0,4.0,0.23332373151422559,56.16250527378365,53.309247655903846,52.68128566029577,-42.03556707406122,9.930277162435019,53.93617032368978,52.19920031229655,20.809999465942383,20.09513636775455
306,2021-09-17,CVX,97.11000061035156,98.37999725341797,96.37000274658203,89.76931762695312,16006100.0,4.0,-0.4734413968350424,92.09079477260127,88.01562612583623,46.65776467918848,-41.918922835778766,23.099127794646794,90.76107711791992,92.15450948079427,20.809999465942383,20.09513636775455
306,2021-09-17,DIS,182.91000366210938,185.89999389648438,182.72999572753906,183.47000122070312,10035100.0,4.0,1.6869856265249723,187.8216276872502,175.37836926099197,54.066185250403095,81.92883937479846,20.336144442432335,180.14299926757812,178.66450017293295,20.809999465942383,20.09513636775455
306,2021-09-17,GS,396.32000732421875,399.1600036621094,388.8299865722656,370.760009765625,3843700.0,4.0,1.1192991667958836,398.5479096096384,371.4850493747366,50.274203361164076,-150.68949179031594,3.3928934616695723,383.9552866617839,367.64597371419273,20.809999465942383,20.09513636775455
306,2021-09-17,HD,334.95001220703125,339.6499938964844,334.95001220703125,319.3857421875,7098400.0,4.0,2.6384761344843355,322.218434562354,302.97514148745074,57.56021543467852,126.50186026991817,24.841621185393496,312.3007090250651,309.1800755818685,20.809999465942383,20.09513636775455
306,2021-09-17,HON,219.86000061035156,219.86000061035156,217.5,209.76345825195312,4391600.0,4.0,-2.3733643554071193,226.25938667506063,208.5602529123417,42.84291160935904,-178.56549787793315,36.0963286304945,218.71536254882812,217.39717330932618,20.809999465942383,20.09513636775455
306,2021-09-17,IBM,129.78012084960938,129.94264221191406,129.11090087890625,117.1142349243164,5890340.0,4.0,-0.9774069305103978,122.40269286609848,117.4498187305812,42.8603762594656,-177.54957183886822,38.47041124962634,120.85551172892252,121.21998138427735,20.809999465942383,20.09513636775455
306,2021-09-17,INTC,54.59000015258789,54.59000015258789,53.66999816894531,50.812644958496094,35359200.0,4.0,0.20064674514703995,51.73895076653065,49.11562725165783,49.26714596529445,59.426684309772725,0.018834051264422398,50.28322842915853,50.858110173543295,20.809999465942383,20.09513636775455
306,2021-09-17,JNJ,164.3000030517578,164.91000366210938,163.55999755859375,156.03001403808594,13419800.0,4.0,-2.005716146153901,170.79450372806886,153.82275548823972,41.04026351236254,-177.80570517838007,48.16718129706329,163.40485687255858,161.39138463338216,20.809999465942383,20.09513636775455
306,2021-09-17,JPM,157.3800048828125,159.00999450683594,157.0,147.54183959960938,25581600.0,4.0,0.30794309332438274,152.35969613977088,145.19332967810024,51.00331531360741,-37.251930626927994,11.94447783842559,148.55272318522137,145.8164939880371,20.809999465942383,20.09513636775455
306,2021-09-17,KO,55.02000045776367,55.189998626708984,54.369998931884766,51.2690544128418,33370200.0,4.0,-0.1804405954570143,53.32882907386636,51.51549656395102,45.054881047511856,-214.82321793051136,37.50628374642797,52.67654685974121,52.316676966349284,20.809999465942383,20.09513636775455
306,2021-09-17,MCD,243.83999633789062,244.6300048828125,241.8800048828125,232.03060913085938,4756600.0,4.0,1.3892886713852874,232.65320318355583,224.084478396034,57.02602014258163,190.40040225147155,15.749334433224647,227.48931986490885,226.17838185628256,20.809999465942383,20.09513636775455
306,2021-09-17,MMM,181.08999633789062,182.66000366210938,179.41000366210938,165.41949462890625,10719300.0,4.0,-3.424968159859816,183.16569546662953,163.34026003874158,37.38193731147344,-162.78343565346972,58.00370697500232,175.56785939534504,177.75112559000652,20.809999465942383,20.09513636775455
306,2021-09-17,MRK,71.19000244140625,72.0,70.88999938964844,67.40695190429688,43406600.0,4.0,-1.0469436532159762,74.19521743437691,66.6366719088848,39.41801322821791,-177.18873294124373,53.61203743697227,70.7708002726237,71.39345957438151,20.809999465942383,20.09513636775455
306,2021-09-17,MSFT,304.1700134277344,304.5,299.5299987792969,294.53399658203125,41372500.0,4.0,2.753939914141881,301.0037175158829,290.4883784313827,59.67894043446341,50.74864068037187,21.605852100230912,292.2606577555338,283.4131322224935,20.809999465942383,20.09513636775455
306,2021-09-17,NKE,157.9600067138672,161.0,156.07000732421875,153.02174377441406,7944800.0,4.0,-2.1600998546249173,168.45603083441216,151.95045415093938,45.428342747354705,-139.5129561780148,19.381792280852604,162.4023010253906,160.00111389160156,20.809999465942383,20.09513636775455
306,2021-09-17,PG,144.3699951171875,146.27999877929688,144.22999572753906,137.37185668945312,18737400.0,4.0,0.731984084583388,138.8884995811382,135.02628313370553,57.193256106483865,89.5781649310154,21.132654464039366,136.7618143717448,133.97847429911295,20.809999465942383,20.09513636775455
306,2021-09-17,TRV,156.58999633789062,157.83999633789062,155.64999389648438,149.5444793701172,2654900.0,4.0,0.4643713731625212,154.49802451532352,148.696579976864,51.500003678141745,-48.26908119771114,4.27643858743751,150.67982076009113,147.08519795735677,20.809999465942383,20.09513636775455
306,2021-09-17,UNH,414.9700012207031,421.0899963378906,414.9700012207031,408.7552490234375,4534200.0,4.0,0.36316972175751516,415.9746485498397,396.2056554052384,54.005333216835155,31.140888325499958,16.056803685437213,404.68388671875,401.94543507893883,20.809999465942383,20.09513636775455
306,2021-09-17,V,222.4499969482422,223.6999969482422,219.3000030517578,218.43157958984375,13787400.0,4.0,-3.2940987568778155,232.4000870855707,216.83408955017148,40.98972881506343,-152.59298480224106,46.003089363077656,226.9307891845703,232.2443384806315,20.809999465942383,20.09513636775455
306,2021-09-17,VZ,54.13999938964844,54.459999084472656,54.060001373291016,47.378997802734375,30787600.0,4.0,-0.258248416563859,48.5208189348605,47.17899490791294,42.004405049366675,-137.3939379397772,27.88194168876748,48.07408701578776,48.40422617594401,20.809999465942383,20.09513636775455
306,2021-09-17,WBA,49.47999954223633,49.7599983215332,49.20000076293945,44.856834411621094,7437300.0,4.0,0.34867393358332777,47.02322720559597,42.65878840414524,51.21975328900246,23.8079107378102,4.950346766139679,44.4145617167155,43.62892487843831,20.809999465942383,20.09513636775455
306,2021-09-17,WMT,144.13999938964844,146.16000366210938,144.02000427246094,140.30577087402344,24344200.0,4.0,-0.3519020035121798,146.65201398753973,138.91624315357356,49.95318935777244,-113.12226938427591,1.7812687072849331,143.22760060628255,139.71922810872397,20.809999465942383,20.09513636775455
307,2021-09-20,AAPL,143.8000030517578,144.83999633789062,141.27000427246094,141.3052215576172,123478900.0,0.0,-0.24196492015570925,155.41216133496002,142.00397483447355,46.81501386377016,-179.48517864827107,34.88794787430755,147.8452178955078,145.03148193359374,25.709999084472656,21.8753992022139
307,2021-09-20,AMGN,218.3800048828125,219.85000610351562,214.27999877929688,201.4318389892578,3293000.0,0.0,-3.4116181939767785,214.2852132599524,199.18616888116088,39.086995526060036,-118.30867150750242,34.01439153768875,208.6818868001302,217.35838572184244,25.709999084472656,21.8753992022139
307,2021-09-20,AXP,159.36000061035156,162.13999938964844,157.9499969482422,155.8164825439453,5976900.0,0.0,-1.2104784199672451,162.96026733711005,151.85071899101496,47.260682489233794,-71.34929860923609,3.024787573289939,158.53034464518228,161.63048299153647,25.709999084472656,21.8753992022139
307,2021-09-20,BA,210.80999755859375,212.42999267578125,206.52999877929688,209.5,10567400.0,0.0,-3.5209134299931577,223.8457256975318,208.2282748517846,42.764898170682685,-114.64048643781004,36.895661153814075,219.86766713460287,224.68366673787435,25.709999084472656,21.8753992022139
307,2021-09-20,CAT,193.05999755859375,193.99000549316406,188.47999572753906,182.6329803466797,9151100.0,0.0,-3.2631537220232474,208.96382112604732,187.92933378117925,37.366206873869096,-269.52168046103503,55.43374729986931,200.3720942179362,201.17477747599284,25.709999084472656,21.8753992022139
307,2021-09-20,CRM,256.5899963378906,259.2099914550781,254.94000244140625,258.2200012207031,5985500.0,0.0,1.5073779072054094,270.4450254313194,253.02097035725484,54.5840549397258,-2.3019549385437035,3.841082041668615,257.5403325398763,250.92466608683267,25.709999084472656,21.8753992022139
307,2021-09-20,CSCO,56.380001068115234,56.400001525878906,55.290000915527344,52.22462463378906,21897000.0,0.0,0.06421632114494003,56.44072545116356,52.81330744678566,48.35485700520294,-100.16538379515424,10.055544010355526,53.94551442464193,52.25332539876302,25.709999084472656,21.8753992022139
307,2021-09-20,CVX,94.63999938964844,95.25,93.30999755859375,87.93236541748047,15796100.0,0.0,-0.611376968811058,92.00167855117296,88.14927359726455,44.01156307060848,-152.0974883540291,39.34575735962952,90.5812858581543,91.98543078104655,25.709999084472656,21.8753992022139
307,2021-09-20,DIS,179.74000549316406,180.8800048828125,176.5500030517578,178.61000061035156,8056600.0,0.0,1.2072255777837029,187.39788637011955,176.15111112743907,48.88588912640714,-32.601116691930784,7.337126562752723,180.19233245849608,178.67583363850912,25.709999084472656,21.8753992022139
307,2021-09-20,GS,377.82000732421875,380.8599853515625,372.5,358.1349182128906,3834500.0,0.0,-0.8221901917065111,401.6764848930709,366.8575849311478,45.13139356072045,-296.39951082595655,20.982332179895195,383.39219156901044,367.82218780517576,25.709999084472656,21.8753992022139
307,2021-09-20,HD,331.8299865722656,335.3900146484375,328.42999267578125,315.14208984375,4036600.0,0.0,2.3770328263327656,322.44642713790074,303.09305345291955,54.210367387779016,44.39684289566378,4.048189892808651,312.39707946777344,309.5122624715169,25.709999084472656,21.8753992022139
307,2021-09-20,HON,216.08999633789062,217.83999633789062,214.19000244140625,207.1136474609375,4008500.0,0.0,-2.7658054829908565,226.78217425539702,206.88827404782563,40.67159614716186,-195.71775974744284,45.97512201761159,218.29812469482422,217.37964401245117,25.709999084472656,21.8753992022139
307,2021-09-20,IBM,128.011474609375,129.2351837158203,126.94072723388672,116.31748962402344,4990152.0,0.0,-1.124504476898494,122.65597499727556,116.78084064603499,41.56047259797173,-212.70975927491142,50.53396551365186,120.62052764892579,121.08322525024414,25.709999084472656,21.8753992022139
307,2021-09-20,INTC,53.209999084472656,53.5,52.31999969482422,49.61396408081055,35051900.0,0.0,0.09283658781851045,51.58040160045455,49.36501313343217,45.07894434988821,-90.17194220068723,20.238966827254117,50.25388577779134,50.81553230285645,25.709999084472656,21.8753992022139
307,2021-09-20,JNJ,163.47999572753906,165.1699981689453,162.1699981689453,155.13978576660156,7270800.0,0.0,-2.182894406965147,170.07866245276787,153.1587139510407,39.75799007141722,-163.8252600579185,53.16222738399602,163.14354756673177,161.4135632832845,25.709999084472656,21.8753992022139
307,2021-09-20,JPM,153.88999938964844,154.55999755859375,150.49000549316406,143.12533569335938,15819900.0,0.0,-0.12496095914991656,152.71390290752163,144.6744393776346,45.69787400141458,-226.98749356291873,21.785838007026655,148.41112009684244,145.8371388753255,25.709999084472656,21.8753992022139
307,2021-09-20,KO,54.11000061035156,54.400001525878906,53.72999954223633,50.911190032958984,27542500.0,0.0,-0.27506416674229683,53.41726219992066,51.22404677529907,43.415491788065125,-257.4532166611639,46.10820896234908,52.60887463887533,52.31789207458496,25.709999084472656,21.8753992022139
307,2021-09-20,MCD,239.8800048828125,241.9600067138672,236.63999938964844,228.77723693847656,4549900.0,0.0,1.2000944365676958,232.69503256188432,224.22448495520553,52.81194694787908,39.85350477193556,11.6046306737849,227.62067209879558,226.2905303955078,25.709999084472656,21.8753992022139
307,2021-09-20,MMM,178.63999938964844,181.74000549316406,178.2899932861328,164.54449462890625,4152100.0,0.0,-3.5881432035748446,183.1055176093978,162.15812679978188,36.62009453349786,-153.62617382012536,60.45113575847167,175.07874247233073,177.57998657226562,25.709999084472656,21.8753992022139
307,2021-09-20,MRK,71.16000366210938,72.61000061035156,71.12000274658203,67.64203643798828,15989400.0,0.0,-1.0808484303586425,73.8423819145974,66.42046522285376,40.358826681996284,-145.61989398662226,41.346114825114284,70.68177871704101,71.33465779622396,25.709999084472656,21.8753992022139
307,2021-09-20,MSFT,296.3299865722656,298.7200012207031,289.5199890136719,289.0631408691406,38278700.0,0.0,2.0654486716281326,301.07132335095343,289.43267445178094,54.610832214389454,-50.25557649207227,13.761745743359135,292.4372294108073,283.8734527587891,25.709999084472656,21.8753992022139
307,2021-09-20,NKE,153.72999572753906,155.27000427246094,152.32000732421875,150.89892578125,7041200.0,0.0,-2.5053206140930797,168.59462410910328,150.51431906716624,43.11570746467764,-184.69853761100143,31.37460662080183,161.8066848754883,160.34139175415038,25.709999084472656,21.8753992022139
307,2021-09-20,PG,144.22000122070312,144.85000610351562,141.97000122070312,135.9918670654297,10238700.0,0.0,0.5682293659453421,138.75304179819216,134.95236133901489,53.50995512265333,-39.94040224455091,0.34471860926350484,136.80876668294272,134.14822031656902,25.709999084472656,21.8753992022139
307,2021-09-20,TRV,153.1999969482422,154.07000732421875,150.58999633789062,146.07115173339844,1958000.0,0.0,0.0693616333439877,154.97557000793918,147.52165747008817,46.98582023481947,-202.1433396735712,39.662453249746015,150.7017384847005,147.1413543701172,25.709999084472656,21.8753992022139
307,2021-09-20,UNH,416.9200134277344,419.29998779296875,408.7200012207031,401.49774169921875,2799800.0,0.0,0.07194343601986475,414.0860123624417,396.585688687363,50.3821611060655,-50.1311352055274,27.68775749035574,404.6524973551432,402.1923004150391,25.709999084472656,21.8753992022139
307,2021-09-20,V,216.9600067138672,220.5,216.30999755859375,216.7570037841797,8822600.0,0.0,-3.484427548280081,232.42720418166175,215.6928977470492,39.76631453538051,-180.60482345573462,52.03950049095044,226.24056345621744,231.98382263183595,25.709999084472656,21.8753992022139
307,2021-09-20,VZ,54.060001373291016,54.58000183105469,54.0099983215332,47.36153030395508,20440500.0,0.0,-0.26462480210303596,48.43436531643711,47.15546660800136,41.87889575872676,-123.45123697494512,22.124094132457113,48.04615516662598,48.38264045715332,25.709999084472656,21.8753992022139
307,2021-09-20,WBA,49.06999969482422,49.400001525878906,47.849998474121094,43.75394058227539,5325500.0,0.0,0.22728260626047359,47.01782993835139,42.67322612243962,47.8036464238549,-52.7708916108096,20.852701877910633,44.46757520039876,43.58083229064941,25.709999084472656,21.8753992022139
307,2021-09-20,WMT,143.5,145.19000244140625,141.6199951171875,138.37661743164062,8351500.0,0.0,-0.5738651318632719,146.21812037985998,138.50576572853848,46.09804391515367,-172.98929868594504,20.775017358475765,143.16434478759766,139.8215352376302,25.709999084472656,21.8753992022139
308,2021-09-21,AAPL,143.92999267578125,144.60000610351562,142.77999877929688,141.7895965576172,75834000.0,1.0,-0.644967482898835,155.78073651138203,141.0145790403758,47.406733527128466,-156.66702647253558,34.88794787430755,147.75756429036457,145.20479532877604,24.360000610351562,21.961204551763622
308,2021-09-21,AMGN,215.7100067138672,218.10000610351562,214.36000061035156,201.6659393310547,2112100.0,1.0,-3.407266653944532,213.8081689656674,198.70057889810215,39.33378790968462,-116.62926768748228,34.01439153768875,208.34528554280598,216.9610282897949,24.360000610351562,21.961204551763622
308,2021-09-21,AXP,161.91000366210938,165.35000610351562,161.69000244140625,158.43653869628906,3480600.0,1.0,-0.992808874384707,163.05486300317494,152.02977749975474,49.8035091276843,6.127559301227365,8.863611823384922,158.28742218017578,161.53766454060872,24.360000610351562,21.961204551763622
308,2021-09-21,BA,210.25,211.75999450683594,207.72000122070312,208.50999450683594,7139000.0,1.0,-3.6873027359721107,223.81562472939294,207.16937588095863,42.326413717151205,-112.03549508917095,36.89566115381406,219.07566680908204,224.0191665649414,24.360000610351562,21.961204551763622
308,2021-09-21,CAT,192.0,192.7100067138672,186.97999572753906,181.6949920654297,5699900.0,1.0,-4.045223295290185,210.38667207284385,184.6592873998124,36.90809057470792,-245.67344156184805,57.283992049248965,199.76433766682942,200.77095692952474,24.360000610351562,21.961204551763622
308,2021-09-21,CRM,259.4700012207031,262.54998779296875,257.7699890136719,257.9700012207031,6040600.0,1.0,1.2935167722848178,270.46565051250985,252.74534649676744,54.39195738137681,15.865204167513426,11.541144187342836,257.8286656697591,251.19299952189127,24.360000610351562,21.961204551763622
308,2021-09-21,CSCO,55.959999084472656,56.369998931884766,55.22999954223633,51.635948181152344,18700600.0,1.0,-0.11596699455295578,56.72610061853336,52.2214430978973,45.80133953520265,-112.447972566034,10.935682844298775,53.938973617553714,52.29330876668294,24.360000610351562,21.961204551763622
308,2021-09-21,CVX,95.56999969482422,95.88999938964844,94.02999877929688,87.997314453125,10958400.0,1.0,-0.7072977705777532,92.12461044986483,87.85192458431484,44.1274662830089,-124.68680030729756,33.06078755748486,90.45553258260091,91.81499341328939,24.360000610351562,21.961204551763622
308,2021-09-21,DIS,180.32000732421875,182.22999572753906,169.02999877929688,171.1699981689453,23216000.0,1.0,0.22408317301344027,188.61169738721583,174.28829956102635,42.445391649386565,-125.39518481496823,28.673066480332977,180.00733235677083,178.5561668395996,24.360000610351562,21.961204551763622
308,2021-09-21,GS,380.8500061035156,381.5,374.0799865722656,355.9660339355469,2377300.0,1.0,-2.506946808763246,404.5735235051215,361.7188287898004,44.32557959577218,-252.73335985939175,19.799074853970318,382.69427998860675,367.9619389851888,24.360000610351562,21.961204551763622
308,2021-09-21,HD,333.0299987792969,336.9700012207031,332.0,318.0060729980469,3171100.0,1.0,2.3735755251171327,323.02891127239,303.28487656940683,55.99820080164167,81.4758447568759,8.016844127480022,312.6229949951172,309.8639404296875,24.360000610351562,21.961204551763622
308,2021-09-21,HON,216.7899932861328,216.94000244140625,214.35000610351562,206.3168182373047,2568700.0,1.0,-3.1053191764817143,227.02600505287955,205.28019917075324,40.04032607753617,-175.23275157814726,45.97512201761161,217.90054372151693,217.33209991455078,24.360000610351562,21.961204551763622
308,2021-09-21,IBM,129.1682586669922,129.68450927734375,127.09368896484375,115.15699005126953,4261927.0,1.0,-1.3195124409618728,122.94591298968902,115.91498788921723,39.7442134062096,-196.24742490299266,44.27347863414012,120.38150126139323,120.90714937845866,24.360000610351562,21.961204551763622
308,2021-09-21,INTC,53.20000076293945,53.45000076293945,52.83000183105469,49.510955810546875,17968900.0,1.0,-0.0009052104265165895,51.612735571224434,49.298966394107595,44.7408281585006,-70.01974405331097,20.238966827254114,50.21705156962077,50.77371883392334,24.360000610351562,21.961204551763622
308,2021-09-21,JNJ,164.61000061035156,165.97999572753906,164.24000549316406,155.82168579101562,6663600.0,1.0,-2.2424364109868975,169.23860034761498,152.76000805082253,41.213419937354566,-125.0353227966968,44.48859451443029,162.88613942464193,161.4339261372884,24.360000610351562,21.961204551763622
308,2021-09-21,JPM,153.52999877929688,154.5500030517578,152.5800018310547,143.14402770996094,8999900.0,1.0,-0.46121564327810916,153.1692470338564,143.87101175520607,45.7225936897106,-180.96868604944413,21.78583800702666,148.27544250488282,145.83421681722004,24.360000610351562,21.961204551763622
308,2021-09-21,KO,54.38999938964844,54.81999969482422,53.939998626708984,50.90177536010742,16418200.0,1.0,-0.34681583704523433,53.47327040896005,50.98277397885734,43.37254159429278,-204.73397261256304,33.24250285763807,52.5405766805013,52.320040766398115,24.360000610351562,21.961204551763622
308,2021-09-21,MCD,240.0,242.35000610351562,239.39999389648438,230.12643432617188,2008300.0,1.0,1.145817326978971,232.85738450291765,224.2675483584105,54.26195886128832,94.813186500334,9.544995923380108,227.84711812337238,226.4395985921224,24.360000610351562,21.961204551763622
308,2021-09-21,MMM,180.97000122070312,181.0800018310547,177.6999969482422,162.621337890625,2980100.0,1.0,-3.828510590695089,183.0089441468159,160.7726781676372,34.99835513173264,-147.16174458956658,61.707747142853954,174.5466272989909,177.35433171590168,24.360000610351562,21.961204551763622
308,2021-09-21,MRK,72.4800033569336,72.68000030517578,71.7699966430664,67.67964935302734,11995900.0,1.0,-1.0920941807053737,73.4594353225556,66.26609263154594,40.51173373267754,-122.59825020395581,39.9750587973634,70.5977394104004,71.2634344736735,24.360000610351562,21.961204551763622
308,2021-09-21,MSFT,295.69000244140625,297.5400085449219,294.07000732421875,289.5542297363281,22364100.0,1.0,1.5416697596721747,300.80019646695047,288.7363300223073,54.96596739658055,-36.992851621347604,13.761745743359132,292.66709696451824,284.36924438476564,24.360000610351562,21.961204551763622
308,2021-09-21,NKE,155.08999633789062,156.1300048828125,153.5800018310547,151.65220642089844,5857900.0,1.0,-2.687151293543792,168.0507866694911,149.64744636273545,44.15922321085443,-153.9797836057156,26.752133058592293,161.26970926920572,160.35646184285483,24.360000610351562,21.961204551763622
308,2021-09-21,PG,142.97999572753906,144.52999877929688,142.8800048828125,136.2012481689453,6651300.0,1.0,0.45015872722510153,138.69819761111142,134.88919099972844,53.975186867291434,-24.009688372803428,0.34471860926349995,136.83826955159506,134.2915064493815,24.360000610351562,21.961204551763622
308,2021-09-21,TRV,153.19000244140625,154.22000122070312,151.67999267578125,146.36778259277344,1212700.0,1.0,-0.21724651742800916,155.2469266529184,146.67202781485506,47.39320764198839,-183.5480712268945,38.0454095734719,150.71610005696616,147.17470143636066,24.360000610351562,21.961204551763622
308,2021-09-21,UNH,415.010009765625,418.7799987792969,412.2099914550781,401.1474914550781,2382200.0,1.0,-0.18498536499976126,413.0529840159211,396.496802361032,50.213974605640544,-38.2574004881141,27.68775749035574,404.74677225748695,402.3350891113281,24.360000610351562,21.961204551763622
308,2021-09-21,V,220.75,222.1699981689453,218.97999572753906,216.8751983642578,7033600.0,1.0,-3.584408343722629,231.7254240833607,215.01858531605333,39.89729560146296,-142.84535977459333,42.526588213144315,225.60018259684244,231.70757115681965,24.360000610351562,21.961204551763622
308,2021-09-21,VZ,54.290000915527344,54.63999938964844,54.0099983215332,47.16078186035156,16906900.0,1.0,-0.2826189993559183,48.372567782159116,47.09593655133698,40.442213665545566,-120.52288875944585,19.25442690050623,48.014441045125324,48.35756511688233,24.360000610351562,21.961204551763622
308,2021-09-21,WBA,48.599998474121094,49.119998931884766,47.90999984741211,43.41041946411133,4614500.0,1.0,0.10218193176639545,47.04670724226107,42.600052553881504,46.79795707339569,-72.898345344001,20.852701877910636,44.49899253845215,43.52611910502116,24.360000610351562,21.961204551763622
308,2021-09-21,WMT,142.6999969482422,144.5800018310547,142.6699981689453,138.64805603027344,5812500.0,1.0,-0.7195748726250315,145.83129909116474,138.172301983054,46.69681223881902,-154.3183377688709,20.77501735847575,143.09886779785157,139.90228780110678,24.360000610351562,21.961204551763622
309,2021-09-22,AAPL,144.4499969482422,146.42999267578125,143.6999969482422,144.1819305419922,76404300.0,2.0,-0.7625187172585584,155.83068920393467,140.59193805436612,50.235579177200954,-109.22473394748295,23.13291021854502,147.76580251057942,145.39050750732423,20.8700008392334,14.35207572490551
309,2021-09-22,AMGN,216.55999755859375,216.55999755859375,213.4600067138672,200.05531311035156,2542800.0,2.0,-3.4935110814517714,213.55867621915934,197.9443602798641,38.23134210371222,-127.17111146688994,36.48695592503474,207.95282897949218,216.53434931437175,20.8700008392334,14.35207572490551
309,2021-09-22,AXP,165.6199951171875,168.6199951171875,164.89999389648438,162.53160095214844,3562800.0,2.0,-0.48428436242801354,163.76148223911937,151.93353424037284,53.43368204580352,99.01987183990134,19.037139103199046,158.22272847493488,161.58842976888022,20.8700008392334,14.35207572490551
309,2021-09-22,BA,210.0,217.99000549316406,209.64999389648438,216.97999572753906,10953000.0,2.0,-3.0999745707887314,223.15098495675443,207.38901595877292,47.124726049621096,-46.80017028121858,12.944628489140438,218.4490000406901,223.63616638183595,20.8700008392334,14.35207572490551
309,2021-09-22,CAT,192.0,194.5,191.16000366210938,183.14022827148438,3924400.0,2.0,-4.49656695824666,210.55046760820298,182.46262290693372,38.11737957532751,-188.00647880357107,49.373206618348156,199.03949737548828,200.39185791015626,20.8700008392334,14.35207572490551
309,2021-09-22,CRM,258.8999938964844,260.3599853515625,256.2099914550781,259.1700134277344,4355600.0,2.0,1.2069482896768022,270.4664753444346,252.69552264140526,55.17528333226922,1.9688479491341633,7.25312954297437,258.3546661376953,251.43633295694988,20.8700008392334,14.35207572490551
309,2021-09-22,CSCO,55.7599983215332,56.130001068115234,55.369998931884766,51.8788948059082,17940600.0,2.0,-0.23643434026676147,56.77926560055558,51.81319960940535,46.9963237949817,-110.77392761082169,10.935682844298764,53.936170450846355,52.338887786865236,20.8700008392334,14.35207572490551
309,2021-09-22,CVX,96.23999786376953,98.77999877929688,96.23999786376953,90.58573150634766,13292800.0,2.0,-0.5679056107865676,92.10258946021388,87.8553908864658,48.52098201492485,-5.663079052277572,9.270744222116603,90.36021931966145,91.7381965637207,20.8700008392334,14.35207572490551
309,2021-09-22,DIS,172.94000244140625,175.33999633789062,171.66000366210938,173.64999389648438,14214500.0,2.0,-0.350904330213865,189.0820064679792,173.33598974784113,44.94644180297149,-131.45616053060215,28.673066480332977,179.8933319091797,178.50749994913738,20.8700008392334,14.35207572490551
309,2021-09-22,GS,380.79998779296875,389.2900085449219,379.7099914550781,365.0867919921875,2991300.0,2.0,-3.070761785599757,405.01092445176386,359.2816414662049,48.33833129754867,-158.84038086286918,6.27520681173371,382.0462209065755,368.2546457926432,20.8700008392334,14.35207572490551
309,2021-09-22,HD,335.8500061035156,339.0,333.4599914550781,319.63311767578125,2872800.0,2.0,2.4736102574298116,323.6691668971908,303.8504925266373,56.9852294932179,100.62454276402941,12.96119289752209,312.8173136393229,310.23247985839845,20.8700008392334,14.35207572490551
309,2021-09-22,HON,216.44000244140625,218.42999267578125,216.32000732421875,208.35214233398438,2281100.0,2.0,-3.1735696445643953,226.6374652281757,204.38034177866024,42.402538259302894,-131.83192553800572,35.22259599677055,217.45446370442707,217.34955596923828,20.8700008392334,14.35207572490551
309,2021-09-22,IBM,127.83938598632812,129.4168243408203,127.60037994384766,116.59461212158203,3767901.0,2.0,-1.3425771771009778,122.84431425958502,115.56538193792474,42.939821253133125,-156.3577574418212,44.27347863414013,120.18664321899413,120.77715225219727,20.8700008392334,14.35207572490551
309,2021-09-22,INTC,53.400001525878906,53.869998931884766,53.0,50.10092544555664,18594100.0,2.0,-0.02727621867553154,51.60886975224707,49.27380122248437,47.092051970158735,-19.594325727206517,12.17405303927206,50.20331662495931,50.71739209493001,20.8700008392334,14.35207572490551
309,2021-09-22,JNJ,165.35000610351562,165.9499969482422,163.6300048828125,155.25340270996094,5657100.0,2.0,-2.3088644216180967,168.70918343575363,152.20407950369952,40.37251877722194,-117.90250982779936,46.908959463765584,162.60790456136067,161.4477991739909,20.8700008392334,14.35207572490551
309,2021-09-22,JPM,155.1999969482422,157.25,155.10000610351562,145.8856658935547,11236200.0,2.0,-0.5007008467582068,153.21706935385632,143.65850590249133,49.229429550055706,-79.5874047436399,6.567949882000406,148.17095642089845,145.87264658610027,20.8700008392334,14.35207572490551
309,2021-09-22,KO,54.5099983215332,54.560001373291016,54.060001373291016,50.977115631103516,12719700.0,2.0,-0.39306916581228535,53.52193223596464,50.79657438634982,43.83253376201074,-186.16693808386447,33.24250285763807,52.470116806030276,52.32437985738118,20.8700008392334,14.35207572490551
309,2021-09-22,MCD,241.8000030517578,245.86000061035156,241.47000122070312,232.6429901123047,3361900.0,2.0,1.2909856676254208,233.43473577159364,224.2643227611212,56.822052400952195,193.47976522186704,6.9718974250583585,228.19646606445312,226.65170415242514,20.8700008392334,14.35207572490551
309,2021-09-22,MMM,179.30999755859375,180.9499969482422,178.94000244140625,163.91561889648438,2220800.0,2.0,-3.8699553796729447,182.54369729292569,159.87895132767977,36.942529905059054,-124.05738311416123,61.70774714285396,174.00277862548828,177.1238655090332,20.8700008392334,14.35207572490551
309,2021-09-22,MRK,72.33000183105469,72.41000366210938,71.86000061035156,67.7454833984375,9028700.0,2.0,-1.0832077173180181,73.1284644155607,66.12784051607991,40.786610516662186,-113.56858189269775,39.975058797363396,70.51993331909179,71.1985897064209,20.8700008392334,14.35207572490551
309,2021-09-22,MSFT,296.7300109863281,300.2200012207031,294.510009765625,293.2669372558594,26626300.0,2.0,1.409903180527749,300.52064640651656,288.61906611789755,57.56278957933378,-9.107804868264292,4.466622742408823,293.082480875651,284.86646067301433,20.8700008392334,14.35207572490551
309,2021-09-22,NKE,156.7899932861328,158.0,155.60000610351562,154.0196075439453,6844800.0,2.0,-2.6101359095821692,167.0393013642269,149.45956948538247,47.302174438214095,-112.87957381910442,17.16953804678407,160.79537048339844,160.44338200887043,20.8700008392334,14.35207572490551
309,2021-09-22,PG,143.82000732421875,144.35000610351562,142.86000061035156,136.6676025390625,6332500.0,2.0,0.3897252850778159,138.70328123791563,134.92408082263125,55.01248408236126,-21.939347217451324,0.5231145120478503,136.88046366373698,134.4362594604492,20.8700008392334,14.35207572490551
309,2021-09-22,TRV,154.10000610351562,155.5800018310547,153.27999877929688,147.71690368652344,1440800.0,2.0,-0.331699123603471,155.12546270308337,146.27972070756118,49.22885955905183,-131.86538423472868,24.116970104338645,150.74847056070965,147.26653391520182,20.8700008392334,14.35207572490551
309,2021-09-22,UNH,404.94000244140625,412.0,404.94000244140625,397.6062927246094,3629400.0,2.0,-0.666663550964131,412.5432063632159,395.71958050201846,48.51991199941603,-130.01741568394945,38.934065324252146,404.693598429362,402.4752482096354,20.8700008392334,14.35207572490551
309,2021-09-22,V,221.39999389648438,224.10000610351562,221.10000610351562,219.41659545898438,6005900.0,2.0,-3.4191603856583868,230.5722143489179,215.03998657881647,42.67027818861299,-99.38313275555808,32.30015456530198,225.10779876708983,231.5266316731771,20.8700008392334,14.35207572490551
309,2021-09-22,VZ,54.13999938964844,54.38999938964844,54.02000045776367,47.18696594238281,15907900.0,2.0,-0.2914075291286906,48.36102180147768,47.02456055020689,40.716627989972736,-121.9191852322409,19.25442690050622,47.97312558492025,48.33580334981283,20.8700008392334,14.35207572490551
309,2021-09-22,WBA,48.540000915527344,48.68000030517578,47.95000076293945,43.40137481689453,3896300.0,2.0,0.002282606025623579,47.06725334748195,42.5496736086948,46.771156605044,-85.52907113443332,20.852701877910643,44.500566991170246,43.47050921122233,20.8700008392334,14.35207572490551
309,2021-09-22,WMT,143.47000122070312,143.60000610351562,142.2899932861328,138.32815551757812,5014800.0,2.0,-0.8510537716975364,145.696489756501,137.70509715756148,46.0728391560764,-155.43205999872546,23.453241030239894,142.92292073567708,139.98463033040363,20.8700008392334,14.35207572490551
310,2021-09-23,AAPL,146.64999389648438,147.0800018310547,145.63999938964844,145.15074157714844,64838200.0,3.0,-0.7686435195249715,155.8492024611193,140.4221766282362,51.33221199529774,-78.85537889918487,19.189041315711574,147.79776662190756,145.56686706542968,18.6299991607666,42.47685462514784
310,2021-09-23,AMGN,212.50999450683594,215.55999755859375,212.3000030517578,201.37567138671875,2181500.0,3.0,-3.4159416840170422,213.441849689622,197.44877378449908,39.66543713879618,-120.99778773561191,39.605004176927665,207.5991190592448,216.13556111653645,18.6299991607666,42.47685462514784
310,2021-09-23,AXP,169.49000549316406,174.10000610351562,169.30999755859375,168.2278594970703,4399200.0,3.0,0.3740535791549462,165.59158686840942,150.80017491137573,57.8228630598317,223.61319511540276,32.529617844446676,158.3097412109375,161.74268188476563,18.6299991607666,42.47685462514784
310,2021-09-23,BA,217.80999755859375,222.6199951171875,217.14999389648438,221.10000610351562,9344600.0,3.0,-2.275828034504059,223.1653119604094,207.38168968753982,49.24939313252063,28.723285901376254,0.8380749016738912,217.83600006103515,223.3918332417806,18.6299991607666,42.47685462514784
310,2021-09-23,CAT,192.91000366210938,197.60000610351562,192.85000610351562,188.18411254882812,3367800.0,3.0,-4.3965797209658035,209.47459359393136,181.80232443585382,42.122501328765345,-136.80899728015342,36.64938409171381,198.24064127604166,200.11538747151693,18.6299991607666,42.47685462514784
310,2021-09-23,CRM,270.0,279.3900146484375,266.3999938964844,277.8599853515625,15617200.0,3.0,2.6163075147231893,273.9025104286728,250.96048548197166,64.89084126792642,183.37826922685755,38.222421679627914,259.54066569010416,251.97049942016602,18.6299991607666,42.47685462514784
310,2021-09-23,CSCO,55.70000076293945,56.900001525878906,55.599998474121094,52.972164154052734,16262500.0,3.0,-0.24091081024449323,56.65902209859752,51.68488850015737,51.93017174482592,-74.77827998153431,2.985345291520808,53.962022654215495,52.40346126556396,18.6299991607666,42.47685462514784
310,2021-09-23,CVX,98.23999786376953,100.2699966430664,97.75,92.83089447021484,10094900.0,3.0,-0.27312205131647715,92.45491334841691,87.6468673522667,51.91387728188003,89.93747899114334,0.5306121339924246,90.31624984741211,91.70232810974122,18.6299991607666,42.47685462514784
310,2021-09-23,DIS,174.94000244140625,177.19000244140625,174.3699951171875,176.25,8052900.0,3.0,-0.5899863107501062,189.1897768745892,173.02221958537172,47.42428694580677,-80.36528410854689,20.850708568793365,179.83199869791667,178.54616673787436,18.6299991607666,42.47685462514784
310,2021-09-23,GS,390.3900146484375,393.739990234375,388.17999267578125,371.1388854980469,2518000.0,3.0,-2.994714644071564,404.33760081893087,358.1305876576317,50.77379087667513,-96.83517661813586,0.5782967846994813,381.4139017740885,368.5867980957031,18.6299991607666,42.47685462514784
310,2021-09-23,HD,337.8399963378906,339.5199890136719,335.6000061035156,319.61407470703125,2426600.0,3.0,2.5222766597981376,324.0466990522362,304.77348222217785,56.969756934415685,112.19018218736782,14.22368956635662,312.83681030273436,310.53822123209636,18.6299991607666,42.47685462514784
310,2021-09-23,HON,217.3000030517578,221.3699951171875,217.3000030517578,210.92507934570312,2180000.0,3.0,-2.9856276611352257,225.92256257319963,204.04301665043317,45.22458471155766,-93.0825714748229,17.03862133291862,217.02083587646484,217.42328186035155,18.6299991607666,42.47685462514784
310,2021-09-23,IBM,129.30210876464844,131.37667846679688,129.09178161621094,118.41328430175781,3151807.0,3.0,-1.200268552271723,122.60836531277323,115.53026078585958,46.643035049340774,-82.96439319875898,19.502620607460123,120.03075586954752,120.67375666300455,18.6299991607666,42.47685462514784
310,2021-09-23,INTC,53.75,54.29999923706055,53.599998474121094,50.597259521484375,16474300.0,3.0,-0.008032823427100766,51.62094393263164,49.28232945909199,48.98129035033609,44.53041864723055,4.502780670266646,50.199883143107094,50.680657641092935,18.6299991607666,42.47685462514784
310,2021-09-23,JNJ,164.39999389648438,165.77000427246094,164.14999389648438,156.13418579101562,4697900.0,3.0,-2.2643354158277305,168.1889585629221,151.83689592926538,42.26138059072578,-100.64593862871996,46.908959463765584,162.35808766682942,161.4761942545573,18.6299991607666,42.47685462514784
310,2021-09-23,JPM,158.0,161.7100067138672,157.6699981689453,150.8168182373047,12336100.0,3.0,-0.13256227680091115,153.25330181848136,143.64660357702644,54.67782512398995,57.76995252348784,12.695358116213418,148.17157999674478,145.99620869954427,18.6299991607666,42.47685462514784
310,2021-09-23,KO,54.2599983215332,54.619998931884766,54.0,50.89236068725586,13836200.0,3.0,-0.43158918625509557,53.552287349602835,50.61459726343428,43.42205109759401,-171.24873992869487,34.18852611180154,52.39901275634766,52.333537610371906,18.6299991607666,42.47685462514784
310,2021-09-23,MCD,243.74000549316406,245.9499969482422,243.52999877929688,234.2218017578125,2941700.0,3.0,1.5159545481994599,234.30299120001882,224.0900065416804,58.33558095689896,220.26407948107553,7.354758342920709,228.53182474772134,226.90154342651368,18.6299991607666,42.47685462514784
310,2021-09-23,MMM,180.14999389648438,182.85000610351562,180.0,165.45596313476562,2186500.0,3.0,-3.7354478491269276,181.8784160363928,159.3766636144861,39.182051183989415,-98.61155754743936,44.77964569895492,173.44032287597656,176.9261573791504,18.6299991607666,42.47685462514784
310,2021-09-23,MRK,72.68000030517578,74.04000091552734,72.56999969482422,68.69527435302734,12813500.0,3.0,-0.9881343411661447,72.83427091517429,66.10837282261868,44.60662754622466,-69.79388174271666,11.25901245536138,70.47316563924154,71.14413808186849,18.6299991607666,42.47685462514784
310,2021-09-23,MSFT,298.8500061035156,300.8999938964844,297.5299987792969,294.22955322265625,18604600.0,3.0,1.3673898616772249,300.3212251777162,288.5778531914244,58.209140333098865,11.264051768279723,2.201710489468601,293.51328633626304,285.33593292236327,18.6299991607666,42.47685462514784
310,2021-09-23,NKE,158.7100067138672,160.2899932861328,158.27000427246094,156.11312866210938,11981500.0,3.0,-2.353046549079693,165.82180868221448,149.7007239715941,49.882668608341824,-72.1570080638339,6.617998848176182,160.42337036132812,160.50675684611002,18.6299991607666,42.47685462514784
310,2021-09-23,PG,144.05999755859375,144.69000244140625,143.49000549316406,137.22911071777344,5171200.0,3.0,0.3827285080780882,138.719322755708,135.0527017804248,56.24089289157215,19.54658874384105,2.643284517706991,136.93026987711588,134.6048734029134,18.6299991607666,42.47685462514784
310,2021-09-23,TRV,155.57000732421875,157.3699951171875,155.4600067138672,149.28611755371094,821900.0,3.0,-0.2924104681122799,154.4704904376415,146.39324247251477,51.274635507033686,-64.21638959963173,8.687964349248837,150.77002970377603,147.3834098815918,18.6299991607666,42.47685462514784
310,2021-09-23,UNH,409.79998779296875,414.8500061035156,407.510009765625,396.9544677734375,2681600.0,3.0,-1.088446871674023,412.51702274922553,394.74938044901666,48.210207300764,-105.85065530367974,30.433220548408833,404.74925231933594,402.6588333129883,18.6299991607666,42.47685462514784
310,2021-09-23,V,225.0,228.6999969482422,224.36000061035156,224.89340209960938,7952700.0,3.0,-2.813831565294322,229.8532822951299,215.33732439432325,48.017055989162984,-21.904282910403037,11.852815252950839,224.89667256673178,231.40647786458334,18.6299991607666,42.47685462514784
310,2021-09-23,VZ,54.20000076293945,54.61000061035156,54.0099983215332,47.50120544433594,14714100.0,3.0,-0.2699047072378349,48.33283081915469,47.008236304258396,43.924297633479796,-90.6138718087403,8.565347255010856,47.939666112264,48.324170176188154,18.6299991607666,42.47685462514784
310,2021-09-23,WBA,47.95000076293945,48.810001373291016,47.75,43.80817794799805,2947200.0,3.0,-0.0435605772561658,47.07318835924219,42.52656215955664,48.152678356058686,-71.92587906274478,23.178551529490257,44.4772082010905,43.424961725870766,18.6299991607666,42.47685462514784
310,2021-09-23,WMT,143.22000122070312,143.6300048828125,142.4499969482422,138.4056854248047,5195100.0,3.0,-0.9381809647340162,145.44194161363248,137.3595674806058,46.25289667805899,-138.8561401897102,23.10206236632922,142.7067377726237,140.0811429341634,18.6299991607666,42.47685462514784
311,2021-09-24,AAPL,145.66000366210938,147.47000122070312,145.55999755859375,145.23968505859375,53477900.0,4.0,-0.7575874769742654,155.86149982693573,140.3485877585135,51.43385423544942,-73.15329549288224,16.789867886453465,147.73284962972005,145.7343437194824,17.75,37.235673739122575
311,2021-09-24,AMGN,214.75,215.52999877929688,213.1999969482422,200.02723693847656,1908600.0,4.0,-3.4238072496015377,213.36949219272154,196.78511138393864,38.7157965476607,-113.6315900464574,39.60500417692768,207.19984181722006,215.69432067871094,17.75,37.235673739122575
311,2021-09-24,AXP,173.3699951171875,176.0,173.3000030517578,170.51795959472656,2680400.0,4.0,1.2249638992491327,167.87826887213168,149.50426744378626,59.41388829529427,264.2846075673828,36.454487647511876,158.54263559977213,161.91929372151694,17.75,37.235673739122575
311,2021-09-24,BA,219.1300048828125,222.41000366210938,218.66000366210938,221.38999938964844,6498200.0,4.0,-1.5810604515182263,223.85996691392046,207.17603467299358,49.39744829888324,49.46964072881815,0.83807490167388,217.27633361816407,223.08899993896483,17.75,37.235673739122575
311,2021-09-24,CAT,195.64999389648438,197.7899932861328,194.92999267578125,188.37554931640625,2199500.0,4.0,-4.2528673602014635,208.78814332020812,181.10864317881533,42.26920401571294,-119.39661794606747,35.89104891992042,197.49346872965495,199.80196533203124,17.75,37.235673739122575
311,2021-09-24,CRM,278.5,286.3599853515625,278.2099914550781,285.6300048828125,13368300.0,4.0,4.310521485389415,278.6691189099401,247.9778766344935,67.88449563892863,256.90301010761124,45.36504570708503,260.781999206543,252.6598327636719,17.75,37.235673739122575
311,2021-09-24,CSCO,56.45000076293945,56.810001373291016,56.220001220703125,53.00954055786133,13156400.0,4.0,-0.23869100026232104,56.53397360743256,51.57913636266022,52.08790328493642,-65.88712213284309,2.9853452915208045,53.97261276245117,52.46726570129395,17.75,37.235673739122575
311,2021-09-24,CVX,99.6500015258789,100.97000122070312,99.6500015258789,93.3318862915039,8225300.0,4.0,0.0009113904374800086,93.02506943133028,87.3902908286795,52.63450065428101,153.29941697283047,4.818219735955312,90.29538803100586,91.65985781351725,17.75,37.235673739122575
311,2021-09-24,DIS,175.3000030517578,176.6999969482422,175.0800018310547,176.0,5712800.0,4.0,-0.7905207819879081,189.23165342574157,172.92434327835997,47.2129192950934,-76.8987864868884,20.85070856879337,179.7223322550456,178.55,17.75,37.235673739122575
311,2021-09-24,GS,390.4700012207031,392.489990234375,388.6000061035156,370.1823425292969,1789700.0,4.0,-2.9773111700786217,403.6333707855315,356.9817110015779,50.385426358375284,-92.8322772418922,0.578296784699498,380.71482645670574,368.7944595336914,17.75,37.235673739122575
311,2021-09-24,HD,336.7799987792969,337.8399963378906,335.54998779296875,321.1174011230469,2004900.0,4.0,2.651585188745571,324.0813922746541,306.4168468610881,57.90320626925233,107.82350947172567,14.053581548176084,313.0004526774089,310.8587626139323,17.75,37.235673739122575
311,2021-09-24,HON,219.74000549316406,220.80999755859375,218.47000122070312,210.4354705810547,1949100.0,4.0,-2.843412531000155,225.06699917344235,203.7762717005811,44.79255862598306,-85.75091822398406,17.038621332918627,216.61281026204426,217.43466033935547,17.75,37.235673739122575
311,2021-09-24,IBM,131.0038299560547,132.3900604248047,130.73614501953125,119.07147216796875,3100762.0,4.0,-1.0225899018699067,122.51316476916321,115.51374257946961,47.90873074319706,-35.488879479312324,9.14474929950962,119.86967341105144,120.5664899190267,17.75,37.235673739122575
311,2021-09-24,INTC,53.779998779296875,54.41999816894531,53.72999954223633,50.77518081665039,12976200.0,4.0,0.021328604640352467,51.63228284339695,49.373064599230005,49.648034729026385,58.97289515026319,2.4134635774101807,50.22110964457194,50.656347783406574,17.75,37.235673739122575
311,2021-09-24,JNJ,164.75,165.64999389648438,163.88999938964844,155.6606903076172,4399300.0,4.0,-2.2414153453989343,167.74535257382033,151.43382070498828,41.52976437405071,-95.62762509243942,48.01292448622047,162.04855194091797,161.48555730183918,17.75,37.235673739122575
311,2021-09-24,JPM,161.44000244140625,163.58999633789062,160.82000732421875,152.55723571777344,10102400.0,4.0,0.2962127810297943,153.4940353929731,143.52657617929253,56.386675561996626,132.65340749246587,19.270710377286104,148.2105682373047,146.12706985473633,17.75,37.235673739122575
311,2021-09-24,KO,54.0,54.2400016784668,53.86000061035156,50.7510871887207,9682200.0,4.0,-0.4681199749608922,53.60992179400122,50.44075302594508,42.73201699670736,-172.31746427739407,36.43523528051639,52.31977233886719,52.33644625345866,17.75,37.235673739122575
311,2021-09-24,MCD,246.63999938964844,247.3800048828125,245.24000549316406,235.79107666015625,2508800.0,4.0,1.8001207055518478,235.299623952175,224.12315131637968,59.785047351212555,244.48369056180786,13.407921016668043,228.88396657307942,227.1677032470703,17.75,37.235673739122575
311,2021-09-24,MMM,181.5,182.07000732421875,180.6199951171875,165.0093536376953,2076900.0,4.0,-3.6231222184183594,180.92773463361195,159.0257886207826,38.76906323367451,-93.56971253034523,44.77964569895491,172.86720072428386,176.68180923461915,17.75,37.235673739122575
311,2021-09-24,MRK,73.58999633789062,74.62999725341797,73.3499984741211,69.22189331054688,14714700.0,4.0,-0.8603763735964094,72.60734619644371,66.12090011092933,46.58320975606166,-45.39776614291434,3.07696927834752,70.41816584269206,71.08976453145345,17.75,37.235673739122575
311,2021-09-24,MSFT,298.2300109863281,299.79998779296875,296.92999267578125,294.02325439453125,14999000.0,4.0,1.3020420288621608,300.3288600040928,288.595752422665,58.01324884036393,-7.941960418962434,4.161586387158132,293.84375813802086,285.8101359049479,17.75,37.235673739122575
311,2021-09-24,NKE,151.0399932861328,151.85000610351562,148.0,146.3401336669922,26913300.0,4.0,-2.9044200520106926,166.07425070225213,147.77983254970098,40.342668221176226,-191.4507580177847,34.77630871805056,159.7461140950521,160.43101399739584,17.75,37.235673739122575
311,2021-09-24,PG,143.8000030517578,144.4499969482422,143.08999633789062,136.6199951171875,5009400.0,4.0,0.32429470601641697,138.6674727291967,135.2120957522486,54.56879325736993,-21.834044704708745,1.2679793965849695,136.94930369059244,134.75498123168944,17.75,37.235673739122575
311,2021-09-24,TRV,155.97000122070312,156.77999877929688,155.47999572753906,149.7071533203125,833600.0,4.0,-0.22470954618242445,154.2666463964822,146.34609316650608,51.81355776585423,-66.72149806575864,8.687964349248842,150.79674326578777,147.50428975423176,17.75,37.235673739122575
311,2021-09-24,UNH,406.94000244140625,407.8900146484375,405.2300109863281,396.0302429199219,1950400.0,4.0,-1.480227275112668,412.73436614660733,393.72339752526767,47.763019973683555,-162.05498010432132,33.89228011574419,404.8316192626953,402.7892054239909,17.75,37.235673739122575
311,2021-09-24,V,228.92999267578125,231.9499969482422,228.6199951171875,228.1243133544922,6461200.0,4.0,-2.049768126553545,230.05653938132667,215.2394673935757,50.81638305296449,41.36490922398932,0.16140380323953352,224.89010620117188,231.37509333292644,17.75,37.235673739122575
311,2021-09-24,VZ,54.36000061035156,54.56999969482422,54.25,47.457550048828125,12663900.0,4.0,-0.25346441158336575,48.329622856498865,46.99136751520523,43.58537704679515,-78.12055119053032,8.56534725501085,47.90271492004395,48.309076118469235,17.75,37.235673739122575
311,2021-09-24,WBA,48.63999938964844,48.66999816894531,48.2400016784668,43.67258071899414,3457200.0,4.0,-0.08979805732904822,47.04066293675887,42.60157644312394,47.72555680417985,-62.36763662307492,23.17855152949025,44.461265309651694,43.367903836568196,17.75,37.235673739122575
311,2021-09-24,WMT,142.5,143.69000244140625,142.49000549316406,138.79345703125,4453500.0,4.0,-0.9648181420719766,145.3393939124682,137.05689209827398,47.16564309493745,-121.4996411373839,22.357927881033206,142.51640625,140.1242342631022,17.75,37.235673739122575
312,2021-09-27,AAPL,145.47000122070312,145.9600067138672,143.82000732421875,143.70741271972656,74150700.0,0.0,-0.862524411102271,155.93420887739242,139.956571762256,49.588176584909,-106.68897572307938,24.078356760291484,147.6099370320638,145.871183013916,18.760000228881836,20.79994544181433
312,2021-09-27,AMGN,213.25,214.9499969482422,212.6999969482422,199.55902099609375,1943000.0,0.0,-3.4283025428324265,213.09063290473685,196.15845919731393,38.38568860368311,-113.00738422244422,41.030882823779045,206.73756561279296,215.19649200439454,18.760000228881836,20.79994544181433
312,2021-09-27,AXP,177.6699981689453,178.8000030517578,176.3300018310547,171.5369110107422,3703300.0,0.0,1.9589557000393256,169.72924590413717,148.44125427896827,60.10655416944906,269.9179286221054,41.78891464806615,158.88842061360677,162.07827707926432,18.760000228881836,20.79994544181433
312,2021-09-27,BA,224.0,228.60000610351562,223.8800048828125,224.16000366210938,9749200.0,0.0,-0.797740090389766,224.41767355086927,206.85932840225576,50.81529142399164,137.20761031315433,16.41964551075744,216.93300018310546,222.8295000712077,18.760000228881836,20.79994544181433
312,2021-09-27,CAT,197.60000610351562,201.99000549316406,197.60000610351562,191.4191131591797,3033100.0,0.0,-3.849015063196731,207.61802806416304,181.05080433329792,44.57955848009418,-74.17360865314349,20.136100113557127,196.9010264078776,199.55386606852213,18.760000228881836,20.79994544181433
312,2021-09-27,CRM,282.44000244140625,283.760009765625,279.0400085449219,279.67999267578125,5941100.0,0.0,5.114129503038384,280.9464458119636,247.0155491221184,63.589287660104034,199.86265792670295,45.365045707085024,261.7193323771159,253.23816604614257,18.760000228881836,20.79994544181433
312,2021-09-27,CSCO,56.459999084472656,56.66999816894531,56.04999923706055,52.53298568725586,13859500.0,0.0,-0.27224748069195925,56.436278075747595,51.41519477886666,49.92707262973301,-80.21634744784095,0.17496636426933423,53.96482594807943,52.51632264455159,18.760000228881836,20.79994544181433
312,2021-09-27,CVX,102.58999633789062,103.77999877929688,102.58999633789062,95.53067016601562,12697500.0,0.0,0.39100113233750733,94.06557743332326,86.7515002033955,55.65193886009356,284.6460295713907,19.675588354516606,90.36856842041016,91.63160641988118,18.760000228881836,20.79994544181433
312,2021-09-27,DIS,176.6300048828125,179.4499969482422,175.9600067138672,178.25999450683594,7755000.0,0.0,-0.7583414380307261,189.2260534882353,172.74194272758504,49.32505411362073,-35.856455066424985,9.539530679290893,179.62833201090496,178.56666666666666,18.760000228881836,20.79994544181433
312,2021-09-27,GS,396.5799865722656,401.0,395.17999267578125,378.6684875488281,2788500.0,0.0,-2.25278906017752,401.6562972374571,357.2681198768007,53.63984946596951,-29.196609937823016,12.858484888727395,380.43120625813805,369.2148752848307,18.760000228881836,20.79994544181433
312,2021-09-27,HD,336.8699951171875,343.739990234375,336.8699951171875,324.8472595214844,2966100.0,0.0,3.0202163564430293,324.91580332516446,307.4536150097965,60.12343154304643,148.05495053840644,27.641275151388722,313.3736246744792,311.1996571858724,18.760000228881836,20.79994544181433
312,2021-09-27,HON,218.94000244140625,219.8300018310547,217.72999572753906,209.1969757080078,2199300.0,0.0,-2.798384170698654,224.0608070628156,203.51134412126643,43.70014637841507,-92.49735166942551,20.127846653780608,216.1692626953125,217.40515696207683,18.760000228881836,20.79994544181433
312,2021-09-27,IBM,131.89292907714844,132.95411682128906,131.4340362548828,119.99813842773438,3459017.0,0.0,-0.7978074410681586,122.41510585873272,115.53818927676534,49.648328396435325,0.7922742208824715,3.7920806912771514,119.73630396525066,120.47109985351562,18.760000228881836,20.79994544181433
312,2021-09-27,INTC,53.939998626708984,54.869998931884766,53.81999969482422,51.187232971191406,13899900.0,0.0,0.07695976882023814,51.708736105298144,49.36871903386201,51.17667316868535,90.8106048800117,5.185442859961338,50.25763181050618,50.640921401977536,18.760000228881836,20.79994544181433
312,2021-09-27,JNJ,164.0,164.36000061035156,162.85000610351562,154.53366088867188,5775500.0,0.0,-2.2878203111566506,167.33151030215873,150.92332368221628,39.83186123259533,-102.67498737739986,52.25781440603395,161.66849772135416,161.45699310302734,18.760000228881836,20.79994544181433
312,2021-09-27,JPM,165.0,167.39999389648438,164.61000061035156,156.24391174316406,13220900.0,0.0,0.9228658251616082,154.5098976611431,142.87844767577099,59.71511199683106,233.3830517608225,30.59487492159208,148.42889963785808,146.2954968770345,18.760000228881836,20.79994544181433
312,2021-09-27,KO,53.849998474121094,54.25,53.56999969482422,50.487403869628906,12429500.0,0.0,-0.5124408294589458,53.6764019065722,50.2214122718946,41.4598811636762,-167.80474429453935,40.90259165477399,52.21959139506022,52.337296867370604,18.760000228881836,20.79994544181433
312,2021-09-27,MCD,246.0,248.89999389648438,245.27999877929688,237.40817260742188,2463300.0,0.0,2.131242919150509,236.56092895936192,224.00289550352872,61.22310363020079,236.850594477278,19.39207379541926,229.22180887858073,227.44051284790038,18.760000228881836,20.79994544181433
312,2021-09-27,MMM,180.8300018310547,183.16000366210938,180.80999755859375,165.69293212890625,2052100.0,0.0,-3.4392981868730033,179.83356633394683,158.91137079984222,39.774180248548184,-80.79861711410223,35.482345181880135,172.34249369303384,176.4419189453125,18.760000228881836,20.79994544181433
312,2021-09-27,MRK,73.51000213623047,74.2699966430664,73.33999633789062,68.9867935180664,8630600.0,0.0,-0.7692306403012452,72.39718047843643,66.11832245125107,45.82800102324194,-48.618550744598366,3.2059670762627674,70.33420333862304,71.02805506388346,18.760000228881836,20.79994544181433
312,2021-09-27,MSFT,296.1400146484375,296.4700012207031,292.94000244140625,288.9354553222656,23571700.0,0.0,0.8301411850928275,300.55631209590956,287.8231739880748,53.42618288853446,-101.88409329332508,16.1118573411207,293.9052978515625,286.1881042480469,18.760000228881836,20.79994544181433
312,2021-09-27,NKE,149.50999450683594,149.91000366210938,147.2899932861328,144.82382202148438,11479300.0,0.0,-3.4242683687405986,165.9868844875925,145.95564786104032,39.141187620751026,-186.86383078978784,36.198089430714944,158.9841303507487,160.27286427815756,18.760000228881836,20.79994544181433
312,2021-09-27,PG,143.14999389648438,143.1699981689453,141.52000427246094,134.82125854492188,5749700.0,0.0,0.13132861366750603,138.76684211215976,135.05086571254728,50.02529177377448,-154.61469049594416,14.876941968614824,136.88649037679036,134.87022323608397,18.760000228881836,20.79994544181433
312,2021-09-27,TRV,157.69000244140625,158.14999389648438,156.1699981689453,149.5444793701172,1106300.0,0.0,-0.18208356011413684,153.58274998604898,146.5610015398299,51.585512503763596,-43.85103432027089,1.9697017290998593,150.82374318440756,147.58883743286134,18.760000228881836,20.79994544181433
312,2021-09-27,UNH,407.8299865722656,412.1499938964844,404.9599914550781,394.2694091796875,2608600.0,0.0,-1.9107744163426332,412.85339499850716,392.43447731594597,46.90551167516652,-148.93643850717194,21.796661323775957,404.735400390625,402.8183293660482,18.760000228881836,20.79994544181433
312,2021-09-27,V,231.72000122070312,233.3300018310547,228.77000427246094,226.1641082763672,6881100.0,0.0,-1.5841533801932997,229.44796139857868,215.54367068149946,49.15503540121624,40.555114716531456,4.3754061474247585,224.7899617513021,231.2892333984375,18.760000228881836,20.79994544181433
312,2021-09-27,VZ,54.45000076293945,54.650001525878906,54.380001068115234,47.54484558105469,13118200.0,0.0,-0.23073160858150032,48.31472954160092,46.98007522219303,44.4716856412812,-58.4526923303821,4.6670234878454355,47.86198145548503,48.29169648488362,18.760000228881836,20.79994544181433
312,2021-09-27,WBA,48.349998474121094,49.209999084472656,48.290000915527344,44.115543365478516,6688800.0,0.0,-0.08966461199902653,47.031473409213916,42.63969472738276,49.24692027849351,-33.90970607680567,12.93902634157432,44.46098314921061,43.37641633351644,18.760000228881836,20.79994544181433
312,2021-09-27,WMT,142.8699951171875,143.5500030517578,141.83999633789062,137.90159606933594,7083600.0,0.0,-1.0458382507137287,145.36241862161495,136.61991780416628,45.333908114039005,-126.8183977160934,27.437727368116377,142.28115692138672,140.17982813517253,18.760000228881836,20.79994544181433
313,2021-09-28,AAPL,143.25,144.75,141.69000244140625,140.28700256347656,108972300.0,1.0,-1.2077638516031186,155.900638583698,138.88196487089184,45.79348921501351,-147.71244056924775,31.88559988430709,147.30644938151042,145.90676091512043,23.25,26.29541129170484
313,2021-09-28,AMGN,212.3000030517578,214.75999450683594,211.64999389648438,198.7724609375,2919000.0,1.0,-3.4555010531110497,212.541285679459,195.5972244523769,37.82521122647881,-114.75259724520325,43.998874107376025,206.15074666341147,214.65767669677734,23.25,26.29541129170484
313,2021-09-28,AXP,175.49000549316406,177.24000549316406,172.69000244140625,168.01434326171875,3862200.0,1.0,2.2306936642686424,170.88613286467017,148.14607843904076,56.64900949599995,184.08699120461137,26.9762897400932,159.1274617513021,162.1533208211263,23.25,26.29541129170484
313,2021-09-28,BA,222.89999389648438,224.5800018310547,216.4199981689453,218.41000366210938,9639800.0,1.0,-0.6336259602704786,224.4978341397197,206.8541678134053,47.9313521729585,51.66144626616236,3.179821285191763,216.578000386556,222.52500025431314,23.25,26.29541129170484
313,2021-09-28,CAT,200.1999969482422,201.88999938964844,198.75,191.94552612304688,3247500.0,1.0,-3.4467500919221266,206.57562724165217,181.049972428758,44.973570815621386,-62.0115985912355,20.13610011355713,196.35356852213542,199.29788157145182,23.25,26.29541129170484
313,2021-09-28,CRM,275.1099853515625,276.70001220703125,270.0400085449219,272.2799987792969,7127100.0,1.0,5.095143342752749,281.7119140931235,246.98108059681792,58.80247970255674,108.90089760342688,24.18049549683994,262.48866577148436,253.63949940999348,23.25,26.29541129170484
313,2021-09-28,CSCO,55.779998779296875,55.9900016784668,55.40999984741211,51.8788948059082,17803200.0,1.0,-0.34761382505982397,56.34447891260718,51.16966903661157,47.14983843221263,-114.24187437639654,11.147645753457224,53.94115422566732,52.54715849558512,23.25,26.29541129170484
313,2021-09-28,CVX,103.91000366210938,104.88999938964844,102.87999725341797,95.89248657226562,15560800.0,1.0,0.7210339923607592,95.03464869095572,86.24352132247202,56.12770722937299,281.7659327639667,24.642597571465565,90.48554306030273,91.61152114868165,23.25,26.29541129170484
313,2021-09-28,DIS,177.75,178.0,173.86000061035156,174.52000427246094,9133100.0,1.0,-1.0228344329656522,189.44036983257695,171.98162723773555,46.16296552485057,-79.354199936692,15.960404615642451,179.4759989420573,178.52350006103515,23.25,26.29541129170484
313,2021-09-28,GS,400.45001220703125,404.2099914550781,388.3900146484375,368.9036865234375,2609000.0,1.0,-2.4384292090306303,400.5240946712384,356.30718279458193,49.75497101934546,-59.58811404271571,2.1022306892572695,379.8984364827474,369.48558298746747,23.25,26.29541129170484
313,2021-09-28,HD,341.3699951171875,341.3699951171875,332.4599914550781,317.6064453125,3304100.0,1.0,2.696996720658092,324.7688758525564,308.3954704609202,54.36522151923468,80.24414925086019,13.32603203491177,313.3877349853516,311.40156809488934,23.25,26.29541129170484
313,2021-09-28,HON,216.6199951171875,218.35000610351562,214.47000122070312,206.38401794433594,2654100.0,1.0,-2.9556106140522047,222.87156731700725,203.0780817308443,41.331737877032445,-118.5469730987159,32.044256094734244,215.56858520507814,217.3176139831543,23.25,26.29541129170484
313,2021-09-28,IBM,133.04971313476562,133.54684448242188,131.1759033203125,119.05414581298828,4513072.0,1.0,-0.6879082579574316,122.28920186192762,115.53418604700794,47.96047075684181,-1.491509459952746,1.6271675755695527,119.559632619222,120.45729611714681,23.25,26.29541129170484
313,2021-09-28,INTC,54.18000030517578,54.59000015258789,53.959999084472656,50.56916046142578,24691300.0,1.0,0.07036347480527638,51.71155489075822,49.371518916004476,48.8742813666564,56.9888818692226,5.185442859961326,50.274176025390624,50.603563690185545,23.25,26.29541129170484
313,2021-09-28,JNJ,163.10000610351562,163.91000366210938,161.77000427246094,154.19268798828125,7610400.0,1.0,-2.325305569132979,166.69550749898698,150.53175232767316,39.32862708988968,-102.73080461140478,56.22560588934055,161.22717895507813,161.3753583272298,23.25,26.29541129170484
313,2021-09-28,JPM,167.6999969482422,169.3000030517578,165.66000366210938,155.40176391601562,13387900.0,1.0,1.3361364367725628,155.48267106759266,142.43341017020032,58.65727303519326,220.3683999946616,35.42371465563734,148.65190938313802,146.45222702026368,23.25,26.29541129170484
313,2021-09-28,KO,53.459999084472656,53.459999084472656,52.43000030517578,49.57389831542969,19926100.0,1.0,-0.6141976020706537,53.80560606221446,49.79845849772206,37.46289021035722,-218.29282177698778,54.37645475728291,52.08117116292318,52.31949526468913,23.25,26.29541129170484
313,2021-09-28,MCD,247.2899932861328,247.7100067138672,242.91000366210938,233.25538635253906,3007500.0,1.0,2.035105089880716,236.60770388912098,224.76658810306654,55.911602173587035,137.42907585378398,7.060348108589912,229.35302327473957,227.6225387573242,23.25,26.29541129170484
313,2021-09-28,MMM,181.82000732421875,182.85000610351562,179.77000427246094,164.1070098876953,2290400.0,1.0,-3.3825945439426164,178.34810807487847,158.927567889477,38.26659359979119,-86.55181397551978,39.4482754065543,171.71245880126952,176.16353581746418,23.25,26.29541129170484
313,2021-09-28,MRK,73.55000305175781,73.81999969482422,72.66000366210938,68.94918060302734,11836200.0,1.0,-0.6920544648132534,72.13003814531486,66.15031997846445,45.70536648695728,-57.02238273759773,11.742510359903303,70.21139475504557,70.95624300638835,23.25,26.29541129170484
313,2021-09-28,MSFT,289.79998779296875,290.7799987792969,282.75,278.47491455078125,43186200.0,1.0,-0.3835010894898119,302.42734303696415,283.98085398452025,45.73483652030683,-265.4035752040345,37.41612965865657,293.5609649658203,286.292881266276,23.25,26.29541129170484
313,2021-09-28,NKE,147.33999633789062,147.52999877929688,145.0,142.14337158203125,10692300.0,1.0,-4.006359040907142,165.83573808014697,143.88317671477492,37.11957602714054,-193.5001213653753,40.65798780522454,158.1109868367513,160.04171702067057,23.25,26.29541129170484
313,2021-09-28,PG,141.0500030517578,141.3699951171875,139.55999755859375,133.8029327392578,7015300.0,1.0,-0.10258623650119603,139.0927545514986,134.50225429859907,47.699337805079445,-251.27200413037374,28.10225760011649,136.7580083211263,134.95809020996094,23.25,26.29541129170484
313,2021-09-28,TRV,156.36000061035156,157.1199951171875,153.17999267578125,146.86534118652344,951300.0,1.0,-0.3603325308588694,153.52769268492787,146.1313115264979,47.987165085560584,-123.69354335472585,17.01475585139674,150.71608123779296,147.63824844360352,23.25,26.29541129170484
313,2021-09-28,UNH,402.6000061035156,404.0,397.0199890136719,387.7999572753906,3115400.0,1.0,-2.7424041015083844,413.82309002039534,389.6925441348781,43.90928082762331,-234.83602298408786,33.72544638455342,404.17987772623695,402.6674057006836,23.25,26.29541129170484
313,2021-09-28,V,228.8699951171875,228.8699951171875,224.0,222.18453979492188,6951400.0,1.0,-1.518760926377439,228.71031044641697,215.72280570348536,45.99681617672447,-34.09901072240553,10.588512697000581,224.4681838989258,231.0799929300944,23.25,26.29541129170484
313,2021-09-28,VZ,54.45000076293945,54.689998626708984,54.029998779296875,47.274253845214844,19528200.0,1.0,-0.23187725343527887,48.30365084161414,46.93790914068566,42.33875318129883,-86.69324450453774,18.374221037965917,47.809027608235674,48.26764914194743,23.25,26.29541129170484
313,2021-09-28,WBA,48.720001220703125,48.9900016784668,48.029998779296875,43.47369384765625,6323800.0,1.0,-0.13973991281176978,47.05821375576336,42.56413769992511,47.18834076014255,-59.83639709042419,16.511093494115087,44.44378191630046,43.382287915547685,23.25,26.29541129170484
313,2021-09-28,WMT,141.8800048828125,142.07000732421875,139.99000549316406,136.20509338378906,6860300.0,1.0,-1.2327307067505728,145.3754811164741,135.90886641770558,42.11537346535818,-159.9761623620106,39.483555400544844,141.94993438720704,140.19442952473958,23.25,26.29541129170484
314,2021-09-29,AAPL,142.47000122070312,144.4499969482422,142.02999877929688,141.19647216796875,74602000.0,2.0,-1.3919366202798642,155.78485154753142,138.10804243440217,46.9109595352891,-129.5985015326669,31.88559988430709,147.0639221191406,145.9236073811849,22.559999465942383,20.90705380879008
314,2021-09-29,AMGN,212.5,216.8000030517578,211.85000610351562,201.23519897460938,1900800.0,2.0,-3.240973762726753,211.42971217130156,195.71339085604217,40.63287041190839,-84.7699489002796,30.371113634875176,205.64196217854817,214.23811721801758,22.559999465942383,20.90705380879008
314,2021-09-29,AXP,172.88999938964844,172.97999572753906,170.39999389648438,166.4617156982422,2726100.0,2.0,2.294316438424289,171.5610405717593,148.01265175001805,55.20115367203048,122.40981492866472,18.640940225313386,159.35033009847004,162.18534393310546,22.559999465942383,20.90705380879008
314,2021-09-29,BA,227.8000030517578,229.94000244140625,224.86000061035156,225.36000061035156,16808000.0,2.0,0.05659000603913,225.6709532438488,206.26704877031133,51.38146710569252,166.87723633781164,8.634036515001727,216.68266703287762,222.34533360799153,22.559999465942383,20.90705380879008
314,2021-09-29,CAT,200.47999572753906,201.16000366210938,197.6999969482422,189.3804931640625,2954700.0,2.0,-3.2969240388833043,205.51500776391342,180.8663673581569,43.4176213257725,-73.80244352243429,22.69641385692417,195.8568364461263,199.066419728597,22.559999465942383,20.90705380879008
314,2021-09-29,CRM,273.489990234375,274.67999267578125,269.239990234375,270.5,4361900.0,2.0,4.880209629733201,282.1881552302294,247.02784055834476,57.72127100727959,86.26758114864005,22.48435820490416,263.27233225504557,253.97699940999348,22.559999465942383,20.90705380879008
314,2021-09-29,CSCO,55.619998931884766,55.97999954223633,55.34000015258789,51.84151840209961,14051700.0,2.0,-0.40568171311555545,56.226807828049566,50.956556277175046,46.99530815686069,-114.79621101478574,12.275042234952252,53.92464637756348,52.58609256744385,22.559999465942383,20.90705380879008
314,2021-09-29,CVX,103.20999908447266,104.23999786376953,102.33999633789062,95.8646469116211,10268100.0,2.0,0.9691690067166121,95.89555264212301,85.99122256539651,56.07981925455448,237.52013478896015,20.759280049433883,90.60738728841146,91.62270622253418,22.559999465942383,20.90705380879008
314,2021-09-29,DIS,174.25,174.9600067138672,172.58999633789062,172.67999267578125,6240800.0,2.0,-1.3651836084137017,189.71000650301704,170.84998952969778,44.704386543390875,-113.7417297343324,19.64748902761148,179.37099863688152,178.5066665649414,22.559999465942383,20.90705380879008
314,2021-09-29,GS,390.67999267578125,392.3900146484375,384.29998779296875,364.5374755859375,1955000.0,2.0,-2.9043871302513367,399.07750545867236,355.0431091653511,48.14217241071054,-102.03094901048777,3.8013730820497673,379.3263203938802,369.751069132487,22.559999465942383,20.90705380879008
314,2021-09-29,HD,333.3599853515625,338.8800048828125,333.3599853515625,320.5846252441406,2424000.0,2.0,2.650602564995495,324.6643553450721,309.67984021156855,56.15203796006926,81.60282418327999,13.32603203491177,313.9523661295573,311.70739186604817,22.559999465942383,20.90705380879008
314,2021-09-29,HON,215.8300018310547,216.41000366210938,214.5500030517578,206.33599853515625,2109000.0,2.0,-3.048942160841534,221.36397897044878,202.9545284148051,41.29221770869093,-118.93621082122974,32.04425609473426,215.03959197998046,217.27325820922852,22.559999465942383,20.90705380879008
314,2021-09-29,IBM,131.67303466796875,133.7762908935547,130.4397735595703,120.53509521484375,3947499.0,2.0,-0.4758270851960873,122.10149611724317,115.62143326508105,50.68151611393803,21.474512731060386,4.9606443090298535,119.4661013285319,120.48586934407552,22.559999465942383,20.90705380879008
314,2021-09-29,INTC,54.0,54.04999923706055,53.18000030517578,50.09156799316406,20514300.0,2.0,0.02629503074639672,51.70105586216347,49.328639648700786,47.17766021752504,-17.728675120922023,8.292049542705875,50.29914855957031,50.56863581339518,22.559999465942383,20.90705380879008
314,2021-09-29,JNJ,163.0,164.66000366210938,162.77999877929688,155.33865356445312,5124100.0,2.0,-2.236759094871246,165.9770455562557,150.38743350868572,41.881498117386364,-83.69443967376395,47.147408340501805,160.7729049682617,161.32867151896158,22.559999465942383,20.90705380879008
314,2021-09-29,JPM,166.2100067138672,166.89999389648438,165.0399932861328,155.28012084960938,7777100.0,2.0,1.6349936065348345,156.3484633123914,142.12904065489374,58.502415839008215,172.4561165773686,32.214943434605814,148.93074951171874,146.64778951009114,22.559999465942383,20.90705380879008
314,2021-09-29,KO,52.63999938964844,53.15999984741211,52.560001373291016,49.8752555847168,13941500.0,2.0,-0.6628822702185175,53.80202148907938,49.52627822405539,39.454839524541484,-185.27798743540959,54.37645475728291,51.95902760823568,52.31138973236084,22.559999465942383,20.90705380879008
314,2021-09-29,MCD,244.3800048828125,245.7100067138672,243.14999389648438,233.7433624267578,1719000.0,2.0,1.9755182142950218,236.84754327327622,225.17933050602065,56.37170238970924,112.80155745234242,7.060348108589909,229.52239176432292,227.82665506998697,22.559999465942383,20.90705380879008
314,2021-09-29,MMM,179.9199981689453,181.38999938964844,179.1699981689453,164.86349487304688,1674800.0,2.0,-3.239274146303103,176.89936384997435,159.11303849377566,39.400024820067,-86.32052770471289,41.659954381385575,171.1911605834961,175.94298807779947,22.559999465942383,20.90705380879008
314,2021-09-29,MRK,73.61000061035156,75.69999694824219,73.58000183105469,70.61366271972656,16054500.0,2.0,-0.4909229394969401,72.04497678056103,66.1862579606499,51.63075200561285,-4.731342364404274,11.360873967637522,70.11610794067383,70.91978403727214,22.559999465942383,20.90705380879008
314,2021-09-29,MSFT,285.1000061035156,286.7699890136719,283.010009765625,278.9464111328125,26353700.0,2.0,-1.2923777756874415,303.3858249380054,281.2661922739087,46.09667226678362,-257.4369078464462,37.416129658656565,293.2820200602213,286.40535329182944,22.559999465942383,20.90705380879008
314,2021-09-29,NKE,145.7100067138672,147.94000244140625,145.69000244140625,142.84771728515625,7794900.0,2.0,-4.3605693514332415,165.73207855889336,142.1555068903254,37.99018966967782,-167.97629247047,38.801033566370855,157.31666615804036,159.81628646850587,22.559999465942383,20.90705380879008
314,2021-09-29,PG,140.27000427246094,142.67999267578125,140.17999267578125,135.1638946533203,5460000.0,2.0,-0.1761170207081193,139.121471277979,134.438326390478,50.85829803381048,-149.07951168969524,15.303231342226312,136.66727752685546,135.06737823486327,22.559999465942383,20.90705380879008
314,2021-09-29,TRV,152.8699951171875,155.6300048828125,152.2899932861328,148.19534301757812,856800.0,2.0,-0.38978291707491053,153.26357112616722,146.0179993084031,49.78595694918114,-123.62787099415601,21.65579609707073,150.61596120198567,147.71601104736328,22.559999465942383,20.90705380879008
314,2021-09-29,UNH,397.0,401.8500061035156,395.79998779296875,389.5413818359375,2056300.0,2.0,-3.2237962933011772,414.25730914657584,387.85703411514294,44.8895509731483,-208.9107460888987,35.345294816268755,403.53472290039065,402.53096364339194,22.559999465942383,20.90705380879008
314,2021-09-29,V,226.8000030517578,229.02000427246094,226.08999633789062,223.28778076171875,6432700.0,2.0,-1.362211879154728,228.40906251180132,215.7856732059721,46.97387741748645,-9.936180041520027,10.058078171638716,224.21043345133464,230.87323710123698,22.559999465942383,20.90705380879008
314,2021-09-29,VZ,54.09000015258789,54.65999984741211,54.09000015258789,47.46628189086914,14823000.0,2.0,-0.21481388603563545,48.25461234616487,46.932830051906414,44.29995570367649,-70.52882828229949,18.374221037965903,47.75665575663249,48.24723383585612,22.559999465942383,20.90705380879008
314,2021-09-29,WBA,48.099998474121094,50.880001068115234,47.849998474121094,44.034183502197266,5568400.0,2.0,-0.1326687952764658,46.93272294689168,42.50521116565715,49.11000972904159,-3.2119625438822887,11.654994937959072,44.445263671875,43.404513422648115,22.559999465942383,20.90705380879008
314,2021-09-29,WMT,140.64999389648438,141.8300018310547,140.32000732421875,136.1469268798828,7125200.0,2.0,-1.3697482699770944,145.19732539383162,135.34443943771137,42.00958821456178,-146.063074478796,39.48355540054485,141.61838938395184,140.21079813639324,22.559999465942383,20.90705380879008
315,2021-09-30,AAPL,143.66000366210938,144.3800048828125,141.27999877929688,139.8817138671875,89056700.0,3.0,-1.6252500029774808,155.58412587236384,137.22036478925727,45.50797449792798,-134.69234321400816,34.591874499275356,146.90377655029297,145.876589457194,23.139999389648438,24.87209531311983
315,2021-09-30,AMGN,215.7899932861328,216.6699981689453,212.52000427246094,199.1282501220703,2491900.0,3.0,-3.2040383438222193,210.7062684774682,195.4348707437232,39.071350506214344,-88.13706141739645,30.37111363487517,205.19903818766275,213.79010162353515,23.139999389648438,24.87209531311983
315,2021-09-30,AXP,172.17999267578125,172.36000061035156,167.41000366210938,162.57044982910156,3088200.0,3.0,2.007602913646963,171.77562999192997,148.09791584547236,51.77060854564081,74.3735908931442,8.683217432115251,159.5250015258789,162.12954610188802,23.139999389648438,24.87209531311983
315,2021-09-30,BA,226.0800018310547,226.14999389648438,219.4600067138672,219.94000244140625,10366900.0,3.0,0.16434807435967969,225.88032264703943,206.2396800995426,48.77420185031161,81.35326895249474,3.2909087877594336,216.71400044759113,222.14800033569335,23.139999389648438,24.87209531311983
315,2021-09-30,CAT,198.6199951171875,198.8699951171875,191.6300048828125,183.73362731933594,4978100.0,3.0,-3.592429403302475,205.11623312713616,179.73474496124274,40.246559828833874,-119.89073707875268,35.47866328634605,195.28768412272134,198.72227935791017,23.139999389648438,24.87209531311983
315,2021-09-30,CRM,270.6499938964844,274.260009765625,270.44000244140625,271.2200012207031,5224200.0,3.0,4.7136353407883576,282.5090240088873,246.99697116933532,58.04407874464939,85.12140893290673,22.484358204904158,263.93899892171225,254.3566660563151,23.139999389648438,24.87209531311983
315,2021-09-30,CSCO,55.79999923706055,55.900001525878906,54.40999984741211,50.86037826538086,18538000.0,3.0,-0.5248209330329061,56.16842175963504,50.58417566773312,43.15455173575023,-147.81466296764344,25.669507657882868,53.90222028096517,52.60431378682454,23.139999389648438,24.87209531311983
315,2021-09-30,CVX,103.41999816894531,103.44999694824219,101.44999694824219,94.1204833984375,15319800.0,3.0,1.0133965695423939,96.24740350087383,86.1719011561086,53.14130436271672,162.49811111424737,14.475679762375442,90.75428187052408,91.6209940592448,23.139999389648438,24.87209531311983
315,2021-09-30,DIS,173.10000610351562,173.67999267578125,169.10000610351562,169.1699981689453,13978000.0,3.0,-1.8978478107098624,190.0811250244024,169.04787125245304,42.08060678281947,-156.02178152755903,28.820965399959086,179.18533172607422,178.4458330790202,23.139999389648438,24.87209531311983
315,2021-09-30,GS,388.0,388.0199890136719,376.6199951171875,358.0402526855469,2665700.0,3.0,-3.7546524323186645,397.80685902642585,352.93916453314444,45.8541081205376,-132.95981876523985,13.805101145310056,378.7314798990885,369.94267018636066,23.139999389648438,24.87209531311983
315,2021-09-30,HD,338.239990234375,338.7099914550781,327.6300048828125,312.3351745605469,4255000.0,3.0,1.9259717324945882,323.9424668372782,310.84130696643274,50.4874915282698,12.812704251472933,2.850638098353773,314.2167714436849,311.80914204915365,23.139999389648438,24.87209531311983
315,2021-09-30,HON,216.1699981689453,216.25,212.10000610351562,203.80145263671875,2934400.0,3.0,-3.2895053855707204,220.33922804914036,202.29725266375024,39.24337743849905,-131.7649577147356,39.76209879196094,214.52307942708333,217.15191650390625,23.139999389648438,24.87209531311983
315,2021-09-30,IBM,133.8432159423828,134.3881378173828,132.4091796875,120.31856536865234,6090230.0,3.0,-0.3215171274844124,122.05145393629228,115.63943122606123,50.28383804218303,65.34146062028617,0.7553348828392474,119.45051244099935,120.49599329630534,23.139999389648438,24.87209531311983
315,2021-09-30,INTC,53.7599983215332,53.97999954223633,53.2599983215332,49.89490509033203,20534100.0,3.0,-0.024219395232158547,51.71023299108147,49.28294022669196,46.49018975493445,-31.591837877690732,8.292049542705866,50.33317337036133,50.53244603474935,23.139999389648438,24.87209531311983
315,2021-09-30,JNJ,164.63999938964844,165.39999389648438,161.41000366210938,152.95204162597656,6972300.0,3.0,-2.332279942380893,165.12477054997828,150.0804952581272,38.40041448206068,-91.69458245016011,52.533303227348206,160.31063079833984,161.2196123758952,23.139999389648438,24.87209531311983
315,2021-09-30,JPM,166.9199981689453,166.99000549316406,162.7899932861328,153.1654510498047,13161200.0,3.0,1.6818169480275458,156.7483813669076,142.10059934598303,55.850760497141145,124.76152938527436,21.08526574950319,149.18370208740234,146.80529963175456,23.139999389648438,24.87209531311983
315,2021-09-30,KO,53.16999816894531,53.33000183105469,52.43000030517578,49.41379928588867,17672000.0,3.0,-0.7302826435147338,53.75107414636132,49.21979606237892,37.55972672618951,-169.34842772714404,48.60309895771678,51.845804341634114,52.28873882293701,23.139999389648438,24.87209531311983
315,2021-09-30,MCD,244.77000427246094,245.4199981689453,240.82000732421875,230.71011352539062,3136800.0,3.0,1.6643517388490636,236.8032173327019,225.50689008917308,52.8267164690269,57.376509780254516,4.0706295915170605,229.66043955485026,227.95039850870768,23.139999389648438,24.87209531311983
315,2021-09-30,MMM,181.72000122070312,182.05999755859375,175.3699951171875,159.88699340820312,3235600.0,3.0,-3.4870571522277487,175.8801430912071,158.48982303428122,35.0239285444038,-111.04281509965347,53.2261527942674,170.59563903808595,175.5947240193685,23.139999389648438,24.87209531311983
315,2021-09-30,MRK,75.58000183105469,76.6500015258789,75.0999984741211,70.63247680664062,16248600.0,3.0,-0.3262458578628298,71.98064018941184,66.21360648417215,51.692397658669755,27.57034737462034,20.265867926928706,70.05375849405924,70.87664845784505,23.139999389648438,24.87209531311983
315,2021-09-30,MSFT,285.7099914550781,287.8299865722656,281.6199951171875,276.9034423828125,32343600.0,3.0,-2.1527045637262745,304.1845977011621,278.51185005274414,44.75891794058984,-242.8922529176933,39.799221153193045,292.9935811360677,286.44668629964195,23.139999389648438,24.87209531311983
315,2021-09-30,NKE,145.8800048828125,147.47999572753906,144.4199981689453,142.07485961914062,10133600.0,3.0,-4.650043917351724,165.42485135707273,140.57172914829835,37.4023674399935,-161.08421080227697,41.364222568659024,156.5568105061849,159.57716115315756,23.139999389648438,24.87209531311983
315,2021-09-30,PG,142.63999938964844,142.74000549316406,139.52999877929688,133.05105590820312,6934900.0,3.0,-0.40026511882027194,139.46023290936796,133.71507074053437,46.361172423381326,-187.1489322592493,19.565725377926057,136.55624287923177,135.1253740946452,23.139999389648438,24.87209531311983
315,2021-09-30,TRV,155.52000427246094,156.35000610351562,151.97999572753906,145.44918823242188,1095300.0,3.0,-0.6274810895122016,153.2917764740417,145.37865657039188,46.36126364790579,-136.6088940220174,16.043476311877995,150.4300109863281,147.7265947977702,23.139999389648438,24.87209531311983
315,2021-09-30,UNH,401.489990234375,403.489990234375,390.4599914550781,380.1337890625,3779900.0,3.0,-4.314680239814095,415.87946162236324,383.78812870966806,40.895384474263196,-222.86307316267326,41.980384600827705,402.72010701497396,402.21510823567706,23.139999389648438,24.87209531311983
315,2021-09-30,V,227.5800018310547,228.7899932861328,222.6300048828125,219.41659545898438,7128500.0,3.0,-1.5328482124130858,227.76610620721277,215.70266057745522,44.078994918598234,-54.57295002398926,19.569853493564523,223.91886342366536,230.59540328979492,23.139999389648438,24.87209531311983
315,2021-09-30,VZ,54.5,54.5099983215332,54.0,47.1433219909668,18736600.0,3.0,-0.2247603122983719,48.22025923178183,46.886007171416416,41.82492397335861,-102.56353037988993,21.68295292161688,47.71417630513509,48.21970952351888,23.139999389648438,24.87209531311983
315,2021-09-30,WBA,48.790000915527344,48.93000030517578,46.91999816894531,42.53352737426758,6449400.0,3.0,-0.24532731117024298,46.95988519589222,42.18515035708629,44.61372229642772,-107.09309548616712,0.9411504095929233,44.40030428568522,43.40486113230387,23.139999389648438,24.87209531311983
315,2021-09-30,WMT,140.63999938964844,141.72999572753906,139.25,135.11932373046875,7485900.0,3.0,-1.5434625861907136,145.08623397100564,134.64120743524438,40.16577737957696,-151.52259932084456,45.46673260068576,141.30429331461588,140.21374282836913,23.139999389648438,24.87209531311983
316,2021-10-01,AAPL,141.89999389648438,142.9199981689453,139.11000061035156,141.01853942871094,94639600.0,4.0,-1.698837081345772,154.95896521442265,136.7581078446594,46.92774270977163,-142.2061441866447,41.74987301652568,146.77032114664715,145.8703987121582,21.100000381469727,120.12268803674979
316,2021-10-01,AMGN,213.58999633789062,214.61000061035156,210.8000030517578,200.31752014160156,2629400.0,4.0,-3.043716537209974,209.08517884834114,195.92851896660025,40.408572603613855,-96.86872796529073,36.189243968655944,204.87223002115886,213.3454907735189,21.100000381469727,120.12268803674979
316,2021-10-01,AXP,168.5,175.1199951171875,168.47999572753906,168.79066467285156,3956000.0,4.0,2.25629061922146,172.91302539732413,148.1143229303126,56.26510279998676,117.4834352542492,15.667511427030082,160.00728861490884,162.23370183308919,21.100000381469727,120.12268803674979
316,2021-10-01,BA,222.85000610351562,226.72000122070312,220.60000610351562,226.0,9113600.0,4.0,0.7303196074973926,226.90944176377633,205.72756079970026,51.614046521207115,116.6494403612512,2.0271703824919505,217.17533365885416,221.96850026448567,21.100000381469727,120.12268803674979
316,2021-10-01,CAT,192.89999389648438,195.8699951171875,191.24000549316406,185.99240112304688,3695500.0,4.0,-3.6028242497359884,203.6168333296616,179.56401841594388,41.99946791584906,-112.12350230992668,36.20317632064168,194.96482493082684,198.45672124226888,21.100000381469727,120.12268803674979
316,2021-10-01,CRM,271.5,276.3399963378906,268.7699890136719,275.260009765625,4756000.0,4.0,4.851691661115524,283.66993005096356,246.94706671417316,59.82462892412226,94.53794412439407,25.507163149686907,264.67866566975914,254.8476661682129,21.100000381469727,120.12268803674979
316,2021-10-01,CSCO,54.599998474121094,55.40999984741211,54.040000915527344,51.5238151550293,18338000.0,4.0,-0.5592590208818606,55.868574471884756,50.473813299721684,46.228564892558246,-141.1262993309511,30.20189408561397,53.83587646484375,52.63359228769938,21.100000381469727,120.12268803674979
316,2021-10-01,CVX,102.22000122070312,104.54000091552734,101.87999725341797,96.79241180419922,10854900.0,4.0,1.249644401053061,97.1272303426956,85.90624820344699,56.7340648253474,185.92616967932216,19.930226900750338,91.0647699991862,91.66884880065918,21.100000381469727,120.12268803674979
316,2021-10-01,DIS,172.27999877929688,177.32000732421875,171.97000122070312,176.00999450683594,12165000.0,4.0,-1.747908685147678,189.84506571375465,168.69892995274927,48.2084650227974,-78.11972490150441,14.275422214796372,179.27733154296874,178.49933293660482,21.100000381469727,120.12268803674979
316,2021-10-01,GS,379.44000244140625,382.7200012207031,375.8500061035156,359.90606689453125,2382300.0,4.0,-4.229186764192377,395.6494270573407,351.8290305842609,46.60795472565681,-132.6323944427531,14.755155701182835,378.36315104166664,370.3025080362956,21.100000381469727,120.12268803674979
316,2021-10-01,HD,328.1499938964844,332.7300109863281,324.5799865722656,313.8575744628906,2814200.0,4.0,1.4577376339131547,323.73845694731136,311.24702889253234,51.423020198378424,-28.992694565288318,10.148533237655938,314.48931986490885,312.0142079671224,21.100000381469727,120.12268803674979
316,2021-10-01,HON,212.97999572753906,216.4199981689453,211.63999938964844,207.036865234375,2276500.0,4.0,-3.18239801384388,218.33346630782626,202.83220294266204,42.97952073738769,-110.02114925822087,41.10459626761983,214.1364954630534,217.10712966918945,21.100000381469727,120.12268803674979
316,2021-10-01,IBM,134.7992401123047,137.6386260986328,134.1969451904297,124.12047576904297,6907889.0,4.0,0.10633130012693925,122.83960639313207,115.13793724700466,56.485691493747204,200.24664119217042,24.198303098616133,119.60351282755533,120.55635426839193,21.100000381469727,120.12268803674979
316,2021-10-01,INTC,53.650001525878906,54.11000061035156,53.04999923706055,50.43805694580078,19895100.0,4.0,-0.020191867055658008,51.713731681207676,49.29161652435873,48.62893139046126,-19.11235034636164,11.769978535602846,50.37749964396159,50.51414775848389,21.100000381469727,120.12268803674979
316,2021-10-01,JNJ,161.52999877929688,161.89999389648438,158.6199951171875,151.9765625,8568300.0,4.0,-2.458355523073152,163.81475180620146,150.02105141645478,37.09668704826439,-118.17565485826078,61.151494221095646,159.77253163655598,161.0994733174642,21.100000381469727,120.12268803674979
316,2021-10-01,JPM,164.0,168.3000030517578,163.60000610351562,156.38427734375,11285000.0,4.0,1.9561083649758473,157.6938239105635,141.7792717925615,58.79182714781581,157.76849637812785,25.0138387652439,149.5844955444336,147.0577840169271,21.100000381469727,120.12268803674979
316,2021-10-01,KO,52.779998779296875,53.20000076293945,52.56999969482422,49.931758880615234,16277400.0,4.0,-0.7334481803525108,53.56813318294186,49.0896255298267,40.85823534185511,-139.5524981358791,48.60309895771679,51.738630040486655,52.27768039703369,21.100000381469727,120.12268803674979
316,2021-10-01,MCD,243.07000732421875,244.69000244140625,240.25,232.45159912109375,2076000.0,4.0,1.5405152971871132,236.92329136949772,225.6796184815765,54.52519214409976,56.44767495580357,6.609827507207182,229.8834996541341,228.13155822753907,21.100000381469727,120.12268803674979
316,2021-10-01,MMM,176.25,177.41000366210938,174.22000122070312,161.035400390625,2419300.0,4.0,-3.549839780468602,173.95026490134302,158.7599447544187,36.70224414121737,-121.55963092445947,56.04521902967679,170.0730717976888,175.28956960042316,21.100000381469727,120.12268803674979
316,2021-10-01,MRK,81.55999755859375,84.33999633789062,80.62999725341797,76.5475082397461,102497300.0,4.0,0.2783469085411099,73.58997751623525,65.07117131799328,65.84841657813587,235.35682515389965,57.34557526999692,70.16776173909506,70.93893140157064,21.100000381469727,120.12268803674979
316,2021-10-01,MSFT,282.1199951171875,289.9800109863281,281.2900085449219,283.9556579589844,30086300.0,4.0,-2.239647618777383,303.81965228775766,277.6932383372423,49.946103602094006,-174.6732632200579,31.51877451102575,292.7424652099609,286.64656626383464,21.100000381469727,120.12268803674979
316,2021-10-01,NKE,145.22000122070312,148.0,144.3699951171875,143.8651123046875,8112300.0,4.0,-4.681036096163325,164.7771259136941,139.5945385150168,39.640363070943096,-138.2435659183063,38.819430930684085,155.96145782470703,159.36022237141927,21.100000381469727,120.12268803674979
316,2021-10-01,PG,139.92999267578125,140.22999572753906,138.32000732421875,132.8416748046875,5587200.0,4.0,-0.588021065840195,139.69450375893354,133.0649002327657,45.94468407696827,-232.63607057607186,26.887637024621903,136.38461558024088,135.1801956176758,21.100000381469727,120.12268803674979
316,2021-10-01,TRV,152.41000366210938,153.85000610351562,150.2899932861328,145.84149169921875,1145600.0,4.0,-0.7752662062981983,153.02239989762077,145.01047363753545,46.90104907614569,-160.99735938642942,24.753398745576018,150.2330332438151,147.80191904703776,21.100000381469727,120.12268803674979
316,2021-10-01,UNH,391.6000061035156,393.69000244140625,383.1199951171875,381.7779235839844,3146600.0,4.0,-4.9890352191025045,415.47487092241045,381.2938027836442,41.83112123522285,-237.75748392971764,49.58268401461903,401.6187245686849,401.9542841593424,21.100000381469727,120.12268803674979
316,2021-10-01,V,224.1699981689453,231.55999755859375,223.47000122070312,227.01121520996094,7925400.0,4.0,-1.0432306789915913,228.49867787665997,215.5886908977541,50.29561804276223,20.893987985830663,9.64639859203634,223.88241729736328,230.4997250874837,21.100000381469727,120.12268803674979
316,2021-10-01,VZ,54.02000045776367,54.560001373291016,53.91999816894531,47.39645767211914,18618400.0,4.0,-0.20979856557698184,48.09044018976984,46.92941263920965,44.346088530280774,-83.4040331062846,24.58762579419712,47.68304443359375,48.19963372548421,21.100000381469727,120.12268803674979
316,2021-10-01,WBA,47.130001068115234,47.27000045776367,46.060001373291016,42.30752944946289,4895800.0,4.0,-0.3488251018273445,46.69534268215317,41.999497558325345,43.98631701771492,-166.1250398807393,10.87950597225604,44.3777042388916,43.41293055216472,21.100000381469727,120.12268803674979
316,2021-10-01,WMT,139.25999450683594,139.6300048828125,135.9199981689453,132.86053466796875,10004800.0,4.0,-1.8421625302476343,145.0202482448176,133.59137742656912,36.52090004882259,-196.4853590686803,58.96397772202361,140.88226725260418,140.18097254435222,21.100000381469727,120.12268803674979
317,2021-10-04,AAPL,141.75999450683594,142.2100067138672,138.27000427246094,137.5486602783203,98322000.0,0.0,-2.013930284869531,154.36156463998537,135.85684356313965,43.360576687244624,-158.80753434914573,44.273378964980395,146.47210388183595,145.77561314900717,22.959999084472656,19.28760699782159
317,2021-10-04,AMGN,214.10000610351562,215.63999938964844,210.77000427246094,197.9951934814453,2856300.0,0.0,-3.0686788834127015,206.9678597220869,196.64777290730765,38.69310822413297,-98.82423700519611,29.274463577513142,204.49485422770184,212.84792607625326,22.959999084472656,19.28760699782159
317,2021-10-04,AXP,173.8800048828125,177.22999572753906,171.8800048828125,167.54855346679688,3613900.0,0.0,2.3263329063626657,173.61145076554868,148.71234684187317,55.20241552386875,127.56804094004039,20.62856806832453,160.4248819986979,162.2453463236491,22.959999084472656,19.28760699782159
317,2021-10-04,BA,225.67999267578125,227.97000122070312,222.0,223.7899932861328,6946100.0,0.0,0.9891250354022532,227.68399975559765,205.51500231959767,50.55667226299531,112.39355146200384,0.8174456106373651,217.5460001627604,221.7051668802897,22.959999084472656,19.28760699782159
317,2021-10-04,CAT,194.74000549316406,195.91000366210938,192.41000366210938,184.8438720703125,2864600.0,0.0,-3.661531085197055,202.2250025552076,179.30581714694085,41.3612306147952,-101.86475912807492,36.03566346156834,194.58804880777996,198.0877700805664,22.959999084472656,19.28760699782159
317,2021-10-04,CRM,275.2200012207031,275.29998779296875,266.1400146484375,270.8599853515625,6393800.0,0.0,4.553566412829923,284.0128787784714,246.98211786459504,57.09469117808254,61.19896477854321,19.223164242084938,265.16966501871747,255.27766596476238,22.959999084472656,19.28760699782159
317,2021-10-04,CSCO,54.5,54.68000030517578,53.95000076293945,51.01581573486328,17084100.0,0.0,-0.6203912768350932,55.567947058062686,50.3237101990174,44.3297100176146,-144.40116037674773,31.29127134445195,53.723009490966795,52.64692866007487,22.959999084472656,19.28760699782159
317,2021-10-04,CVX,105.0,105.86000061035156,104.11000061035156,97.15422821044922,13305400.0,0.0,1.4493607413272116,97.9720642568108,85.7321792124275,57.19382482863668,198.53412503602394,26.03675647134363,91.38700917561849,91.700306447347,22.959999084472656,19.28760699782159
317,2021-10-04,DIS,175.55999755859375,175.9600067138672,172.6699981689453,173.4600067138672,7200600.0,0.0,-1.8139336536175676,189.7427683038424,168.0472280340482,46.3185379847278,-97.17115227186196,14.275422214796377,179.2219985961914,178.4396664937337,22.959999084472656,19.28760699782159
317,2021-10-04,GS,380.2099914550781,386.8699951171875,372.82000732421875,354.3653869628906,2895600.0,0.0,-4.994768622581148,394.19076238961156,349.7681914678103,44.69631049399314,-131.35493347131776,7.903001448141148,377.7378702799479,370.36861216227214,22.959999084472656,19.28760699782159
317,2021-10-04,HD,328.5,330.6099853515625,324.1600036621094,310.632080078125,2919900.0,0.0,0.8169707666224895,324.1386082998632,310.4786554940821,49.37814077556715,-59.26123660412971,11.13118564041545,314.45428771972655,312.10950469970703,22.959999084472656,19.28760699782159
317,2021-10-04,HON,215.25,216.6199951171875,213.19000244140625,205.65438842773438,2632200.0,0.0,-3.172498387934098,216.7932865875933,203.01389877617623,41.842167128346055,-100.37097963367864,39.65804938994833,213.7047897338867,216.95929514567058,22.959999084472656,19.28760699782159
317,2021-10-04,IBM,136.46270751953125,139.579345703125,136.08985900878906,124.80461883544922,7689251.0,0.0,0.4949039447194963,123.77116805088625,114.59868897426023,57.47323127631662,240.24331142974097,34.12895712228269,119.74785181681315,120.6169874827067,22.959999084472656,19.28760699782159
317,2021-10-04,INTC,53.93000030517578,54.33000183105469,53.08000183105469,50.07283401489258,27353300.0,0.0,-0.04594088229403326,51.714526767515046,49.287075405336516,47.313494652538765,-36.31080022251498,7.216465395248351,50.42307421366374,50.48045825958252,22.959999084472656,19.28760699782159
317,2021-10-04,JNJ,159.99000549316406,161.0,157.6699981689453,150.79270935058594,8620700.0,0.0,-2.6235556677502814,162.21734713041607,150.1201894906777,35.58012068501857,-125.80715435052181,63.55967829342257,159.16766815185548,160.94909032185873,22.959999084472656,19.28760699782159
317,2021-10-04,JPM,166.97000122070312,170.44000244140625,165.72999572753906,156.21583557128906,14120000.0,0.0,2.135280264041313,158.5466898850948,141.62444048599895,58.58057031994479,172.19018096315176,31.011225063610055,149.96595102945963,147.23213678995768,22.959999084472656,19.28760699782159
317,2021-10-04,KO,53.060001373291016,53.529998779296875,52.400001525878906,49.90351104736328,18973400.0,0.0,-0.7298233063924968,53.3484163425753,48.99714525715614,40.73682588121069,-123.52965552769776,37.220268752400166,51.637368520100914,52.261010297139485,22.959999084472656,19.28760699782159
317,2021-10-04,MCD,242.05999755859375,244.80999755859375,241.86000061035156,232.59512329101562,2236500.0,0.0,1.4373859356829257,236.9963903639964,226.01414277809346,54.66435758915892,67.86426343160473,5.978565243398794,230.07137451171874,228.2700653076172,22.959999084472656,19.28760699782159
317,2021-10-04,MMM,174.14999389648438,177.10000610351562,173.77999877929688,160.45205688476562,3010100.0,0.0,-3.605108959409989,171.63613586128827,159.4015533476961,36.21075987532525,-119.33346761228579,57.102659201942295,169.52255350748698,174.93353652954102,22.959999084472656,19.28760699782159
317,2021-10-04,MRK,84.16999816894531,84.55999755859375,82.41999816894531,78.14615631103516,53553300.0,0.0,0.8763861368118029,75.34678735573564,63.92808065573896,68.4345818011059,250.2342936040903,57.94369194644125,70.32821833292643,71.02987798055013,22.959999084472656,19.28760699782159
317,2021-10-04,MSFT,287.3999938964844,287.75,280.25,278.0722351074219,31350700.0,0.0,-2.751575224212445,303.8674774800903,275.8744963968628,46.20191806335671,-189.61338544316774,33.553829639402686,292.04673563639324,286.7398935953776,22.959999084472656,19.28760699782159
317,2021-10-04,NKE,147.05999755859375,147.6199951171875,145.75999450683594,143.9434051513672,7951000.0,0.0,-4.645726993831403,163.97339996217835,138.81835418821225,39.73783444022098,-123.2803358440399,38.81943093068407,155.2970932006836,159.13856582641603,22.959999084472656,19.28760699782159
317,2021-10-04,PG,139.38999938964844,140.39999389648438,137.60000610351562,132.0897979736328,5816000.0,0.0,-0.7884009873121158,139.9360384208798,132.32275827101472,44.46093814621199,-220.60340154060853,30.88932388642131,136.18475341796875,135.22169748942056,22.959999084472656,19.28760699782159
317,2021-10-04,TRV,151.30999755859375,153.64999389648438,150.25999450683594,144.8463897705078,1310100.0,0.0,-0.9615986743747555,152.92812795881136,144.44379586931362,45.69441815903972,-158.82806680262203,24.901232156674165,149.95974884033203,147.7843770345052,22.959999084472656,19.28760699782159
317,2021-10-04,UNH,391.6199951171875,395.1499938964844,384.760009765625,376.5050354003906,3074800.0,0.0,-5.881150169440218,415.49992388482264,377.9249509931071,39.743585996479354,-210.84284227726386,45.52820130415376,400.2827667236328,401.57067820231117,22.959999084472656,19.28760699782159
317,2021-10-04,V,230.0,230.3300018310547,220.80999755859375,221.36695861816406,10283400.0,0.0,-1.0979926167791234,228.48582198691787,215.56411545204696,46.33542217143091,-40.125475833179166,16.739643588732633,223.66472422281902,230.27948176066081,22.959999084472656,19.28760699782159
317,2021-10-04,VZ,54.45000076293945,54.849998474121094,54.279998779296875,47.571022033691406,18159200.0,0.0,-0.18176017032138958,47.88219109699903,47.056484974167965,46.0151100228115,-21.1384864615795,8.9325233621547,47.65336685180664,48.17679373423258,22.959999084472656,19.28760699782159
317,2021-10-04,WBA,46.7599983215332,47.439998626708984,46.52000045776367,42.20808410644531,5628800.0,0.0,-0.43387086145093434,46.47101514293281,41.80798113392265,43.70652889059758,-146.64138593392158,8.577677775950928,44.329189173380534,43.409047762552895,22.959999084472656,19.28760699782159
317,2021-10-04,WMT,137.08999633789062,138.22999572753906,134.7100067138672,131.5808868408203,9990100.0,0.0,-2.1572735663012566,144.758825516112,132.5421281582044,34.67672211094356,-207.16930185663048,62.563012452110144,140.37428588867186,140.1154452006022,22.959999084472656,19.28760699782159
318,2021-10-05,AAPL,139.49000549316406,142.24000549316406,139.36000061035156,139.4961395263672,80861100.0,1.0,-2.082492936961387,152.67995176298393,135.9982754709028,45.754652504574075,-126.1460358602352,44.03516573427787,146.18871510823567,145.72332127888998,21.299999237060547,17.756430155479766
318,2021-10-05,AMGN,211.2100067138672,213.99000549316406,211.0800018310547,198.38851928710938,2481900.0,1.0,-3.0218891600893585,206.05294977894584,196.67496464976512,39.14574675686439,-100.04608006826017,29.27446357751314,204.06472880045573,212.3697713216146,21.299999237060547,17.756430155479766
318,2021-10-05,AXP,173.42999267578125,176.05999755859375,172.63999938964844,169.58639526367188,2629400.0,1.0,2.5172613042284695,174.52791327463905,149.25536004079066,56.593813100115376,121.9998723260242,20.628568068324526,160.88776194254558,162.26410751342775,21.299999237060547,17.756430155479766
318,2021-10-05,BA,224.27000427246094,226.4499969482422,222.4199981689453,224.4199981689453,5687300.0,1.0,1.230877540390793,228.6618130221476,205.5551883206258,50.85358324588187,102.26342825697209,0.8174456106373472,217.7133336385091,221.47400029500326,21.299999237060547,17.756430155479766
318,2021-10-05,CAT,192.75999450683594,194.39999389648438,190.72999572753906,184.2408905029297,3074600.0,1.0,-3.713900712825904,201.08415597896007,178.94115224857902,41.02266134755104,-105.3755108978311,39.3821108148507,194.05718027750652,197.69036432902018,21.299999237060547,17.756430155479766
318,2021-10-05,CRM,272.1099853515625,273.54998779296875,271.0299987792969,271.7699890136719,4050400.0,1.0,4.3406928903490325,284.5506658389111,247.10033056001473,57.509526389553336,71.12213723779541,19.223164242084927,265.54466501871747,255.75866572062174,21.299999237060547,17.756430155479766
318,2021-10-05,CSCO,54.130001068115234,55.029998779296875,54.130001068115234,51.44855499267578,14135000.0,1.0,-0.6266964223081644,55.279074778656884,50.255584034819684,46.27439393185575,-117.0593672630932,23.29190076016614,53.614599990844724,52.67541999816895,21.299999237060547,17.756430155479766
318,2021-10-05,CVX,106.04000091552734,107.7699966430664,105.41999816894531,98.21185302734375,13017300.0,1.0,1.6736856572335768,98.93727408645805,85.58339089156931,58.526494371908534,204.02644322624857,33.841101526687446,91.66935475667317,91.74618695576986,21.299999237060547,17.756430155479766
318,2021-10-05,DIS,173.8300018310547,176.24000549316406,173.61000061035156,174.61000061035156,6798200.0,1.0,-1.7532536040825164,189.09968130611384,167.71731545902287,47.28271213667452,-79.6612752762885,13.152402008093564,179.12033182779948,178.2768330891927,21.299999237060547,17.756430155479766
318,2021-10-05,GS,378.1000061035156,388.2200012207031,375.5,365.4088134765625,2508100.0,1.0,-4.656705927947996,391.7577914592739,349.87976652412453,49.0086008337013,-92.35553997543145,5.708099325197123,377.3053904215495,370.48147633870445,21.299999237060547,17.756430155479766
318,2021-10-05,HD,326.8999938964844,332.19000244140625,326.3299865722656,313.4960021972656,2514300.0,1.0,0.534096258829095,324.1001531378953,310.5675317986281,51.1619825121283,-25.932686127545875,6.449396863182821,314.5620544433594,312.2580556233724,21.299999237060547,17.756430155479766
318,2021-10-05,HON,213.61000061035156,217.0500030517578,213.61000061035156,207.10406494140625,1560100.0,1.0,-3.0129447324932244,216.268350567185,202.8466335636744,43.46505102868844,-85.17259973702818,36.44320424697546,213.27628326416016,216.8247843424479,21.299999237060547,17.756430155479766
318,2021-10-05,IBM,138.3843231201172,138.62332153320312,136.3671112060547,123.9732666015625,7297524.0,1.0,0.7273825741646505,124.46750978787125,114.34316220919905,55.879067064285415,196.34684598570183,34.1289571222827,119.84975611368814,120.67232653299968,21.299999237060547,17.756430155479766
318,2021-10-05,INTC,53.54999923706055,54.34000015258789,53.47999954223633,50.522342681884766,18129400.0,1.0,-0.02973282812193645,51.72242048429002,49.30727540804397,49.06766637219142,5.4291026571623995,7.004682970832257,50.44554951985677,50.44278545379639,21.299999237060547,17.756430155479766
318,2021-10-05,JNJ,159.86000061035156,161.11000061035156,159.14999389648438,151.1336669921875,5129000.0,1.0,-2.6958890100590054,161.04125326666068,150.0897144457417,36.355321536543606,-112.14877735096398,62.314278849161695,158.59847819010417,160.80862630208333,21.299999237060547,17.756430155479766
318,2021-10-05,JPM,167.2100067138672,170.13999938964844,166.6699981689453,158.76686096191406,12292900.0,1.0,2.454824030777303,159.85892801293133,141.29153738013505,60.78806808247556,172.79373958508768,31.01122506361005,150.3706843058268,147.41422958374022,21.299999237060547,17.756430155479766
318,2021-10-05,KO,53.02000045776367,53.470001220703125,52.93000030517578,49.98828125,17173100.0,1.0,-0.7119039353429102,53.26779557252118,48.873124303577455,41.27851645771533,-102.82184766277095,37.220268752400166,51.54516385396322,52.24544150034587,21.299999237060547,17.756430155479766
318,2021-10-05,MCD,243.97000122070312,246.8800048828125,243.00999450683594,234.642822265625,2463100.0,1.0,1.5035553178272778,236.94366975854476,226.93091215063495,56.6235576911228,105.1930665442149,4.454129779013001,230.29039255777994,228.44381103515624,21.299999237060547,17.756430155479766
318,2021-10-05,MMM,176.17999267578125,178.61000061035156,175.57000732421875,162.12916564941406,1888300.0,1.0,-3.4735407057378893,171.21358968580975,159.12228220139727,38.65398493539395,-95.2657540091836,44.36214413250409,169.01214040120442,174.62083231608074,21.299999237060547,17.756430155479766
318,2021-10-05,MRK,82.77999877929688,83.38999938964844,81.30000305175781,76.73558044433594,28977800.0,1.0,1.2224235127651184,76.45587836910215,63.41095054935488,64.01011568841271,196.64488174089715,46.74565710905902,70.45097630818685,71.10415000915528,21.299999237060547,17.756430155479766
318,2021-10-05,MSFT,284.04998779296875,290.3999938964844,284.04998779296875,283.6216735839844,24993000.0,1.0,-2.678610874508877,303.36732730763526,275.2529668818179,49.868872039120944,-120.50239050200784,23.553136709606306,291.5264933268229,286.9358413696289,21.299999237060547,17.756430155479766
318,2021-10-05,NKE,148.0,151.0,147.82000732421875,146.21298217773438,10881900.0,1.0,-4.38407152985738,162.98157930175796,138.52080869873032,42.52128552903808,-90.5353451758581,22.447481832757298,154.64554901123046,158.94138768513997,21.299999237060547,17.756430155479766
318,2021-10-05,PG,138.8000030517578,140.52000427246094,138.72000122070312,132.60372924804688,6902700.0,1.0,-0.8954118100241999,140.04117113535395,131.81980451161868,45.700872586448966,-166.93714696576674,29.625196130599257,136.02549794514974,135.2700309753418,21.299999237060547,17.756430155479766
318,2021-10-05,TRV,152.82000732421875,154.17999267578125,150.83999633789062,146.97061157226562,1144500.0,1.0,-0.9271736703130387,152.7761435543938,144.2776162112312,48.61381935651584,-116.44077283267067,20.432697745524436,149.7870854695638,147.7901860555013,21.299999237060547,17.756430155479766
318,2021-10-05,UNH,389.3399963378906,396.010009765625,389.239990234375,382.7507629394531,3269400.0,1.0,-6.014844299273193,414.36475968164865,376.4979356308514,43.21589845314772,-155.63059941135666,43.08605715654688,399.2955708821615,401.22766774495443,21.299999237060547,17.756430155479766
318,2021-10-05,V,225.47999572753906,227.3800048828125,223.9199981689453,220.9237060546875,5814000.0,1.0,-1.1637437113711542,228.39241637730848,215.46149750208608,46.040913414621926,-38.33988860564594,16.73964358873263,223.34097696940105,230.0616882324219,21.299999237060547,17.756430155479766
318,2021-10-05,VZ,54.63999938964844,54.810001373291016,54.31999969482422,47.579750061035156,13218200.0,1.0,-0.15702517276527317,47.83221592505588,47.079400972527125,46.098718266299244,-15.00234487934013,8.932523362154692,47.62688992818197,48.15293534596761,21.299999237060547,17.756430155479766
318,2021-10-05,WBA,46.7400016784668,47.220001220703125,46.27000045776367,42.5696907043457,4149600.0,1.0,-0.4667116469480064,46.20117629134374,41.72435357010646,45.02198360108128,-138.54890016704877,11.466937424096447,44.28639945983887,43.409103075663246,21.299999237060547,17.756430155479766
318,2021-10-05,WMT,135.9499969482422,137.7100067138672,135.89999389648438,132.44371032714844,6865800.0,1.0,-2.31074189402878,144.5163111899804,131.7521977211524,36.899266824711646,-177.38606867030714,62.563012452110144,139.92737935384113,140.0683224995931,21.299999237060547,17.756430155479766
319,2021-10-06,AAPL,139.47000122070312,142.14999389648438,138.3699951171875,140.37596130371094,83221100.0,2.0,-2.042292788277024,151.0441537202947,136.33806673868966,46.80547921519121,-115.92200427115512,47.11555327654472,145.9376200358073,145.66693827311198,21.0,15.70690956358212
319,2021-10-06,AMGN,211.32000732421875,212.0800018310547,208.97000122070312,196.6280517578125,2928200.0,2.0,-3.0912292178273333,205.2511285346475,196.45703339162205,37.85176776332999,-127.69837333559407,36.787443069416696,203.61524963378906,211.85515111287435,21.0,15.70690956358212
319,2021-10-06,AXP,172.5500030517578,174.89999389648438,169.89999389648438,168.2666473388672,2922200.0,2.0,2.5328833050878643,174.99459911873237,150.19283832023245,55.440186901622944,88.87096330402127,10.944018913496523,161.28238881429036,162.27672271728517,21.0,15.70690956358212
319,2021-10-06,BA,221.0800018310547,225.07000732421875,219.1999969482422,224.99000549316406,7157600.0,2.0,1.4517283489047657,229.52348630028146,206.0545151035271,51.12826895758946,79.13058195916574,6.829038620737858,217.83200073242188,221.4205004374186,21.0,15.70690956358212
319,2021-10-06,CAT,190.0,192.38999938964844,187.8000030517578,183.6283416748047,3777700.0,2.0,-3.761471686997197,200.06590016140143,178.53237864719233,40.67278233018965,-114.297410449984,44.769111434740694,193.395827738444,197.33653615315754,21.0,15.70690956358212
319,2021-10-06,CRM,269.6700134277344,275.489990234375,267.5,275.2699890136719,4745500.0,2.0,4.4036473340993325,285.57769608225954,247.33829970631473,59.08354806355692,72.49933907357963,10.720663128555165,266.0649978637695,256.27949879964194,21.0,15.70690956358212
319,2021-10-06,CSCO,54.349998474121094,54.380001068115234,52.97999954223633,50.74300765991211,26339200.0,2.0,-0.6807774896393397,55.03240287690017,50.09339096160081,43.69969160334583,-139.75637068164048,36.81381197296344,53.458377583821616,52.690750694274904,21.0,15.70690956358212
319,2021-10-06,CVX,104.18000030517578,105.3499984741211,103.58000183105469,97.34905242919922,10630100.0,2.0,1.761538057510677,99.56163845726726,85.75132617285968,57.02816428077608,136.8329102298898,20.72333414394144,91.88861389160157,91.78302739461263,21.0,15.70690956358212
319,2021-10-06,DIS,173.0,175.7100067138672,171.5500030517578,175.47999572753906,6005200.0,2.0,-1.6163308367898424,188.19897721711283,167.65101973112934,48.0134584158067,-84.0217710629993,19.383078594550625,179.02066497802736,178.14066645304362,21.0,15.70690956358212
319,2021-10-06,GS,382.3800048828125,389.54998779296875,378.6600036621094,367.5303649902344,2111800.0,2.0,-4.1695335429943725,390.1083769306954,349.9238069071953,49.78671886861315,-73.7715246176768,3.4911285087444495,376.7202473958333,370.70070495605466,21.0,15.70690956358212
319,2021-10-06,HD,328.1600036621094,330.6499938964844,325.3999938964844,314.3333435058594,2226800.0,2.0,0.3731808228238265,324.1279275846522,310.4236776399572,51.67701726210174,-37.11413231780111,8.865091689663728,314.7873524983724,312.49456075032555,21.0,15.70690956358212
319,2021-10-06,HON,213.77000427246094,216.99000549316406,213.1199951171875,208.1985321044922,1735900.0,2.0,-2.7662948329416395,215.3269679779351,203.06413157040475,44.67088591198561,-78.3532548159003,38.17674528212296,212.8416971842448,216.7234962463379,21.0,15.70690956358212
319,2021-10-06,IBM,136.21414184570312,137.06500244140625,134.69407653808594,123.28907012939453,5573506.0,2.0,0.8466549148485569,124.91244418452777,114.2177941577574,54.589930284082236,132.69291641918704,18.797739764240667,119.92250315348308,120.72539482116699,21.0,15.70690956358212
319,2021-10-06,INTC,53.47999954223633,54.06999969482422,53.06999969482422,50.55043411254883,20059600.0,2.0,-0.014454462684881264,51.73045554108318,49.337636042168775,49.17705987843281,-31.31444972997362,14.415150572327459,50.45085614522298,50.40340983072917,21.0,15.70690956358212
319,2021-10-06,JNJ,159.8699951171875,159.9499969482422,157.83999633789062,151.4462127685547,7312600.0,2.0,-2.696905623609922,159.59942444159384,150.39600860283974,37.07338882206258,-117.41717120223441,65.64446299236279,158.1097900390625,160.6766665140788,21.0,15.70690956358212
319,2021-10-06,JPM,167.99000549316406,169.10000610351562,166.0,159.10574340820312,8692600.0,2.0,2.704236988684386,161.07492270373973,141.1552042493853,61.073171698786,144.80224397322215,27.36683693288648,150.75645904541017,147.63861897786458,21.0,15.70690956358212
319,2021-10-06,KO,52.77000045776367,53.77000045776367,52.5099983215332,50.58157730102539,21284500.0,2.0,-0.6424232167995569,53.02332284047942,48.902182988378,44.923410476804804,-86.44458682950507,43.51298854708663,51.4861333211263,52.23134873708089,21.0,15.70690956358212
319,2021-10-06,MCD,244.55999755859375,247.16000366210938,243.02000427246094,236.4417266845703,2107900.0,2.0,1.6817652396188976,237.43211523950222,227.25388787329072,58.2627433766879,112.44256440701317,5.795041511039307,230.60839233398437,228.63865610758464,21.0,15.70690956358212
319,2021-10-06,MMM,176.6300048828125,178.5500030517578,175.52000427246094,162.60308837890625,2057600.0,2.0,-3.2930698538616525,170.15324326567838,159.31765822357943,39.333245456911456,-89.19711289012398,44.52140670617747,168.51539815266926,174.32175572713217,21.0,15.70690956358212
319,2021-10-06,MRK,81.5,81.68000030517578,80.1500015258789,75.85162353515625,17608000.0,2.0,1.4090895836456667,77.25433257279394,63.17384735884667,61.4352146765706,149.63727140779258,36.15055994490991,70.56477330525716,71.16275736490886,21.0,15.70690956358212
319,2021-10-06,MSFT,285.7799987792969,293.6300048828125,285.510009765625,287.894287109375,28002600.0,2.0,-2.2500843264249397,302.78215308214055,275.14077477430476,52.45026766859314,-74.2538872739172,12.570164858222707,291.2151336669922,287.14319966634116,21.0,15.70690956358212
319,2021-10-06,NKE,148.0,149.4600067138672,147.50999450683594,145.5673065185547,7610700.0,2.0,-4.180616771295405,162.21043733145754,138.1268246314331,41.95102387482594,-92.1381874884368,23.33398246232577,153.96401824951172,158.7371925354004,21.0,15.70690956358212
319,2021-10-06,PG,138.99000549316406,141.25999450683594,138.6199951171875,134.3739471435547,5332900.0,2.0,-0.8278341118233357,139.85434921433279,131.68208877394846,49.70211483180048,-115.4753561649447,21.86728556687842,135.96236724853514,135.3505480448405,21.0,15.70690956358212
319,2021-10-06,TRV,152.6999969482422,155.14999389648438,150.5,148.39627075195312,1200800.0,2.0,-0.7759086337618157,152.47469439902125,144.31402172646705,50.46274874271853,-88.91545221118744,12.554576682883543,149.6384740193685,147.8372009277344,21.0,15.70690956358212
319,2021-10-06,UNH,390.75,394.7799987792969,385.8399963378906,383.54852294921875,2809200.0,2.0,-5.987406203072396,413.79242906207844,375.1549952543278,43.64500036695092,-148.70900147310718,46.855019135959786,398.3979787190755,400.8575597127279,21.0,15.70690956358212
319,2021-10-06,V,222.0399932861328,226.6199951171875,221.25,223.12030029296875,5420900.0,2.0,-1.0267691743211742,228.05268387013453,215.54708877390843,47.7436444317313,-43.265965727324506,23.617447368141498,223.08716430664063,229.80705490112305,21.0,15.70690956358212
319,2021-10-06,VZ,54.34000015258789,54.59000015258789,54.0099983215332,47.59721755981445,21339800.0,2.0,-0.13446302181139203,47.7516581232787,47.12679036304942,46.27099378529899,-55.8089840753291,21.050442676276322,47.612924321492514,48.13024107615153,21.0,15.70690956358212
319,2021-10-06,WBA,46.86000061035156,47.2400016784668,46.220001220703125,42.40696334838867,4414400.0,2.0,-0.5001040554685261,45.854558421028656,41.693095921622714,44.537486641775956,-133.21277281066088,12.061096090970995,44.24330813090007,43.4098778406779,21.0,15.70690956358212
319,2021-10-06,WMT,136.24000549316406,137.7899932861328,136.1300048828125,133.41311645507812,6458900.0,2.0,-2.327315828407478,143.94840384588701,131.36618203057782,39.29965116005111,-151.65669536719756,61.4931276930155,139.56287333170573,140.02882486979166,21.0,15.70690956358212
320,2021-10-07,AAPL,143.05999755859375,144.22000122070312,142.72000122070312,141.65118408203125,61732700.0,3.0,-1.8857957802021588,149.33212265705365,136.98442397380572,48.306944926136694,-67.48782399343165,30.999531269139492,145.7705520629883,145.57406463623047,19.540000915527344,20.227552891934437
320,2021-10-07,AMGN,208.52999877929688,212.4499969482422,208.52999877929688,195.82272338867188,3331700.0,3.0,-3.174570509401633,205.45672776104763,195.64651015399144,37.26878447169382,-126.2843335013291,38.249659011756435,203.22601369222005,211.32912216186523,19.540000915527344,20.227552891934437
320,2021-10-07,AXP,175.5,176.8699951171875,173.6999969482422,169.55075073242188,3578800.0,3.0,2.618693595787306,175.5207717524031,151.15460208792894,56.33606978870719,110.14081024150727,16.119705160997576,161.55873362223306,162.3123570760091,19.540000915527344,20.227552891934437
320,2021-10-07,BA,227.33999633789062,229.0,225.89999389648438,226.47999572753906,7748500.0,3.0,1.7270753161646724,230.61541587053105,206.21658486189082,51.855903807138674,134.231007388389,2.7900963971361037,218.01366729736327,221.4543337504069,19.540000915527344,20.227552891934437
320,2021-10-07,CAT,193.72999572753906,196.38999938964844,193.61000061035156,187.35147094726562,3510500.0,3.0,-3.4588748537214826,199.06274146025132,178.61002923066664,43.69239857682362,-64.74715691261174,28.14951968629732,192.7893488566081,197.10108642578126,19.540000915527344,20.227552891934437
320,2021-10-07,CRM,276.8999938964844,279.5,274.0799865722656,274.5799865722656,5374200.0,3.0,4.347743671237708,286.39969978871636,247.9002956336469,58.64052855362234,99.52433353796445,17.83610150573568,266.52266387939454,256.81533203125,19.540000915527344,20.227552891934437
320,2021-10-07,CSCO,54.4900016784668,55.40999984741211,54.349998474121094,51.75899887084961,14725500.0,3.0,-0.6343428162811264,54.67718006516981,50.148823200211055,48.00894442635812,-85.53167202415533,17.0578029255656,53.33508720397949,52.711022758483885,19.540000915527344,20.227552891934437
320,2021-10-07,CVX,105.61000061035156,106.30000305175781,105.22000122070312,98.04486846923828,8830900.0,3.0,1.8658004705228137,100.19269251335035,86.01833577644456,57.92676781512641,144.6954781829904,24.79159895145557,92.11034647623698,91.86136817932129,19.540000915527344,20.227552891934437
320,2021-10-07,DIS,177.6999969482422,179.6300048828125,177.3300018310547,177.7100067138672,7780000.0,3.0,-1.312742825479802,187.0770778144125,167.95291943900546,49.85652663914385,-16.068055986141157,4.179600892904297,179.00066528320312,178.0454999287923,19.540000915527344,20.227552891934437
320,2021-10-07,GS,392.9100036621094,397.8500061035156,389.760009765625,369.96453857421875,2348000.0,3.0,-3.5461506359123405,388.46897170516974,350.2410380604553,50.680009455618126,-29.274256279420094,9.211100902243993,376.07297668457034,370.9853230794271,19.540000915527344,20.227552891934437
320,2021-10-07,HD,333.5,339.2200012207031,332.8599853515625,321.1079406738281,2789500.0,3.0,0.7832784083234401,324.56122566967065,310.5336839982981,55.59626092308793,81.1168613295521,13.21113508186865,315.2706553141276,312.8097371419271,19.540000915527344,20.227552891934437
320,2021-10-07,HON,218.0,219.86000061035156,217.7100067138672,209.648193359375,1852600.0,3.0,-2.4258833889383027,214.67957211030466,203.2737390469219,46.24197634918574,-37.760999979853,18.02193286462437,212.44839172363282,216.58756001790366,19.540000915527344,20.227552891934437
320,2021-10-07,IBM,136.45315551757812,137.09368896484375,135.30592346191406,122.81275939941406,3999695.0,3.0,0.892457118806476,125.27917236772585,114.20354247602414,53.69777806581587,126.36396326103319,18.96750547489474,119.97879562377929,120.7770886739095,19.540000915527344,20.227552891934437
320,2021-10-07,INTC,54.31999969482422,54.9900016784668,54.119998931884766,50.73772048950195,20704400.0,3.0,0.012620713670159489,51.74363953891834,49.397495104636356,49.91892877651903,83.60028337927062,3.944894800751797,50.462405649820965,50.372583071390785,19.540000915527344,20.227552891934437
320,2021-10-07,JNJ,160.02000427246094,162.61000061035156,160.02000427246094,152.80052185058594,5309200.0,3.0,-2.5589320963597686,158.93249757324133,150.42555601562583,40.102658944419304,-82.86912713588731,38.9858551538254,157.70286509195964,160.54923375447592,19.540000915527344,20.227552891934437
320,2021-10-07,JPM,171.1999969482422,171.50999450683594,169.5399932861328,160.1129913330078,10195400.0,3.0,2.9491787475568856,162.34773393460475,140.99821638277805,61.92439185607599,167.87371839340574,34.38501207442588,151.0744415283203,147.88806177775066,19.540000915527344,20.227552891934437
320,2021-10-07,KO,53.9900016784668,54.279998779296875,53.810001373291016,50.741676330566406,13774400.0,3.0,-0.5678942615466553,52.8652692253169,48.91317430190478,45.86147944205336,-44.620289383265956,26.9906408410093,51.43056983947754,52.200607236226396,19.540000915527344,20.227552891934437
320,2021-10-07,MCD,248.0,249.9499969482422,247.67999267578125,237.60911560058594,2423900.0,3.0,1.8953480236150995,238.04377249026462,227.57134896969634,59.2953826411039,163.82706067705678,18.04597726415456,230.9526158650716,228.8377311706543,19.540000915527344,20.227552891934437
320,2021-10-07,MMM,180.0,180.77999877929688,177.6999969482422,162.05624389648438,2878100.0,3.0,-3.15777037188559,169.4643401403122,159.28195655158234,38.82016328054401,-70.02402388864218,27.167730799379637,168.01288452148438,173.96487045288086,19.540000915527344,20.227552891934437
320,2021-10-07,MRK,81.54000091552734,82.66999816894531,81.02999877929688,77.05532836914062,14190500.0,3.0,1.6353019668625564,78.26098011040165,62.99245540595578,63.503341630668935,161.86515880145157,40.12850968812109,70.73888804117838,71.24127108256022,19.540000915527344,20.227552891934437
320,2021-10-07,MSFT,295.17999267578125,296.6400146484375,293.9200134277344,289.60333251953125,20430500.0,3.0,-1.752368060005665,302.5966351377082,275.09056273826843,53.44229112791729,-15.162122867311755,3.4128489087938023,290.9807149251302,287.35404307047526,19.540000915527344,20.227552891934437
320,2021-10-07,NKE,150.3000030517578,153.66000366210938,150.25999450683594,148.55108642578125,7958000.0,3.0,-3.7355502097795465,160.77494506734155,138.43828277689676,45.44846480337743,-53.065443695340164,5.816573839365222,153.38650410970052,158.58354110717772,19.540000915527344,20.227552891934437
320,2021-10-07,PG,141.75,143.02999877929688,141.75,135.4493865966797,5334600.0,3.0,-0.6796645729628494,139.73243994872539,131.64506096680194,51.9283621482839,-23.422489605978807,5.693371998970083,135.95126393636068,135.4330685933431,19.540000915527344,20.227552891934437
320,2021-10-07,TRV,156.6699981689453,158.16000366210938,155.97999572753906,150.45347595214844,1359400.0,3.0,-0.48444633976720297,152.3532741232005,144.36655009554948,52.98779733917568,19.924084996204453,7.513885316351689,149.4969024658203,147.89407958984376,19.540000915527344,20.227552891934437
320,2021-10-07,UNH,396.760009765625,408.1700134277344,396.7099914550781,393.7148742675781,2813700.0,3.0,-5.086685581472466,413.0667340497269,375.0634905596481,48.750512662565505,-51.97966519144537,14.839474737271093,397.95786437988284,400.7182891845703,19.540000915527344,20.227552891934437
320,2021-10-07,V,228.91000366210938,231.16000366210938,228.49000549316406,227.09986877441406,6561900.0,3.0,-0.5902934140177365,228.5699305124278,215.33126577663472,50.66158251792149,86.12942274250415,7.479556178901789,223.02018178304036,229.55907033284504,19.540000915527344,20.227552891934437
320,2021-10-07,VZ,54.040000915527344,54.349998474121094,53.83000183105469,47.606040954589844,18069600.0,3.0,-0.11454992023511323,47.763069431067386,47.124117763756836,46.360579095333215,-89.20498605389558,27.07346468510779,47.601580429077146,48.10434786478678,19.540000915527344,20.227552891934437
320,2021-10-07,WBA,47.36000061035156,48.27000045776367,47.2400016784668,43.256736755371094,4311400.0,3.0,-0.45277881537099063,45.52925417953376,41.77251088089104,47.584616898944496,-69.68070192256458,2.3676247881008217,44.219201278686526,43.431380144755046,19.540000915527344,20.227552891934437
320,2021-10-07,WMT,138.77999877929688,140.6999969482422,138.75999450683594,134.98361206054688,7022700.0,3.0,-2.1884972862062853,143.3676722301605,131.2508641467926,42.93755311945496,-92.00896013415252,28.582433168632075,139.2487782796224,139.99988708496093,19.540000915527344,20.227552891934437
321,2021-10-08,AAPL,144.02999877929688,144.17999267578125,142.55999755859375,141.26565551757812,58773200.0,4.0,-1.7724480293853162,148.7691459256342,136.9473411959478,47.8842423501888,-66.19531113362142,31.618487164202392,145.617653910319,145.48578821818035,18.770000457763672,16.669204655775907
321,2021-10-08,AMGN,210.1300048828125,210.17999267578125,207.64999389648438,195.66354370117188,2349800.0,4.0,-3.216387046140426,205.6976366749807,194.9561230906443,37.15178402469801,-137.31714645845844,41.1595571149154,202.83521728515626,210.77054977416992,18.770000457763672,16.669204655775907
321,2021-10-08,AXP,173.85000610351562,176.97999572753906,173.52999877929688,170.38735961914062,2375300.0,4.0,2.722819249312465,175.89472661525775,152.41726068942972,56.91982540464523,103.68603014339422,15.50050625411932,161.88463846842447,162.35659739176432,18.770000457763672,16.669204655775907
321,2021-10-08,BA,226.75,228.7100067138672,225.39999389648438,226.38999938964844,4515000.0,4.0,1.9159420320360994,231.28779489134274,207.15320547486817,51.807707383222514,119.4387791087235,1.5465730841326395,218.34333394368488,221.51483383178712,18.770000457763672,16.669204655775907
321,2021-10-08,CAT,195.8000030517578,196.5800018310547,194.74000549316406,186.78675842285156,2713200.0,4.0,-3.227428477988923,198.01219648970948,178.71783738480224,43.3462268199964,-58.180642401092236,27.406842503413774,192.276345316569,196.8598742167155,18.770000457763672,16.669204655775907
321,2021-10-08,CRM,275.5400085449219,276.9200134277344,272.2699890136719,272.4800109863281,2683300.0,4.0,4.0868781487928345,286.7084554261503,249.11953987414267,57.28812054305166,74.00209888274485,13.472572555757198,266.67899729410806,257.39699885050453,18.770000457763672,16.669204655775907
321,2021-10-08,CSCO,55.20000076293945,55.29999923706055,54.75,51.8154411315918,9255500.0,4.0,-0.5862308797016027,54.43276793846644,50.16543305030309,48.23663831835306,-75.73101078089975,17.057802925565607,53.218350346883135,52.739087867736814,18.770000457763672,16.669204655775907
321,2021-10-08,CVX,106.80999755859375,108.43000030517578,106.5999984741211,100.24365234375,10586700.0,4.0,2.1016264254589316,101.16630341826236,86.15617430390562,60.61882481837319,164.4051092664916,33.028619168919015,92.44526519775391,91.98657735188802,18.770000457763672,16.669204655775907
321,2021-10-08,DIS,177.92999267578125,178.60000610351562,176.39999389648438,176.74000549316406,4132200.0,4.0,-1.137307953022571,186.19044932793994,168.10154896307566,49.073660563091146,-32.82043179138198,7.17750602764724,179.0066655476888,177.9220001220703,18.770000457763672,16.669204655775907
321,2021-10-08,GS,390.8299865722656,394.30999755859375,388.17999267578125,372.0386657714844,1446700.0,4.0,-2.8518758110843123,387.05271010311344,350.6467192181756,51.44146893123854,-31.816063572487867,6.549908108059581,375.51715189615885,371.32100474039714,18.770000457763672,16.669204655775907
321,2021-10-08,HD,333.0,335.4100036621094,330.8800048828125,318.1202697753906,2912200.0,4.0,0.8573209645139173,324.6324067589698,310.68990769415524,53.61250970430343,28.334400506247217,7.811733350259603,315.7301035563151,313.0200551350911,18.770000457763672,16.669204655775907
321,2021-10-08,HON,218.67999267578125,219.5500030517578,216.74000549316406,209.00497436523438,1344800.0,4.0,-2.18284478830941,214.04647242554165,203.45849278441926,45.64703300720864,-42.89620480037718,22.125790367870117,212.02660573323567,216.36057866414387,18.770000457763672,16.669204655775907
321,2021-10-08,IBM,135.5736083984375,137.33270263671875,134.84703063964844,124.03386688232422,3902940.0,4.0,1.0155818684779376,125.84068087758838,114.17897702036085,55.62126025571911,127.27491797179302,14.861190915935591,120.10696919759114,120.84014472961425,18.770000457763672,16.669204655775907
321,2021-10-08,INTC,54.54999923706055,54.58000183105469,53.70000076293945,50.3912353515625,16068000.0,4.0,0.006049792817314881,51.74306432783211,49.39526079118645,48.562277875170906,16.88717400165492,3.603809511485994,50.48363215128581,50.346991475423174,18.770000457763672,16.669204655775907
321,2021-10-08,JNJ,161.32000732421875,161.61000061035156,160.25,152.41220092773438,4343200.0,4.0,-2.4526487273016926,158.43262578636404,150.3533956369758,39.538091774983876,-85.89161525147193,38.98585515382539,157.3123550415039,160.44749654134114,18.770000457763672,16.669204655775907
321,2021-10-08,JPM,170.02000427246094,171.33999633789062,169.3000030517578,160.2353515625,8190100.0,4.0,3.117236739367371,163.43457187940146,141.21067348192668,62.02873768016893,147.50552476999582,33.01684791390077,151.37061411539713,148.13424072265624,18.770000457763672,16.669204655775907
321,2021-10-08,KO,54.0,54.38999938964844,53.900001525878906,50.96769332885742,13786800.0,4.0,-0.48500105444442454,52.74798171517882,48.929368901276256,47.17543099008212,-33.774613520463866,23.706932094404305,51.39905344645182,52.17082843780518,18.770000457763672,16.669204655775907
321,2021-10-08,MCD,249.25,249.6300048828125,247.11000061035156,237.01588439941406,1687500.0,4.0,1.9937622682637368,238.42782473609014,228.0025509352966,58.53406637910978,140.4947374015635,14.78600584987467,231.33670196533203,229.0308842976888,18.770000457763672,16.669204655775907
321,2021-10-08,MMM,177.57000732421875,178.10000610351562,176.77999877929688,161.28150939941406,2469500.0,4.0,-3.077582699199013,168.9593931329993,159.09420031182492,38.09192684446481,-85.12546179375475,30.830588210909514,167.45477091471355,173.59869130452475,18.770000457763672,16.669204655775907
321,2021-10-08,MRK,81.66999816894531,81.80000305175781,80.52999877929688,75.82341766357422,12121100.0,4.0,1.6956258921085237,78.89474348935374,63.09524140444509,60.09155248971071,127.70821203043157,35.56855416974927,70.887473042806,71.29490356445312,18.770000457763672,16.669204655775907
321,2021-10-08,MSFT,296.2200012207031,296.6400146484375,293.760009765625,289.60333251953125,17685700.0,4.0,-1.3424494118423809,302.5388338138433,275.063894457641,53.44229112791729,-13.805777933185292,3.8572622577417346,290.8418955485026,287.5890686035156,18.770000457763672,16.669204655775907
321,2021-10-08,NKE,152.22000122070312,152.8699951171875,150.6699981689453,149.16737365722656,6333700.0,4.0,-3.2951184498466546,159.0946091397907,139.03175804770933,46.14180638824421,-47.67757563993207,5.81657383936522,152.92459564208986,158.43771896362304,18.770000457763672,16.669204655775907
321,2021-10-08,PG,142.2899932861328,142.6199951171875,141.0399932861328,134.8878631591797,6131800.0,4.0,-0.6006257546481208,139.57058723105192,131.57849876748324,50.715886880630556,-47.85418248710091,10.771276144532766,135.92937418619792,135.48763020833334,18.770000457763672,16.669204655775907
321,2021-10-08,TRV,157.35000610351562,158.4499969482422,156.3699951171875,150.5395965576172,989900.0,4.0,-0.2437019148079287,152.48165137403015,144.33098748095034,53.09134577135086,32.453916947672084,9.18155007506545,149.44098612467448,147.9357416788737,18.770000457763672,16.669204655775907
321,2021-10-08,UNH,406.4100036621094,409.1199951171875,402.6400146484375,397.3728942871094,2012200.0,4.0,-4.031216995111379,413.3362513135713,375.23662771474903,50.422361221842664,-21.1562174349304,12.971635935810347,397.7330729166667,400.55418955485027,18.770000457763672,16.669204655775907
321,2021-10-08,V,231.0,232.72999572753906,230.17999267578125,226.82408142089844,3735200.0,4.0,-0.26359836603748477,229.17788813525294,215.25128819531346,50.45958675229735,110.55147454079449,2.5315632143629028,223.01197408040363,229.26451873779297,18.770000457763672,16.669204655775907
321,2021-10-08,VZ,53.869998931884766,53.970001220703125,53.220001220703125,47.02311706542969,21384600.0,4.0,-0.14414412616692118,47.79648312114551,47.05948001362012,41.618058659529716,-213.96544292806226,42.86421816496043,47.58040707906087,48.06539325714111,18.770000457763672,16.669204655775907
321,2021-10-08,WBA,47.86000061035156,47.90999984741211,47.2400016784668,42.83185577392578,5643700.0,4.0,-0.44443440281304447,45.40110042033224,41.71353542866679,46.269766938543555,-83.22177705035708,2.3676247881008026,44.20534006754557,43.4552007039388,18.770000457763672,16.669204655775907
321,2021-10-08,WMT,139.66000366210938,140.08999633789062,139.00999450683594,135.3907928466797,4615800.0,4.0,-2.0223145219274272,142.7969195411148,131.21766480947116,43.84028444090151,-85.4356029162402,28.582433168632075,139.00028177897136,139.9759651184082,18.770000457763672,16.669204655775907
322,2021-10-11,AAPL,142.27000427246094,144.80999755859375,141.80999755859375,141.1766815185547,64452200.0,0.0,-1.6705416145149172,147.98794359906086,137.0622486616813,47.784416867441756,-63.256726096833596,34.55983952958094,145.426860555013,145.43041229248047,20.0,21.53633672761226
322,2021-10-11,AMGN,209.05999755859375,209.88999938964844,206.58999633789062,193.55662536621094,1982200.0,0.0,-3.3805685640820684,205.868652818804,193.84682264506316,35.620601875046134,-149.03329456526518,44.52556250836465,202.3333002726237,210.1562639872233,20.0,21.53633672761226
322,2021-10-11,AXP,175.7899932861328,176.7899932861328,173.3300018310547,168.7433319091797,2499200.0,0.0,2.6422223884670757,176.11293186238484,153.4063460917167,55.4137871741854,88.0593110578637,14.731113158105282,162.0541737874349,162.41936925252278,20.0,21.53633672761226
322,2021-10-11,BA,226.5,232.10000610351562,225.32000732421875,226.4499969482422,7287000.0,0.0,2.046866563025077,232.08210109700818,207.55589939127307,51.83857818470013,126.44133465346255,9.48301848643753,218.5000005086263,221.6600003560384,20.0,21.53633672761226
322,2021-10-11,CAT,196.33999633789062,197.1699981689453,192.67999267578125,184.61415100097656,2015200.0,0.0,-3.182629448285468,196.52092469150412,178.93521544521465,42.02118041199055,-66.8040054339715,31.97583805992053,191.64019521077475,196.63734970092773,20.0,21.53633672761226
322,2021-10-11,CRM,271.7799987792969,276.2699890136719,271.510009765625,273.75,2693000.0,0.0,3.937231884164021,286.6787356424718,251.11325959678607,57.89562029792567,69.04840088404099,11.61742299584315,266.91966400146487,257.9856656392415,20.0,21.53633672761226
322,2021-10-11,CSCO,55.25,55.380001068115234,54.900001525878906,51.67433166503906,8117600.0,0.0,-0.553112244332091,54.099267678911986,50.237397283856566,47.69640249961225,-70.02447094630111,15.5765486963601,53.102516174316406,52.764022509256996,20.0,21.53633672761226
322,2021-10-11,CVX,109.55999755859375,109.62999725341797,106.91999816894531,99.39010620117188,9794800.0,0.0,2.1943510405968283,101.88747398421341,86.28482444718307,59.100252671984606,148.93682849419872,37.1725992860943,92.70781885782877,92.13844922383626,20.0,21.53633672761226
322,2021-10-11,DIS,176.02000427246094,176.52000427246094,173.47999572753906,173.52000427246094,8046300.0,0.0,-1.2437643987258582,184.95555843218807,168.19044071331973,46.562860560459384,-74.63870740188052,15.998298688595208,178.78599904378254,177.82550023396809,20.0,21.53633672761226
322,2021-10-11,GS,392.8999938964844,396.95001220703125,385.0199890136719,364.86895751953125,1787400.0,0.0,-2.8473708281288737,383.68323454794296,351.74121003213514,48.75000931340659,-43.42529254767316,1.274002400771897,374.4936126708984,371.6715026855469,20.0,21.53633672761226
322,2021-10-11,HD,335.6000061035156,340.8599853515625,334.6000061035156,320.6226501464844,2589100.0,0.0,1.1051815613370763,324.8002485029321,310.66669180468506,55.00362452939014,93.5651925029192,19.156588644807197,316.2130096435547,313.29053955078126,20.0,21.53633672761226
322,2021-10-11,HON,217.3800048828125,218.22000122070312,215.25999450683594,206.69122314453125,1355200.0,0.0,-2.152126953134257,212.92308901389586,203.78406430641664,43.56147233511264,-63.445591318693864,28.004178327420753,211.51937408447264,216.13455988566082,20.0,21.53633672761226
322,2021-10-11,IBM,137.18930053710938,137.74378967285156,136.13766479492188,123.3497085571289,2921792.0,0.0,1.0458968131510886,126.20966627952055,114.180656596456,54.31352360323715,126.0150281615784,17.585240858909053,120.19415079752604,120.913916015625,20.0,21.53633672761226
322,2021-10-11,INTC,53.810001373291016,54.40999984741211,53.41999816894531,50.04473876953125,14398800.0,0.0,-0.02680806103647626,51.606907182726815,49.38626489063745,47.2342788963448,-29.151289449923727,8.34724634203234,50.46958491007487,50.328650856018065,20.0,21.53633672761226
322,2021-10-11,JNJ,160.86000061035156,161.85000610351562,159.94000244140625,151.7681884765625,4101600.0,0.0,-2.3928020812408306,158.13274087240637,150.12765494058192,38.60565350708238,-87.00769988751613,40.266076357911736,156.91205952962238,160.33926188151042,20.0,21.53633672761226
322,2021-10-11,JPM,170.8000030517578,171.2899932861328,166.4600067138672,156.86534118652344,12154700.0,0.0,2.9445493042194073,163.89750701973284,141.47610443046247,57.53627787690311,102.36227284661086,17.840420014766373,151.51390635172527,148.3796157836914,20.0,21.53633672761226
322,2021-10-11,KO,54.209999084472656,54.38999938964844,54.0099983215332,51.071292877197266,12378500.0,0.0,-0.40626480508714025,52.53792367311882,49.00569815305305,47.77643791264848,-27.402262248006572,23.7069320944043,51.36756286621094,52.14339942932129,20.0,21.53633672761226
322,2021-10-11,MCD,248.10000610351562,249.13999938964844,246.4499969482422,235.9441680908203,1504000.0,0.0,1.9626534693027793,238.69124243700833,228.25296990430024,57.16244533014418,116.05622620852542,10.992021016331048,231.66825154622396,229.2399589538574,20.0,21.53633672761226
322,2021-10-11,MMM,178.02000427246094,178.60000610351562,176.1999969482422,160.6708221435547,2691100.0,0.0,-3.028401224493763,168.21756164075168,159.02028168200223,37.51801639167322,-85.52553624302033,33.09805539456253,166.88450520833334,173.27087783813477,20.0,21.53633672761226
322,2021-10-11,MRK,81.63999938964844,81.63999938964844,79.87000274658203,75.1651382446289,11279700.0,0.0,1.6710525363926791,79.33794301918415,63.34792886802289,58.35837477259086,106.05004527454949,29.616990903709567,71.02250340779622,71.3357006072998,20.0,21.53633672761226
322,2021-10-11,MSFT,292.9200134277344,297.9700012207031,292.75,288.994384765625,19298600.0,0.0,-1.0545665378169815,302.3359831901602,274.9956604865976,53.020506562916424,-13.376450178240013,0.22201746833634822,290.6621510823568,287.8185190836588,20.0,21.53633672761226
322,2021-10-11,NKE,151.99000549316406,153.58999633789062,150.05999755859375,147.0151824951172,5551200.0,0.0,-3.084184389328499,158.11713996333023,139.10530418950182,44.11618108635975,-50.5733835794737,2.9521699151606837,152.36045735677084,158.28597819010417,20.0,21.53633672761226
322,2021-10-11,PG,142.3699951171875,142.77000427246094,141.77000427246094,135.4493865966797,5995600.0,0.0,-0.4870621241491335,139.13975948184793,131.68954654842548,51.878226771029205,-26.304367389027647,9.44039600650573,135.92969156901043,135.53027064005533,20.0,21.53633672761226
322,2021-10-11,TRV,157.3000030517578,158.74000549316406,156.17999267578125,149.487060546875,796900.0,0.0,-0.1362702446590447,152.02063787120787,144.5365230784992,51.65294095791487,28.007892954577983,10.89906695823018,149.28274281819662,147.94701614379883,20.0,21.53633672761226
322,2021-10-11,UNH,408.0,411.2200012207031,404.2099914550781,393.9970397949219,2164200.0,0.0,-3.4276420565116723,412.39769703080106,375.2480518705661,48.899457837042426,-17.75233436405691,8.79037113623712,397.3340301513672,400.33948109944663,20.0,21.53633672761226
322,2021-10-11,V,230.00999450683594,230.32000732421875,224.8699951171875,221.74127197265625,5620200.0,0.0,-0.4101030181516023,229.1912063589027,215.28524932957387,46.89474366695678,11.017105659739283,16.439557401477657,222.7630879720052,228.8923032124837,20.0,21.53633672761226
322,2021-10-11,VZ,53.2599983215332,53.290000915527344,51.97999954223633,46.08689498901367,32088400.0,0.0,-0.240372183905464,48.03768782429482,46.65938782878135,35.5721598415017,-376.43714548191804,61.14571905688674,47.52308019002279,48.01214415232341,20.0,21.53633672761226
322,2021-10-11,WBA,47.400001525878906,48.25,47.380001068115234,42.868003845214844,3278700.0,0.0,-0.4299483713008385,45.294831315598735,41.66069846955751,46.4001179932193,-70.11742108613329,6.889726856363282,44.17339833577474,43.48305530548096,20.0,21.53633672761226
322,2021-10-11,WMT,139.52000427246094,140.77999877929688,139.44000244140625,135.26473999023438,4349400.0,0.0,-1.8791235296655202,142.31599547236712,131.16249421269148,43.619293019811565,-73.11510114124049,21.854097894466783,138.77440338134767,139.9515520731608,20.0,21.53633672761226
323,2021-10-12,AAPL,143.22999572753906,143.25,141.0399932861328,139.89158630371094,73035900.0,1.0,-1.6741776129998414,147.45668459974604,136.94006985582035,46.34094237912044,-77.8461231414571,37.50979763765268,145.0442876180013,145.41843643188477,19.850000381469727,26.033499674174315
323,2021-10-12,AMGN,207.42999267578125,207.55999755859375,200.47000122070312,189.05247497558594,3544000.0,1.0,-3.829981253868766,206.78497410020668,191.60548000135583,32.64514146415404,-207.61939101268376,59.00076221097844,201.63910675048828,209.4859583536784,19.850000381469727,26.033499674174315
323,2021-10-12,AXP,173.61000061035156,176.55999755859375,173.10000610351562,170.1538848876953,3069500.0,1.0,2.661488648045605,176.0874205627696,154.9713715514882,56.436833737416805,84.7150433821206,13.799224991053451,162.41272888183593,162.62209803263346,19.850000381469727,26.033499674174315
323,2021-10-12,BA,226.0,228.66000366210938,223.1199951171875,223.57000732421875,8486800.0,1.0,1.8963738858091688,232.14523239286996,208.69276809541128,50.240475574314594,81.64196042118981,3.6847382976857967,218.6970006306966,221.93633371988932,19.850000381469727,26.033499674174315
323,2021-10-12,CAT,192.32000732421875,193.5800018310547,189.5800018310547,181.7716064453125,4706700.0,1.0,-3.3380169029777846,195.8472748907288,178.4211119500915,40.35166464726161,-95.63128207511498,38.22983932184982,190.9533203125,196.42742741902669,19.850000381469727,26.033499674174315
323,2021-10-12,CRM,276.4200134277344,280.75,276.0199890136719,279.0,5970100.0,1.0,4.193922339122537,287.0659416711396,253.1890540563994,60.30976706223416,106.29938190140093,19.872319612963604,267.38733062744143,258.67649892171227,19.850000381469727,26.033499674174315
323,2021-10-12,CSCO,54.9900016784668,55.060001373291016,54.06999969482422,51.0628547668457,14241900.0,1.0,-0.5696401060000866,53.78554083988393,50.249931648519386,45.41624559971734,-90.31047044054448,25.966223568804107,52.962873204549155,52.78873297373454,19.850000381469727,26.033499674174315
323,2021-10-12,CVX,106.98999786376953,107.58000183105469,106.16999816894531,99.40866088867188,9085000.0,1.0,2.243471827635375,102.39242747678601,86.7957606946007,59.123280546204015,118.28657038380106,31.726971729363644,92.97872212727864,92.3312136332194,19.850000381469727,26.033499674174315
323,2021-10-12,DIS,173.6199951171875,174.49000549316406,172.5500030517578,173.1300048828125,5188400.0,1.0,-1.3441075550895505,184.15376393872765,168.06523630541295,46.26626865850468,-86.8261648699353,18.630838023952943,178.557666015625,177.82850036621093,19.850000381469727,26.033499674174315
323,2021-10-12,GS,386.2200012207031,388.5899963378906,381.0199890136719,366.0907287597656,2088200.0,1.0,-2.7139293798330186,381.31412840388265,352.48505372502365,49.218383229612435,-62.70835504820615,5.085355566874919,373.70213419596354,372.2007110595703,19.850000381469727,26.033499674174315
323,2021-10-12,HD,339.1400146484375,341.04998779296875,337.3999938964844,321.41241455078125,2960300.0,1.0,1.349780824019092,325.1986256189131,310.71361498167283,55.43991487406282,110.599793168779,19.52565850238652,316.6048512776693,313.6163131713867,19.850000381469727,26.033499674174315
323,2021-10-12,HON,215.6999969482422,216.24000549316406,213.92999267578125,205.7695770263672,1383700.0,1.0,-2.1770562375299107,212.54496035448557,203.59959836133476,42.75649588721523,-82.03996385507692,32.87183944669431,210.95805867513022,216.04729487101238,19.850000381469727,26.033499674174315
323,2021-10-12,IBM,135.95602416992188,136.0420684814453,134.13002014160156,121.65226745605469,3293436.0,1.0,0.9223203792548844,126.33215797482065,114.4262282556481,51.22250486267308,62.548522381997124,0.7556464480820406,120.23745244344076,120.97338078816732,19.850000381469727,26.033499674174315
323,2021-10-12,INTC,53.56999969482422,53.720001220703125,52.0099983215332,48.85543441772461,32784300.0,1.0,-0.14711917048442302,51.683835804266025,49.08926676531405,43.05378723426643,-192.84262385135094,27.540524000076587,50.41433359781901,50.29560585021973,19.850000381469727,26.033499674174315
323,2021-10-12,JNJ,160.0,160.17999267578125,157.33999633789062,149.3437042236328,6686400.0,1.0,-2.5120514347745484,158.21710321194234,149.36992681735455,35.35820034056219,-123.48947642085975,49.72398517760349,156.40790201822918,160.2097625732422,19.850000381469727,26.033499674174315
323,2021-10-12,JPM,165.75,166.69000244140625,164.77000427246094,155.66043090820312,13032600.0,1.0,2.6795785644031014,164.0697340726816,142.1728135347403,56.035214519288836,57.92025066766923,9.866678486835163,151.6984405517578,148.68194885253905,19.850000381469727,26.033499674174315
323,2021-10-12,KO,54.41999816894531,54.83000183105469,54.220001220703125,51.071292877197266,19474400.0,1.0,-0.3399470620854217,52.29299274550141,49.11313365830719,47.77643791264848,-11.942230142041655,10.631417894882789,51.319559478759764,52.12640806833903,19.850000381469727,26.033499674174315
323,2021-10-12,MCD,247.72999572753906,248.60000610351562,244.17999267578125,233.97303771972656,2346700.0,1.0,1.7586728881571787,238.69370323662898,228.57488807196475,54.722661094952315,75.71527902349857,1.0343637063925593,231.9623291015625,229.50325749715168,19.850000381469727,26.033499674174315
323,2021-10-12,MMM,176.3000030517578,176.88999938964844,175.1300048828125,159.98724365234375,2155900.0,1.0,-3.009887513131872,167.99881495253416,158.61103917344238,36.87468855580893,-99.1576753111477,37.16038652933298,166.2574259440104,172.95895868937174,19.850000381469727,26.033499674174315
323,2021-10-12,MRK,80.18000030517578,80.18000030517578,79.25,74.84541320800781,10945000.0,1.0,1.6072514423960484,79.65429926940175,63.73498143128185,57.52474351785219,81.2159107288335,24.144131768342987,71.1406628926595,71.3862366994222,19.850000381469727,26.033499674174315
323,2021-10-12,MSFT,295.3399963378906,295.44000244140625,292.3500061035156,287.6683654785156,17974100.0,1.0,-0.9227787416084539,301.72576243803377,274.9271733529818,52.094339745044245,-28.867648474644632,1.027751843471807,290.31150309244794,288.0869766235352,19.850000381469727,26.033499674174315
323,2021-10-12,NKE,152.4199981689453,153.60000610351562,151.3000030517578,150.01846313476562,7408600.0,1.0,-2.6441973177901446,157.34853439211284,139.34466323972308,47.44663464704746,-30.872438925977093,2.910770351343528,151.88175455729166,158.21652221679688,19.850000381469727,26.033499674174315
323,2021-10-12,PG,142.60000610351562,143.0399932861328,141.6999969482422,135.24954223632812,6734800.0,1.0,-0.4084792045081542,138.70473414524974,131.80860203639088,51.43164205788244,-25.525773761216534,6.967779367233748,135.90367889404297,135.57068379720053,19.850000381469727,26.033499674174315
323,2021-10-12,TRV,156.1199951171875,158.08999633789062,155.52000427246094,149.72625732421875,1402000.0,1.0,-0.03146597105450155,152.03651508030478,144.5330817824882,51.95893406686657,20.186714266613485,6.021426554935404,149.21652425130208,148.04363352457682,19.850000381469727,26.033499674174315
323,2021-10-12,UNH,405.1099853515625,408.3800048828125,402.30999755859375,392.29449462890625,2415700.0,1.0,-3.0515098294674203,411.6119599206384,375.1290251867835,48.1408778901353,-32.51321125624298,11.942471879779205,396.8931020100911,400.26831309000653,19.850000381469727,26.033499674174315
323,2021-10-12,V,225.55999755859375,226.22000122070312,222.9199981689453,220.6971435546875,5448200.0,1.0,-0.603504622031636,229.1782250280813,215.39870673461402,46.201122087006134,-46.800397974089655,20.871911807296964,222.52733612060547,228.62909011840821,19.850000381469727,26.033499674174315
323,2021-10-12,VZ,52.18000030517578,52.18000030517578,51.11000061035156,45.336143493652344,42154000.0,1.0,-0.3729142608644196,48.36952470241659,46.111918321265044,31.746428132215613,-444.2092243414856,68.6652402121846,47.440728251139326,47.95540218353271,19.850000381469727,26.033499674174315
323,2021-10-12,WBA,47.150001525878906,47.810001373291016,47.06999969482422,42.868003845214844,4473500.0,1.0,-0.4136992198733225,45.27784754551489,41.605360538591555,46.400117993219304,-80.47200000746331,2.272781089623815,44.13693644205729,43.51747449239095,19.850000381469727,26.033499674174315
323,2021-10-12,WMT,139.33999633789062,140.41000366210938,139.07000732421875,135.11932373046875,5263100.0,1.0,-1.7571224991320662,141.91598401230425,131.0855449183598,43.358461871090796,-74.35375086616388,24.129753519352327,138.50554809570312,139.9300277709961,19.850000381469727,26.033499674174315
324,2021-10-13,AAPL,141.24000549316406,141.39999389648438,139.1999969482422,139.29843139648438,78762700.0,2.0,-1.7052645831813322,146.6144597165134,136.97958325223658,45.68203504311097,-94.9473979826015,43.96244845481811,144.6844497680664,145.33570454915363,18.639999389648438,35.67761242316216
324,2021-10-13,AMGN,202.82000732421875,204.88999938964844,202.10000610351562,190.66310119628906,3303300.0,2.0,-4.009955699726788,206.61378471234497,190.4169983687097,34.66402126589453,-192.1818829597647,59.00076221097845,200.95490112304688,208.84001897176105,18.639999389648438,35.67761242316216
324,2021-10-13,AXP,172.77999877929688,174.08999633789062,167.0800018310547,164.13221740722656,5608100.0,2.0,2.1658920022872223,175.62157087757507,156.1940754847296,51.24417321482684,27.81556302749976,7.27375638991421,162.51557261149088,162.6264554341634,18.639999389648438,35.67761242316216
324,2021-10-13,BA,224.0,224.3000030517578,219.36000061035156,221.77999877929688,8240200.0,2.0,1.6140627147680675,232.16374313467023,209.43025710947038,49.263983894898054,35.79668001283448,5.462353498507809,218.77300059000652,222.0135004679362,18.639999389648438,35.67761242316216
324,2021-10-13,CAT,190.5,191.25,187.72000122070312,180.8336181640625,3253200.0,2.0,-3.496544408115909,194.17069054652373,178.49073065708953,39.811723231227745,-107.96193943889229,41.669434435584854,190.2536829630534,196.12402776082357,18.639999389648438,35.67761242316216
324,2021-10-13,CRM,280.0,285.1000061035156,278.6000061035156,284.4100036621094,6573500.0,2.0,4.778806351362277,288.28466002050067,254.79533570703842,62.595977570180246,132.11626241225167,26.953696437497022,268.0253311157227,259.4148323059082,18.639999389648438,35.67761242316216
324,2021-10-13,CSCO,54.31999969482422,54.75,54.08000183105469,51.38269805908203,13737100.0,2.0,-0.5505830956071662,53.47612368067257,50.319108710684844,46.79260407938892,-85.52718116402107,25.966223568804097,52.837317911783856,52.81067581176758,18.639999389648438,35.67761242316216
324,2021-10-13,CVX,106.7699966430664,108.33999633789062,106.4800033569336,100.00243377685547,9220700.0,2.0,2.303756642433669,103.01439823085653,87.05979381626261,59.871241494705465,116.73025215003383,34.54183484558495,93.31951675415038,92.52517776489258,18.639999389648438,35.67761242316216
324,2021-10-13,DIS,173.6300048828125,173.6999969482422,170.94000244140625,172.9600067138672,8914700.0,2.0,-1.420967630616957,182.6723708050186,168.4016297442978,46.133760668189375,-94.00990197077417,23.091228401278382,178.2796661376953,177.76533381144205,18.639999389648438,35.67761242316216
324,2021-10-13,GS,388.0,388.3800048828125,378.6300048828125,365.88238525390625,2391600.0,2.0,-2.5950732612102456,379.02824069041594,353.28964261036526,49.1391622906272,-65.28448145630577,8.745257624964502,372.8434102376302,372.56872812906903,18.639999389648438,35.67761242316216
324,2021-10-13,HD,337.32000732421875,340.239990234375,336.54998779296875,321.8690490722656,2477400.0,2.0,1.5624629908082852,325.62787239676493,310.75154349678974,55.69685213921639,97.52610196869598,16.9719447500842,317.04094848632815,313.847455851237,18.639999389648438,35.67761242316216
324,2021-10-13,HON,215.2899932861328,216.67999267578125,212.94000244140625,206.9696502685547,1600200.0,2.0,-2.0760456320525122,211.66767134369607,203.89029069243676,44.14675529540042,-76.7703879735241,36.29875446415347,210.43546651204426,215.83659439086915,18.639999389648438,35.67761242316216
324,2021-10-13,IBM,134.34034729003906,135.1912078857422,133.51815795898438,121.90342712402344,3013003.0,2.0,0.8350259914048763,126.47601199920736,114.59068416778483,51.64374020779346,48.61751018770659,3.733131698947688,120.24957733154297,121.00777867635091,18.639999389648438,35.67761242316216
324,2021-10-13,INTC,52.380001068115234,52.58000183105469,51.869998931884766,48.9397087097168,18534000.0,2.0,-0.2329807039330447,51.567508034890714,48.93776502113956,43.420859673562134,-225.22444674295548,29.116038420253098,50.358145523071286,50.25466111501058,18.639999389648438,35.67761242316216
324,2021-10-13,JNJ,157.82000732421875,160.0800018310547,157.75,150.7737579345703,6901100.0,2.0,-2.4627746899779765,157.90207581088887,149.09587493374002,38.51410396997323,-109.9356666926798,49.723985177603495,155.96814524332683,160.07946243286133,18.639999389648438,35.67761242316216
324,2021-10-13,JPM,164.07000732421875,165.41000366210938,160.60000610351562,151.55618286132812,22753500.0,2.0,2.114039495971184,164.00979256748423,142.58927512050406,51.317567228969914,6.953755939928054,6.772248305153601,151.7614501953125,148.8731470743815,18.639999389648438,35.67761242316216
324,2021-10-13,KO,54.16999816894531,54.43000030517578,53.790000915527344,51.08070373535156,12143300.0,2.0,-0.28336395210783394,51.950599978605844,49.30107848819103,47.83413419242313,-26.072727644403855,19.51811270187333,51.26781946818034,52.108015632629396,18.639999389648438,35.67761242316216
324,2021-10-13,MCD,243.27000427246094,243.8699951171875,239.89999389648438,232.18368530273438,3214300.0,2.0,1.4360768225063225,238.61900062023187,228.80938835681889,52.61381817070493,-13.035363741759673,18.773140269144616,232.12786712646485,229.657270304362,18.639999389648438,35.67761242316216
324,2021-10-13,MMM,175.61000061035156,178.39999389648438,175.0399932861328,161.48199462890625,2030500.0,2.0,-2.8418423620754822,167.21511748469342,158.75489441716203,39.23176052030874,-82.62681319980646,25.650784902172163,165.72361806233724,172.6228047688802,18.639999389648438,35.67761242316216
324,2021-10-13,MRK,79.58999633789062,79.66000366210938,78.77999877929688,74.2435531616211,9462600.0,2.0,1.4909369469046254,79.86898008661642,64.09769700688945,55.96787567403874,64.9455110100905,20.03701920303563,71.24528477986654,71.44041163126627,18.639999389648438,35.67761242316216
324,2021-10-13,MSFT,294.9100036621094,297.2799987792969,293.489990234375,291.037353515625,23416300.0,2.0,-0.5402590152186235,300.3406160235932,275.4764646648834,54.197199280222534,3.3505224569364804,4.809236370440869,290.12914123535154,288.37384236653645,18.639999389648438,35.67761242316216
324,2021-10-13,NKE,154.32000732421875,156.6699981689453,153.16000366210938,152.90440368652344,8456300.0,2.0,-2.0391273195182293,157.06921017758484,139.46648775942688,50.385889450884314,3.500506699734007,9.076332852842917,151.60653432210287,158.16472549438475,18.639999389648438,35.67761242316216
324,2021-10-13,PG,142.39999389648438,142.75999450683594,141.02999877929688,135.56358337402344,5689800.0,2.0,-0.3172046416170815,138.31055467344947,131.94771711610133,52.10191970925505,-33.641146874768104,12.22825580576071,135.90526479085287,135.6281529744466,18.639999389648438,35.67761242316216
324,2021-10-13,TRV,156.35000610351562,156.74000549316406,153.55999755859375,149.64016723632812,1203700.0,2.0,0.04413664052535182,151.85264255076225,144.60309170216743,51.83678203309281,-15.787860481345204,6.968241884329853,149.1388737996419,148.14151204427083,18.639999389648438,35.67761242316216
324,2021-10-13,UNH,403.3399963378906,405.30999755859375,398.1099853515625,392.5960693359375,3021800.0,2.0,-2.697987055815304,409.9058291462903,375.4760739298816,48.28787514576111,-48.627860647133225,18.590552125102384,396.5278279622396,400.13899485270184,18.639999389648438,35.67761242316216
324,2021-10-13,V,223.1300048828125,225.86000061035156,218.6300048828125,219.1309356689453,9076000.0,2.0,-0.8730922100079397,229.21095495974063,215.2329995080328,45.16451417303616,-97.44941533871113,29.647920826636252,222.30931447347004,228.30222930908204,18.639999389648438,35.67761242316216
324,2021-10-13,VZ,51.209999084472656,51.40999984741211,50.86000061035156,45.35380935668945,27246900.0,2.0,-0.47109879065136084,48.51852134530717,45.735090410063926,31.924647985227153,-374.77722356588635,70.42350011614889,47.352273305257164,47.902737045288085,18.639999389648438,35.67761242316216
324,2021-10-13,WBA,47.58000183105469,47.68000030517578,46.810001373291016,42.72336959838867,5978400.0,2.0,-0.40779165687921903,44.94818585316991,41.67647616465235,45.92307305809911,-85.78085540691073,1.5400624498598658,44.03177019755046,43.542321586608885,18.639999389648438,35.67761242316216
324,2021-10-13,WMT,139.5,140.00999450683594,138.1300048828125,134.1402130126953,5979300.0,2.0,-1.7196191564096353,141.43045818471057,130.97196491099254,41.624759050628526,-84.7556904212361,29.69023813700143,138.19113006591797,139.8818822224935,18.639999389648438,35.67761242316216
325,2021-10-14,AAPL,142.11000061035156,143.8800048828125,141.50999450683594,142.11582946777344,69907100.0,3.0,-1.4854375531844255,145.6805448396854,137.41625234049036,49.229165226086806,-50.93854336858568,25.318355400283043,144.3961191813151,145.31226755777996,16.860000610351562,42.93236144812398
325,2021-10-14,AMGN,204.49000549316406,207.5,204.49000549316406,193.6315155029297,3015100.0,3.0,-3.8684672359835304,206.03624699988637,190.00380884728162,38.19594650593793,-139.14671823396964,41.06324055636444,200.43768870035808,208.27514724731446,16.860000610351562,42.93236144812398
325,2021-10-14,AXP,171.0,172.3800048828125,169.80999755859375,166.84634399414062,3061900.0,3.0,1.9694330246259142,175.29789987124917,157.42083029232504,53.24978772814479,39.44205350736152,7.273756389914214,162.7580535888672,162.6171775817871,16.860000610351562,42.93236144812398
325,2021-10-14,BA,221.07000732421875,222.17999267578125,217.0399932861328,217.44000244140625,10427300.0,3.0,1.028274337684536,231.94431514329528,210.05768528395083,46.974012889027044,-2.6821915189897,10.660828543963746,218.75033416748047,221.9285006205241,16.860000610351562,42.93236144812398
325,2021-10-14,CAT,193.5500030517578,194.8000030517578,192.61000061035156,185.99240112304688,5212900.0,3.0,-3.1693733637539765,192.61974449576627,179.15445136605013,44.06971956613223,-53.427371498687535,27.21663930769761,189.81884307861327,195.86242192586263,16.860000610351562,42.93236144812398
325,2021-10-14,CRM,286.0,290.6400146484375,284.6600036621094,290.0199890136719,5433900.0,3.0,5.630109678439908,290.81923791166923,255.22675818208074,64.77268253107655,164.28845551697586,34.798417978886384,268.74866383870443,260.2133321126302,16.860000610351562,42.93236144812398
325,2021-10-14,CSCO,55.09000015258789,55.849998474121094,54.97999954223633,52.351661682128906,14455900.0,3.0,-0.4520816947929376,53.22611751259597,50.44726200400559,50.68935232276127,-37.97686357738346,6.177730730523156,52.743438466389975,52.84409599304199,16.860000610351562,42.93236144812398
325,2021-10-14,CVX,108.87999725341797,109.16000366210938,108.11000061035156,100.94873809814453,7648600.0,3.0,2.4002233617951987,103.63557856532054,87.50460164097828,61.04636784448576,124.81563743719518,37.51327410884904,93.72463506062826,92.68471883138021,16.860000610351562,42.93236144812398
325,2021-10-14,DIS,174.07000732421875,176.02000427246094,174.0,174.41000366210938,7450200.0,3.0,-1.3493230029725112,181.21612104285285,168.96488023888546,47.46146583415587,-54.924439859268766,13.50688748747642,177.97733306884766,177.7240005493164,16.860000610351562,42.93236144812398
325,2021-10-14,GS,392.0,393.6600036621094,382.20001220703125,370.5138244628906,3380900.0,3.0,-2.1029193480544563,378.1528836285602,353.6459780657758,50.95455496554982,-31.852574794959402,0.3308472512425791,372.13433227539065,372.8766387939453,16.860000610351562,42.93236144812398
325,2021-10-14,HD,340.5299987792969,344.3699951171875,340.1000061035156,327.3591613769531,2824300.0,3.0,2.1492461487428614,327.0230663805597,310.0851825208075,58.66148998660214,174.40969002422946,25.26521944706977,317.6882741292318,314.15416615804037,16.860000610351562,42.93236144812398
325,2021-10-14,HON,217.16000366210938,218.77999877929688,216.52999877929688,209.8594512939453,1425500.0,3.0,-1.7427221911823665,211.4699640369249,203.98623408319227,47.33308669327897,-21.425073843022954,22.15796315515095,210.07672424316405,215.63915430704753,16.860000610351562,42.93236144812398
325,2021-10-14,IBM,134.8374786376953,137.5908203125,134.8087921142578,124.18109130859375,4410668.0,3.0,0.9388109958025979,126.87970210535798,114.78975590245452,55.26774799970311,103.15999898901926,12.592140125451445,120.36764678955078,121.06115862528483,16.860000610351562,42.93236144812398
325,2021-10-14,INTC,52.900001525878906,54.0,52.72999954223633,50.47551727294922,26586700.0,3.0,-0.17508144214424703,51.42543457461504,48.992747416962104,49.551431787051065,-39.24624762998368,4.483909644400395,50.365325164794925,50.22396125793457,16.860000610351562,42.93236144812398
325,2021-10-14,JNJ,159.7100067138672,161.13999938964844,159.60000610351562,151.6356201171875,4579200.0,3.0,-2.327349206524275,157.50045492954234,149.01354043178577,40.33034122853387,-82.2257767604868,39.438723001476966,155.53786010742186,159.94720713297525,16.860000610351562,42.93236144812398
325,2021-10-14,JPM,161.75,164.00999450683594,160.05999755859375,153.8813018798828,15176800.0,3.0,1.83234129288536,164.0053712209597,143.1892775217161,53.60661740781382,7.547904288375354,8.686602444712422,151.9091374715169,149.05397237141926,16.860000610351562,42.93236144812398
325,2021-10-14,KO,54.38999938964844,54.810001373291016,54.310001373291016,51.42915725708008,13704000.0,3.0,-0.2080063747270131,51.77923413296748,49.40275439242314,49.95203974778391,5.419235146440469,9.255056797169946,51.21585489908854,52.084214274088545,16.860000610351562,42.93236144812398
325,2021-10-14,MCD,242.8800048828125,245.4199981689453,242.0399932861328,234.0017547607422,2512000.0,3.0,1.3119962512248549,238.66184328989,228.8947668175319,54.458502976173136,28.851022139032455,11.066336632351723,232.33199971516927,229.81525548299155,16.860000610351562,42.93236144812398
325,2021-10-14,MMM,178.0,180.39999389648438,177.9499969482422,164.35311889648438,2279200.0,3.0,-2.448761833639594,166.83560636889928,158.92112733471401,43.42905232672362,-36.733955351214384,12.30761213409418,165.32501017252605,172.33525670369465,16.860000610351562,42.93236144812398
325,2021-10-14,MRK,78.97000122070312,79.66999816894531,77.9800033569336,73.66053009033203,14607900.0,3.0,1.3363076590304104,79.930892048733,64.63387311850332,54.490034957961775,51.653078480288414,13.221609819026567,71.33389053344726,71.48145192464193,16.860000610351562,42.93236144812398
325,2021-10-14,MSFT,299.2099914550781,303.2699890136719,297.8299865722656,297.36273193359375,27262900.0,3.0,0.27018131675060886,299.770460560077,275.8040084340636,57.79546211884162,84.2645248067383,20.744229227001394,290.1592610677083,288.73214569091795,16.860000610351562,42.93236144812398
325,2021-10-14,NKE,158.17999267578125,158.4600067138672,156.25,153.7261505126953,6024500.0,3.0,-1.4762792570235206,156.9852003264897,139.5054979156978,51.190006674194585,31.613682984963482,15.230569972870548,151.3645757039388,158.10481236775715,16.860000610351562,42.93236144812398
325,2021-10-14,PG,142.8300018310547,144.30999755859375,142.80999755859375,137.0958709716797,6777800.0,3.0,-0.11984459575987216,138.3001435719906,131.9524168528141,55.22117562415379,37.10336312152869,1.5398673524670337,135.91192728678385,135.7188845316569,16.860000610351562,42.93236144812398
325,2021-10-14,TRV,156.63999938964844,157.8300018310547,156.07000732421875,149.92721557617188,1346400.0,3.0,0.1257649172717663,151.8554761631922,144.6021715418859,52.2241945354687,34.91499416933804,0.29378462344989986,149.084428914388,148.23228022257487,16.860000610351562,42.93236144812398
325,2021-10-14,UNH,425.6600036621094,433.5,417.79998779296875,408.9498291015625,6038800.0,3.0,-1.0856908039203859,410.6723656152871,375.051981308541,55.38258200953744,127.98355872364607,23.076766352974687,396.6727783203125,400.25525716145836,16.860000610351562,42.93236144812398
325,2021-10-14,V,224.1199951171875,225.64999389648438,223.05999755859375,221.81019592285156,5590500.0,3.0,-0.860627625233235,229.23131350285,215.29636594050936,47.258636754403334,-30.527943540889108,29.64792082663625,222.14711151123046,228.004283396403,16.860000610351562,42.93236144812398
325,2021-10-14,VZ,51.27000045776367,51.9900016784668,51.15999984741211,45.85725021362305,27764900.0,3.0,-0.5024948206646442,48.5329765843153,45.55536722671986,36.79040649003221,-243.26805752444034,49.604729598409875,47.282345581054685,47.85307992299398,16.860000610351562,42.93236144812398
325,2021-10-14,WBA,47.40999984741211,51.779998779296875,45.22999954223633,45.89643859863281,29374000.0,3.0,-0.1453937125552045,45.18504894673464,41.51464625895383,56.15374854234343,26.94106441636902,37.645914536794066,44.046234385172525,43.61095218658447,16.860000610351562,42.93236144812398
325,2021-10-14,WMT,138.5,140.07000732421875,138.5,135.5943145751953,6594500.0,3.0,-1.5546426902435542,140.7564971403661,131.1456955476222,45.003259145134166,-65.75772961202753,29.044791475158604,137.9355219523112,139.86923955281574,16.860000610351562,42.93236144812398
326,2021-10-15,AAPL,143.77000427246094,144.89999389648438,143.50999450683594,143.1834716796875,67940300.0,4.0,-1.211112295647439,145.4784324343241,137.49775927710166,50.496440168930974,-24.815216708589055,18.567434114588842,144.1058110555013,145.2835927327474,16.299999237060547,40.22183925171632
326,2021-10-15,AMGN,208.49000549316406,209.02000427246094,206.22999572753906,194.62411499023438,3684600.0,4.0,-3.6343476288101613,204.82122530587597,190.13820615164357,39.330441856541356,-107.31222998488805,31.80630354809396,199.8720947265625,207.72852198282877,16.299999237060547,40.22183925171632
326,2021-10-15,AXP,173.77000427246094,177.77000427246094,173.14999389648438,171.0294189453125,3043900.0,4.0,2.1267610806870323,175.43025274546505,158.48469018666384,56.12721867051702,82.68267838904583,9.812679172802543,163.21727956136067,162.703657023112,16.299999237060547,40.22183925171632
326,2021-10-15,BA,218.1699981689453,219.61000061035156,216.27999877929688,217.0399932861328,8773400.0,4.0,0.5256955416834899,231.7028469002245,210.66715279459973,46.766740534180904,-17.671354679578087,12.348604536631766,218.6240005493164,221.8646672566732,16.299999237060547,40.22183925171632
326,2021-10-15,CAT,195.9600067138672,199.4499969482422,195.3000030517578,190.48114013671875,4736300.0,4.0,-2.5188485117956816,192.4755413391473,179.22878605343084,47.4180652717213,-3.0313593250698383,11.315806346975625,189.41175893147786,195.7006726582845,16.299999237060547,40.22183925171632
326,2021-10-15,CRM,292.489990234375,292.8699951171875,289.32000732421875,291.6600036621094,5119300.0,4.0,6.3637518049038135,293.2012926287635,255.95770395326775,65.38192949427234,169.17753354557598,37.67828861703675,269.66566416422523,260.9363321940104,16.299999237060547,40.22183925171632
326,2021-10-15,CSCO,55.88999938964844,55.88999938964844,54.959999084472656,51.97536849975586,15202200.0,4.0,-0.3997739942327172,53.033613016770865,50.525136754347294,49.24059459232965,-40.20108694755351,5.533280192954022,52.62175369262695,52.860965983072916,16.299999237060547,40.22183925171632
326,2021-10-15,CVX,109.7699966430664,110.02999877929688,109.43000030517578,101.69092559814453,9968100.0,4.0,2.507655567998171,104.18859858459321,88.14374241882477,61.95040229207083,129.27760480859152,40.572779533964656,94.09264348347982,92.87188631693522,16.299999237060547,40.22183925171632
326,2021-10-15,DIS,175.69000244140625,178.88999938964844,174.10000610351562,176.4600067138672,13943900.0,4.0,-1.1142812649003702,179.49589113571892,169.98411069533574,49.28953757734318,-25.449686992117798,2.9106658581904084,177.79733327229818,177.74616724650065,16.299999237060547,40.22183925171632
326,2021-10-15,GS,402.30999755859375,407.2699890136719,396.3399963378906,384.5975036621094,6451400.0,4.0,-0.5698794019342586,381.3141316205765,351.8684794634079,55.90556969709956,74.0682011276306,18.966384828735052,371.8681915283203,373.4316874186198,16.299999237060547,40.22183925171632
326,2021-10-15,HD,346.5400085449219,350.95001220703125,345.75,333.4106140136719,3473500.0,4.0,3.067220672005476,330.0244562142427,308.4862798697417,61.59210792150905,265.87373742311115,36.13036976968965,318.4072794596354,314.55700022379557,16.299999237060547,40.22183925171632
326,2021-10-15,HON,220.3000030517578,221.4499969482422,219.25999450683594,211.90435791015625,2180600.0,4.0,-1.2985848115301621,211.9281845425918,203.7421035433457,49.4443436070545,38.66693591063028,7.061681548443488,209.748703511556,215.46161117553712,16.299999237060547,40.22183925171632
326,2021-10-15,IBM,137.08413696289062,138.47991943359375,136.51051330566406,125.23765563964844,3371049.0,4.0,1.0937096667305042,127.32482644835294,115.15697363099277,56.820643030760955,126.96387486000305,17.72082077105094,120.5004389444987,121.14056739807128,16.299999237060547,40.22183925171632
326,2021-10-15,INTC,54.20000076293945,54.4900016784668,53.810001373291016,50.999935150146484,25231100.0,4.0,-0.08588963780800896,51.45704458323871,48.97986642750348,51.41114091503737,56.31078623432861,2.385354469873823,50.388112767537436,50.20618864695231,16.299999237060547,40.22183925171632
326,2021-10-15,JNJ,161.02999877929688,161.80999755859375,160.41000366210938,152.7626190185547,6918400.0,4.0,-2.1048210754298395,157.13431343150543,149.05294242786957,42.62302241048673,-60.483191529084095,33.25377631221343,155.10757446289062,159.82604700724283,16.299999237060547,40.22183925171632
326,2021-10-15,JPM,165.35000610351562,167.1699981689453,164.13999938964844,156.8371124267578,14267400.0,4.0,1.826547345000364,164.15703268072724,143.96714334466338,56.30831360087717,58.08858195698011,3.684891300439603,152.13227030436198,149.31416015625,16.299999237060547,40.22183925171632
326,2021-10-15,KO,54.63999938964844,54.880001068115234,54.290000915527344,51.30672836303711,17867000.0,4.0,-0.15636150223291168,51.78575420278634,49.400001717623816,49.22564299789264,9.201517929550151,7.438380925237416,51.15731671651204,52.05961882273356,16.299999237060547,40.22183925171632
326,2021-10-15,MCD,245.24000549316406,246.3800048828125,241.99000549316406,231.80093383789062,2564700.0,4.0,1.024266541973759,238.66870944180425,228.86493313632076,51.92709595121267,14.786543785720353,6.491491697563021,232.4079116821289,229.893101755778,16.299999237060547,40.22183925171632
326,2021-10-15,MMM,180.69000244140625,183.0,180.67999267578125,165.8296661376953,2160800.0,4.0,-1.9950993965788086,166.91537329666042,158.88237755783175,45.43413447641647,13.74977925007878,2.134525437173125,164.9315668741862,172.09794642130535,16.299999237060547,40.22183925171632
326,2021-10-15,MRK,78.19999694824219,79.05999755859375,77.9800033569336,73.66053009033203,12866800.0,4.0,1.199930779253961,79.90831787993058,65.28180510590927,54.490034957961775,45.15175431086844,13.22160981902657,71.39329198201497,71.5203177134196,16.299999237060547,40.22183925171632
326,2021-10-15,MSFT,302.3399963378906,304.45001220703125,300.5199890136719,298.7967529296875,25384800.0,4.0,1.0164575387311174,300.6234193281243,275.3773253007819,58.558987469810866,108.07234185339489,23.443024585269587,290.2594451904297,289.0369028727213,16.299999237060547,40.22183925171632
326,2021-10-15,NKE,157.8000030517578,158.3300018310547,156.55999755859375,154.5772247314453,5532100.0,4.0,-0.9505857745758135,157.26723587536614,139.37901046252446,52.023110065411544,40.30602505106646,15.230569972870553,151.180007425944,158.01676177978516,16.299999237060547,40.22183925171632
326,2021-10-15,PG,144.52000427246094,144.8699951171875,143.67999267578125,137.44802856445312,6923700.0,4.0,0.06424031475702918,138.31546005803722,131.94471755426747,55.903911917495265,62.51692335825701,5.993826020217641,135.92683919270834,135.82389195760092,16.299999237060547,40.22183925171632
326,2021-10-15,TRV,157.16000366210938,158.4600067138672,155.55999755859375,148.9225311279297,1040300.0,4.0,0.10813970896802516,151.78735543543402,144.60809744542533,50.746243877243955,28.013716372888453,4.307649665213004,148.9746103922526,148.37100830078126,16.299999237060547,40.22183925171632
326,2021-10-15,UNH,422.04998779296875,430.489990234375,421.5,416.4505615234375,3312000.0,4.0,0.7882258351088467,412.75442912146457,373.7394490523635,58.10946967378189,146.16799810255998,23.07676635297469,396.8622273763021,400.47827301025393,16.299999237060547,40.22183925171632
326,2021-10-15,V,227.22000122070312,231.08999633789062,226.72999572753906,227.5332794189453,6355100.0,4.0,-0.38451192949358415,229.82015902763405,215.61769039863546,51.36299852742891,103.1103036625365,11.697319091210892,222.37071431477864,227.79385325113932,16.299999237060547,40.22183925171632
326,2021-10-15,VZ,52.08000183105469,52.810001373291016,52.02000045776367,46.1663818359375,27005500.0,4.0,-0.4967063407392587,48.51314010284241,45.453942111513065,39.53563428845476,-143.42669284906052,26.28944711874596,47.21253852844238,47.80857499440511,16.299999237060547,40.22183925171632
326,2021-10-15,WBA,51.209999084472656,51.65999984741211,48.79999923706055,44.224021911621094,11856600.0,4.0,-0.07156652650678552,45.063635760466035,41.57277819522245,50.902970449991734,68.77185675897645,37.64591453679405,43.9600523630778,43.654394721984865,16.299999237060547,40.22183925171632
326,2021-10-15,WMT,140.6199951171875,141.10000610351562,139.9600067138672,136.25357055664062,6912400.0,4.0,-1.3550806776021886,140.10119144906056,131.39578120718946,46.45665312927556,-38.274060706270156,18.2478051838807,137.6766845703125,139.865975189209,16.299999237060547,40.22183925171632
327,2021-10-18,AAPL,143.4499969482422,146.83999633789062,143.16000366210938,144.8739471435547,85589200.0,0.0,-0.8475305064920349,145.9321101329752,137.40095413704432,52.440889622833375,-0.4938218635933938,6.863102585315896,143.85043233235677,145.25413767496744,16.309999465942383,25.09652128108226
327,2021-10-18,AMGN,206.36000061035156,207.0,202.4499969482422,190.213623046875,2812500.0,0.0,-3.7613376342977176,204.69053209571402,189.14707776756725,36.270094705264285,-155.7955583398071,41.93549394984083,199.14668731689454,207.06223678588867,16.309999465942383,25.09652128108226
327,2021-10-18,AXP,175.5800018310547,177.61000061035156,174.3300018310547,172.01194763183594,2623300.0,0.0,2.304165565919874,174.71524023704066,160.81924920387732,56.7736798316769,85.81848476178703,9.812679172802543,163.79820912679037,162.76963653564454,16.309999465942383,25.09652128108226
327,2021-10-18,BA,216.0,217.27999877929688,214.0500030517578,216.97999572753906,6553500.0,0.0,0.121160263314124,230.77928137266426,212.33871789491386,46.73474344396931,-36.0909522488743,17.251901333526664,218.58433380126954,221.78900044759115,16.309999465942383,25.09652128108226
327,2021-10-18,CAT,197.3800048828125,198.67999267578125,195.5500030517578,189.67718505859375,2809400.0,0.0,-2.044606386017307,192.85608491291686,179.55266295085266,46.89786917470483,-3.250980871577022,11.315806346975618,189.02285868326823,195.51962229410807,16.309999465942383,25.09652128108226
327,2021-10-18,CRM,290.7799987792969,293.25,288.7099914550781,291.70001220703125,5163300.0,0.0,6.869212821472956,294.7017000721183,257.8052976085458,65.3970322234459,154.46278923539228,35.922748476746406,270.48633168538413,261.6604990641276,16.309999465942383,25.09652128108226
327,2021-10-18,CSCO,55.040000915527344,55.4900016784668,54.56999969482422,51.91891098022461,10989600.0,0.0,-0.3587400823121456,53.002835433891,50.52534297187072,49.02312491209746,-51.1047939025099,11.153510537144424,52.50161336263021,52.866149266560875,16.309999465942383,25.09652128108226
327,2021-10-18,CVX,110.22000122070312,110.41000366210938,108.95999908447266,101.64454650878906,10677400.0,0.0,2.5595490720775587,104.2291672787228,89.47439183382602,61.85759931256525,118.89861555789398,36.70732031985154,94.46590906778971,93.0576707204183,16.309999465942383,25.09652128108226
327,2021-10-18,DIS,172.36000061035156,173.33999633789062,169.8000030517578,171.13999938964844,20494800.0,0.0,-1.3418214416772116,179.01478074964453,169.71822095933985,45.078707477692504,-102.88513578857408,15.53875399544668,177.46866658528646,177.6628339131673,16.309999465942383,25.09652128108226
327,2021-10-18,GS,408.010009765625,415.94000244140625,407.6000061035156,391.8146057128906,3832300.0,0.0,1.213437863628826,386.2671357549079,350.28344407907645,58.14536865876451,141.975993303946,28.118549007441622,371.9433308919271,374.0859720865885,16.309999465942383,25.09652128108226
327,2021-10-18,HD,349.0,355.95001220703125,349.0,337.7874755859375,3487500.0,0.0,4.100628749591351,333.7785396846614,306.9967349735417,63.526769661085154,297.38359732317207,42.876218574577706,319.18971862792966,314.9352737426758,16.309999465942383,25.09652128108226
327,2021-10-18,HON,218.5800018310547,221.47000122070312,217.83999633789062,211.81796264648438,1883300.0,0.0,-0.9427071725909002,212.51445500154998,203.6262646029422,49.35786686648128,38.455732192150265,13.162604126401433,209.50132802327474,215.3371348063151,16.309999465942383,25.09652128108226
327,2021-10-18,IBM,137.66729736328125,138.5659637451172,135.52581787109375,123.25445556640625,6437189.0,0.0,1.0444011020224337,127.26736328868976,115.90813338489421,53.23232742547876,92.59272659811391,10.074420685834747,120.57953796386718,121.17793273925781,16.309999465942383,25.09652128108226
327,2021-10-18,INTC,54.189998626708984,54.560001373291016,53.720001220703125,51.009300231933594,22407600.0,0.0,-0.014284147683405024,51.54056043302982,49.035884192824675,51.444207897430466,52.30235254435864,1.0805727371040352,50.41807963053385,50.234472846984865,16.309999465942383,25.09652128108226
327,2021-10-18,JNJ,160.25,160.88999938964844,159.1999969482422,151.64508056640625,7465500.0,0.0,-1.9956374751662338,156.88864120049496,148.94914413886053,41.00677455365075,-80.36486886631364,38.51849213846807,154.63656463623047,159.6578598022461,16.309999465942383,25.09652128108226
327,2021-10-18,JPM,166.47999572753906,168.61000061035156,165.91000366210938,156.78065490722656,12672900.0,0.0,1.796688839030935,163.48095246201774,146.0087554847596,56.2435960597199,69.81316122705645,8.744804483490135,152.38377583821614,149.57792943318685,16.309999465942383,25.09652128108226
327,2021-10-18,KO,54.349998474121094,54.38999938964844,53.86000061035156,50.79817581176758,15861800.0,0.0,-0.15468539251991587,51.774813588569074,49.39964090972194,46.33054516784313,-23.199083305267884,16.550056746160624,51.083073170979816,52.018135197957356,16.309999465942383,25.09652128108226
327,2021-10-18,MCD,242.4199981689453,243.4499969482422,241.1300048828125,231.8105010986328,2484900.0,0.0,0.7879279296912216,238.33392659967865,229.503042394462,51.93714285000635,-23.371063062382696,10.039887883468976,232.51763203938802,229.90306447347004,16.309999465942383,25.09652128108226
327,2021-10-18,MMM,180.7899932861328,181.9199981689453,179.33999633789062,165.62913513183594,1753300.0,0.0,-1.6329264632056777,167.0906288344433,158.81558607034185,45.20901080453359,5.405357681722479,4.622581436321776,164.5466293334961,171.83588663736978,16.309999465942383,25.09652128108226
327,2021-10-18,MRK,78.73999786376953,78.73999786376953,77.11000061035156,72.55086517333984,13075500.0,0.0,0.9908880934097368,79.77344991920536,65.90755594016964,51.7089931699126,28.85895646342152,5.759580057456563,71.41135533650716,71.52499961853027,16.309999465942383,25.09652128108226
327,2021-10-18,MSFT,303.57000732421875,308.2099914550781,302.69000244140625,301.8219909667969,22729300.0,0.0,1.8308928547675691,302.69563733858735,274.5809923000846,60.13298947675985,144.05931946602638,31.399569229239304,290.46079813639324,289.3344050089518,16.309999465942383,25.09652128108226
327,2021-10-18,NKE,157.30999755859375,159.47000122070312,155.9499969482422,155.96636962890625,5765300.0,0.0,-0.41706979765183405,158.0964133230732,139.05657739958303,53.36706971620518,52.74438957390302,19.210095398466397,151.05413614908855,157.90823923746746,16.309999465942383,25.09652128108226
327,2021-10-18,PG,143.5500030517578,143.6999969482422,142.10000610351562,135.4684295654297,9119000.0,0.0,0.04981757162445888,138.26800542279514,131.93982843950957,51.350967399377126,-4.521942839459023,6.73105650494963,135.87259114583333,135.86434020996094,16.309999465942383,25.09652128108226
327,2021-10-18,TRV,154.4199981689453,154.6999969482422,152.16000366210938,146.28164672851562,1599300.0,0.0,-0.11757041725132922,151.77277370487212,144.64372867549895,47.120159507396636,-90.57231059713743,15.351242486433847,148.80213572184246,148.46397705078124,16.309999465942383,25.09652128108226
327,2021-10-18,UNH,428.0,428.0,423.8399963378906,413.09417724609375,2232800.0,0.0,1.9796657571230867,414.9862482140758,372.6672735144399,56.51070407990999,133.81853243575353,23.07676635297468,396.96726582845054,400.6141642252604,16.309999465942383,25.09652128108226
327,2021-10-18,V,230.17999267578125,232.75999450683594,228.13999938964844,227.19834899902344,5580200.0,0.0,-0.033823005594541655,230.02488028640204,216.45710366135188,51.12214604419434,116.8295046559895,6.84287378599112,222.55261688232423,227.4978335062663,16.309999465942383,25.09652128108226
327,2021-10-18,VZ,52.15999984741211,52.31999969482422,51.63999938964844,45.84841537475586,20853500.0,0.0,-0.5118755816812737,48.50687227168654,45.308898449749,37.78930771146041,-155.6888742975382,31.572227805874093,47.12805938720703,47.75978895823161,16.309999465942383,25.09652128108226
327,2021-10-18,WBA,48.709999084472656,48.709999084472656,47.59000015258789,43.75394058227539,6456800.0,0.0,-0.05040850642797068,45.063635760466035,41.57277819522245,49.555592754213514,-24.01024344935631,21.795092791052827,43.87296625773112,43.68940569559733,16.309999465942383,25.09652128108226
327,2021-10-18,WMT,140.0,142.00999450683594,139.8300018310547,137.34902954101562,6629000.0,0.0,-1.095899117062885,139.9421180616445,131.452095805543,48.78326322603747,-19.27534589115963,9.588373418280211,137.43206532796225,139.8622947692871,16.309999465942383,25.09652128108226
328,2021-10-19,AAPL,147.00999450683594,149.1699981689453,146.5500030517578,147.05862426757812,76378900.0,1.0,-0.3787382742517025,146.83107618993594,137.0288908510797,54.81372918582695,61.56737552549519,5.156901344132164,143.58912150065103,145.2540199279785,15.699999809265137,45.60682475442703
328,2021-10-19,AMGN,204.49000549316406,206.89999389648438,203.0800018310547,193.6315155029297,2480500.0,1.0,-3.5453145921392206,204.08352165979645,188.9506458206723,40.01206550273034,-120.55287762617509,41.93549394984083,198.692214457194,206.49380289713542,15.699999809265137,45.60682475442703
328,2021-10-19,AXP,177.72999572753906,178.0,176.25999450683594,172.4886474609375,1400100.0,1.0,2.454926723726686,174.17600618731487,162.76369413006793,57.09101523274403,92.32257114972103,10.984939531233975,164.38144276936848,162.85277989705403,15.699999809265137,45.60682475442703
328,2021-10-19,BA,217.47000122070312,217.66000366210938,215.27999877929688,215.97000122070312,5963400.0,1.0,-0.27773343696003394,229.35872782209708,214.5052721168678,46.18447064703969,-34.766797099749006,16.069145829832948,218.64200032552083,221.62433369954428,15.699999809265137,45.60682475442703
328,2021-10-19,CAT,198.60000610351562,201.47999572753906,198.4600067138672,192.51019287109375,2626900.0,1.0,-1.4237538820767668,193.60839051676243,179.8818774275735,48.939818046352194,42.55534556578249,2.5005365409083926,188.79666493733723,195.36186091105142,15.699999809265137,45.60682475442703
328,2021-10-19,CRM,292.1000061035156,295.5299987792969,291.3599853515625,292.3399963378906,3631200.0,1.0,7.238000524990582,295.63564487640576,260.308352315977,65.64504931556769,154.70049358124012,39.028926373352725,271.39066518147786,262.4061655680338,15.699999809265137,45.60682475442703
328,2021-10-19,CSCO,55.290000915527344,55.779998779296875,55.029998779296875,52.43632888793945,13258400.0,1.0,-0.28122729734513285,53.07667660486071,50.531539871579724,51.07182036915251,-24.21707979548656,6.134420818634437,52.41553967793782,52.87621854146322,15.699999809265137,45.60682475442703
328,2021-10-19,CVX,110.16000366210938,111.69999694824219,109.80000305175781,103.62992858886719,10362800.0,1.0,2.729415783119464,104.34311425596972,90.92370627015332,64.23048070101774,130.29531231467573,41.43240316419394,94.91865208943685,93.24465802510579,15.699999809265137,45.60682475442703
328,2021-10-19,DIS,171.44000244140625,171.5800018310547,170.17999267578125,171.17999267578125,9669500.0,1.0,-1.501611899897199,179.0138354592182,169.72016570044977,45.115171401818756,-105.34207464003879,15.538753995446678,177.02999979654948,177.53683369954427,15.699999809265137,45.60682475442703
328,2021-10-19,GS,415.17999267578125,415.8500061035156,409.69000244140625,390.365478515625,2568300.0,1.0,2.4811955133492916,389.54222860466945,350.44829568732274,57.53828418230504,142.52279240494505,28.11854900744161,372.001421101888,374.6870417277018,15.699999809265137,45.60682475442703
328,2021-10-19,HD,356.94000244140625,358.0899963378906,354.4200134277344,340.6229553222656,2375600.0,1.0,5.089740256585458,337.610142184078,305.426820706547,64.71781166471001,301.7132487485963,45.509326275587355,320.1107574462891,315.38699696858725,15.699999809265137,45.60682475442703
328,2021-10-19,HON,221.36000061035156,221.83999633789062,219.4600067138672,212.92202758789062,1599600.0,1.0,-0.5650690023400955,213.2584895865869,203.5427509529639,50.50231348156871,70.19999931134643,11.130684170451884,209.4645263671875,215.23217493693033,15.699999809265137,45.60682475442703
328,2021-10-19,IBM,134.87571716308594,136.65391540527344,134.34034729003906,122.96000671386719,4539117.0,1.0,0.970378231441515,126.80566341183183,117.15013492801191,52.72095844562885,57.92216288209465,1.5830547431625999,120.69270095825195,121.18998527526855,15.699999809265137,45.60682475442703
328,2021-10-19,INTC,54.630001068115234,55.220001220703125,54.369998931884766,51.7022819519043,18392900.0,1.0,0.0972603951490143,51.743737088353825,49.05184015163641,53.84844693109549,131.3809870778942,10.065049973063145,50.466775512695314,50.25399252573649,15.699999809265137,45.60682475442703
328,2021-10-19,JNJ,160.89999389648438,165.14999389648438,160.72999572753906,155.19659423828125,10081300.0,1.0,-1.6040408290532753,156.77004024312473,149.0052359409573,47.54587005125699,2.0183059760952435,6.811716247253326,154.36980590820312,159.54760920206706,15.699999809265137,45.60682475442703
328,2021-10-19,JPM,167.39999389648438,168.64999389648438,166.5800018310547,158.68214416503906,8053900.0,1.0,1.9045060889484375,162.50095686540078,148.5425627268844,57.92834213595984,77.628388585267,8.886911973980729,152.7073969523112,149.85763931274414,15.699999809265137,45.60682475442703
328,2021-10-19,KO,54.040000915527344,54.20000076293945,53.77000045776367,50.995948791503906,11068500.0,1.0,-0.1358326427370855,51.78550514503019,49.398366696400466,47.57104699262533,-22.08928224292607,18.3483902938492,51.048448181152345,51.97916882832845,15.699999809265137,45.60682475442703
328,2021-10-19,MCD,243.22000122070312,243.92999267578125,241.52999877929688,232.2985076904297,2071600.0,1.0,0.6327124153717136,238.14675595432993,229.90742037623647,52.46139406541663,-17.263412047292665,7.603701595616803,232.72750447591145,229.9049830118815,15.699999809265137,45.60682475442703
328,2021-10-19,MMM,182.44000244140625,182.85000610351562,181.63999938964844,166.16688537597656,1394100.0,1.0,-1.2876664365208512,167.50508234497016,158.75568730835016,45.951929757054124,44.74859091779401,0.27239215148128654,164.44728088378906,171.56500015258788,15.699999809265137,45.60682475442703
328,2021-10-19,MRK,78.7300033569336,79.5199966430664,78.11000061035156,74.75137329101562,15577100.0,1.0,0.9913551484357299,79.72867538148405,66.65950287168978,56.285845374168055,51.87246606134494,11.35846950957246,71.54253540039062,71.57101694742839,15.699999809265137,45.60682475442703
328,2021-10-19,MSFT,308.3500061035156,309.29998779296875,307.2200012207031,302.7452697753906,17682100.0,1.0,2.5217701970228177,304.70877617715615,273.886957465422,60.60538777651718,161.24915054524266,33.540010383857286,290.7243581136068,289.6574249267578,15.699999809265137,45.60682475442703
328,2021-10-19,NKE,159.67999267578125,159.92999267578125,156.8000030517578,154.39137268066406,6198200.0,1.0,-0.11996079966343132,158.49490366497918,138.93200368365365,51.66943867607723,55.28185957456934,20.81353214972116,150.89696044921874,157.79413986206055,15.699999809265137,45.60682475442703
328,2021-10-19,PG,139.0800018310547,140.82000732421875,138.8000030517578,133.86953735351562,9555300.0,1.0,-0.08959697704094083,138.15300681507412,131.8216559656876,48.07926919822849,-110.01464998357744,26.446308337647178,135.782177734375,135.87036794026693,15.699999809265137,45.60682475442703
328,2021-10-19,TRV,156.2100067138672,158.27000427246094,154.88999938964844,148.68333435058594,2380200.0,1.0,-0.10148138483921798,151.7857879582799,144.86226959787246,50.45103914025895,23.118284207039114,4.7897647054983405,148.7531717936198,148.5819076538086,15.699999809265137,45.60682475442703
328,2021-10-19,UNH,426.8299865722656,427.82000732421875,423.3999938964844,412.8606872558594,1616800.0,1.0,2.8719438078321105,417.0236701042261,371.8011712043676,56.3990359077331,127.2655083308007,22.257786814710393,397.1168701171875,400.8133799235026,15.699999809265137,45.60682475442703
328,2021-10-19,V,231.9499969482422,233.63999938964844,230.67999267578125,230.02545166015625,4409700.0,1.0,0.46684258017847924,230.63348050924992,217.16352876809384,53.04477265355252,153.91802556818817,4.2897534411880525,222.79066721598306,227.22876663208007,15.699999809265137,45.60682475442703
328,2021-10-19,VZ,52.0,52.41999816894531,51.91999816894531,46.237037658691406,16094800.0,1.0,-0.4869257668155669,48.483134859506634,45.2402614417629,41.07986982884199,-116.51556138600378,28.972063378236797,47.07428258260091,47.71893469492594,15.699999809265137,45.60682475442703
328,2021-10-19,WBA,48.59000015258789,48.59000015258789,47.47999954223633,43.40137481689453,6040800.0,1.0,-0.06138215851708395,45.06308761518376,41.572421875783036,48.55835078061601,-33.395469140920575,20.447189062619245,43.782866923014325,43.70779825846354,15.699999809265137,45.60682475442703
328,2021-10-19,WMT,144.6300048828125,145.61000061035156,143.66000366210938,140.26699829101562,11148100.0,1.0,-0.6475753261325394,140.3119108981384,131.24419719512335,54.260001778622254,70.70037377260545,16.324961220651325,137.34869333902995,139.9040278116862,15.699999809265137,45.60682475442703
329,2021-10-20,AAPL,148.6999969482422,149.75,148.1199951171875,147.5529327392578,58418800.0,2.0,0.03229720771446409,147.5289834357478,136.6680838249944,55.33532355476685,92.00918947649564,7.913105949148306,143.39635162353517,145.29866256713868,15.489999771118164,34.288627939753965
329,2021-10-20,AMGN,207.39999389648438,211.58999633789062,206.25,196.32838439941406,2308600.0,2.0,-3.12052848369558,203.71156893291462,188.94990567646036,42.755626530390785,-52.453325392855355,17.244818895890937,198.3423080444336,205.97651189168295,15.489999771118164,34.288627939753965
329,2021-10-20,AXP,176.9499969482422,179.77000427246094,176.2100067138672,174.71636962890625,2398500.0,2.0,2.7227780975303233,174.71718833636226,163.44098884869635,58.561673447862276,104.35041617001522,16.265237944393196,165.06448822021486,162.96771494547525,15.489999771118164,34.288627939753965
329,2021-10-20,BA,215.49000549316406,218.66000366210938,214.35000610351562,216.1699981689453,8485200.0,2.0,-0.5711377653838667,229.43977107195792,214.34322911114754,46.31395794901545,-36.10634031512213,12.866458793939595,218.80166676839193,221.52266693115234,15.489999771118164,34.288627939753965
329,2021-10-20,CAT,201.16000366210938,205.17999267578125,200.52999877929688,195.42935180664062,2936000.0,2.0,-0.6882384851899701,195.01829068193518,179.70088961591637,50.95031030510849,89.0349328586637,7.811876611512673,188.71435546875,195.27077763875326,15.489999771118164,34.288627939753965
329,2021-10-20,CRM,293.1099853515625,295.4100036621094,287.95001220703125,290.0899963378906,4487900.0,2.0,7.264965243985955,295.59380405147186,263.4421914319266,63.977300114640975,131.79579787062244,29.029149181786757,272.3063318888346,263.18249893188477,15.489999771118164,34.288627939753965
329,2021-10-20,CSCO,55.79999923706055,56.22999954223633,55.79999923706055,52.869056701660156,11613600.0,2.0,-0.18277344025257491,53.21254740263672,50.494685263378905,52.71587470299565,14.770571777640116,1.2611726532655754,52.35011965433757,52.8964589436849,15.489999771118164,34.288627939753965
329,2021-10-20,CVX,111.08999633789062,113.16999816894531,110.77999877929688,104.98446655273438,10811400.0,2.0,2.9394520947785168,104.96828514396026,91.73840888680147,65.73497119448672,139.35446328850185,46.314505135923994,95.4372657775879,93.45940818786622,15.489999771118164,34.288627939753965
329,2021-10-20,DIS,170.97000122070312,171.02000427246094,169.8800048828125,170.5500030517578,9737600.0,2.0,-1.6599470505626073,179.15679048584772,169.26721158934757,44.632288999801695,-110.34035137937363,16.40552794827912,176.5433334350586,177.38766708374024,15.489999771118164,34.288627939753965
329,2021-10-20,GS,411.0,414.3299865722656,406.20001220703125,386.32122802734375,2453400.0,2.0,3.1235589263062025,391.7542887978264,350.3596790976814,55.854648510917485,118.00643702245712,21.791414106390768,372.0926584879557,375.2373591105143,15.489999771118164,34.288627939753965
329,2021-10-20,HD,357.739990234375,359.57000732421875,356.2099914550781,340.8512878417969,2574800.0,2.0,5.824896991468336,340.8040962016856,304.35468370554094,64.81352953593468,260.7143580073916,47.30504693393723,320.95599568684895,315.90437571207684,15.489999771118164,34.288627939753965
329,2021-10-20,HON,222.22999572753906,223.69000244140625,220.8300018310547,214.70773315429688,1656900.0,2.0,-0.12030966134949495,214.33514908633174,203.10165053525031,52.305698793808844,116.26626759749811,1.39920050838003,209.4402048746745,215.13928629557293,15.489999771118164,34.288627939753965
329,2021-10-20,IBM,135.44932556152344,135.9464569091797,134.51242065429688,122.89069366455078,6474008.0,2.0,0.8957954174347549,126.41149441332487,118.17391208081574,52.59791574466734,49.25001985977075,1.5830547431625868,120.78594385782877,121.20116793314615,15.489999771118164,34.288627939753965
329,2021-10-20,INTC,55.25,55.4900016784668,55.08000183105469,51.85211944580078,16850300.0,2.0,0.19549731118155478,51.97061692677907,49.00007971323558,54.35399373020095,163.99838112574432,13.500694337287348,50.52296358744304,50.29353243509929,15.489999771118164,34.288627939753965
329,2021-10-20,JNJ,163.97999572753906,164.75,163.25999450683594,155.1113739013672,6003200.0,2.0,-1.2857528758803483,156.7451976175045,149.01587568571816,47.41540684958525,30.379959442094634,6.811716247253334,154.11346638997395,159.42354202270508,15.489999771118164,34.288627939753965
329,2021-10-20,JPM,168.3000030517578,170.8699951171875,167.4600067138672,160.81900024414062,8185600.0,2.0,2.137735973809839,161.98865631486942,150.54819671247432,59.7308213115651,97.2671716115363,16.593937677377905,153.1243927001953,150.17608210245768,15.489999771118164,34.288627939753965
329,2021-10-20,KO,54.18000030517578,54.7599983215332,54.11000061035156,51.44799041748047,12474800.0,2.0,-0.08345371883802244,51.85858827041931,49.372371049649054,50.2879054544782,24.632604717524934,3.5116045574661294,51.005523935953775,51.944620768229164,15.489999771118164,34.288627939753965
329,2021-10-20,MCD,240.39999389648438,242.64999389648438,239.2899932861328,229.3800811767578,3040200.0,2.0,0.27108546812908685,238.44679440673798,229.28109103027373,49.145075809400815,-88.75563788933124,16.793252899838222,232.76259002685546,229.8206708272298,15.489999771118164,34.288627939753965
329,2021-10-20,MMM,182.58999633789062,183.17999267578125,182.0399932861328,166.2671356201172,1788500.0,2.0,-0.9944921347535001,167.8328679107156,158.66305341496798,46.09289316803222,59.33651808413105,2.0112907929634405,164.28109232584634,171.3138750712077,15.489999771118164,34.288627939753965
329,2021-10-20,MRK,79.31999969482422,81.25,79.30999755859375,76.23717498779297,11465500.0,2.0,1.0989490716498977,79.75393004451095,67.48341736759843,59.00006465859093,74.69804865479908,22.30274627549994,71.74250411987305,71.63232192993163,15.489999771118164,34.288627939753965
329,2021-10-20,MSFT,309.2099914550781,309.70001220703125,306.1099853515625,301.9398193359375,16537100.0,2.0,2.9700652854199348,306.0726833574262,273.3903384931598,59.964155186949775,143.23356132797605,29.153194110979097,290.9600870768229,290.0080317179362,15.489999771118164,34.288627939753965
329,2021-10-20,NKE,158.5,158.8000030517578,157.32000732421875,155.00767517089844,4487000.0,2.0,0.163347711367976,158.66636807685256,138.85934603447555,52.283868991586466,57.58917408053552,20.813532149721166,150.823264058431,157.6987762451172,15.489999771118164,34.288627939753965
329,2021-10-20,PG,140.14999389648438,141.9600067138672,139.85000610351562,134.3929901123047,7352700.0,2.0,-0.15604693638201184,137.9472020028452,131.79999953524077,49.175938127688745,-66.59624708803301,17.29078570850437,135.6746332804362,135.8760787963867,15.489999771118164,34.288627939753965
329,2021-10-20,TRV,155.80999755859375,159.5,155.66000366210938,151.8408660888672,1548300.0,2.0,0.16416333916239978,152.31585427308264,144.74459952330406,54.36089198378131,91.36670659663687,10.542493349375414,148.779643758138,148.74358266194662,15.489999771118164,34.288627939753965
329,2021-10-20,UNH,427.0,435.5299987792969,426.8399963378906,423.27996826171875,2764000.0,2.0,4.369461063893937,421.7272738583435,369.66493500396115,60.04384756461778,168.72530086355303,30.873726070157353,397.8028279622396,401.1610443115234,15.489999771118164,34.288627939753965
329,2021-10-20,V,233.4600067138672,233.8000030517578,231.30999755859375,227.95684814453125,5401800.0,2.0,0.6887649942222254,230.94598587159646,217.70504867430196,51.51106603074784,135.05996243317432,3.807624153980496,222.86717173258464,226.91407419840496,15.489999771118164,34.288627939753965
329,2021-10-20,VZ,52.790000915527344,53.7400016784668,52.720001220703125,47.349910736083984,30659500.0,2.0,-0.37305297957247063,48.49977891147754,45.23991186916211,49.061512768103206,-21.785064854072882,0.849457566514581,47.054982884724936,47.690518315633135,15.489999771118164,34.288627939753965
329,2021-10-20,WBA,48.099998474121094,48.619998931884766,47.880001068115234,43.744895935058594,4936000.0,2.0,-0.04187684336564246,45.090460073229345,41.579401529553856,49.5810276237477,-8.000529987732254,20.70302284985499,43.70150616963704,43.73833179473877,15.489999771118164,34.288627939753965
329,2021-10-20,WMT,144.88999938964844,146.49000549316406,144.88999938964844,141.53695678710938,5817900.0,2.0,-0.18763748652852996,141.04344419997352,130.83354402024133,56.360960114502404,103.14054801072396,21.194215557303515,137.301513671875,139.96676584879557,15.489999771118164,34.288627939753965
330,2021-10-21,AAPL,148.80999755859375,149.63999938964844,147.8699951171875,147.77041625976562,61421000.0,3.0,0.3713146073841642,148.08007061968118,136.37896410932274,55.56875878284809,102.57331240441444,6.487243458533047,143.24510142008464,145.37637837727866,15.010000228881836,101.00521932172822
330,2021-10-21,AMGN,210.14999389648438,210.25999450683594,207.6699981689453,195.7010040283203,1921100.0,3.0,-2.802204713421645,203.0372124325064,189.05679544102873,42.290164308741666,-50.95781031972589,17.244818895890937,198.13660939534506,205.4554239908854,15.010000228881836,101.00521932172822
330,2021-10-21,AXP,179.5800018310547,179.7899932861328,176.00999450683594,172.644287109375,3313800.0,3.0,2.736310020205593,175.1399642136194,163.45985573266967,56.692046638069634,91.79847827349745,15.438077146643508,165.66358489990233,163.09534123738607,15.010000228881836,101.00521932172822
330,2021-10-21,BA,216.5399932861328,218.11000061035156,213.80999755859375,214.33999633789062,8691500.0,3.0,-0.940487311037856,229.82204157207207,213.2849576344709,45.28261645673617,-50.520748997227855,14.232564997287266,218.81499989827475,221.2355000813802,15.010000228881836,101.00521932172822
330,2021-10-21,CAT,201.60000610351562,202.3000030517578,199.74000549316406,193.46730041503906,3071300.0,3.0,-0.2606537298629519,195.75223395607236,179.49526512840032,49.592582640431814,65.53869032938644,5.391813055705886,188.60971374511718,195.1224281311035,15.010000228881836,101.00521932172822
330,2021-10-21,CRM,289.4700012207031,291.57000732421875,288.2699890136719,289.80999755859375,2828500.0,3.0,7.180963736656793,296.8083015348725,263.4226951692291,63.76873893832619,114.83266064368057,29.029149181786757,273.2753321329753,263.94666544596356,15.010000228881836,101.00521932172822
330,2021-10-21,CSCO,56.040000915527344,56.119998931884766,55.529998779296875,52.3892822265625,12619900.0,3.0,-0.1418269469228548,53.10514607254912,50.54379840071748,50.759638838356466,1.9638878047042363,3.070806153009266,52.27119890848795,52.91664562225342,15.010000228881836,101.00521932172822
330,2021-10-21,CVX,112.70999908447266,112.80999755859375,110.87000274658203,103.66706085205078,9372600.0,3.0,2.965420236396696,105.37938118438359,92.41092948456173,63.06612170508812,123.78996696801607,46.31450513592401,95.92402674357096,93.64350509643555,15.010000228881836,101.00521932172822
330,2021-10-21,DIS,170.1999969482422,172.5,170.10000610351562,171.33999633789062,7509000.0,3.0,-1.7020626238361274,178.97242454951873,168.96057715946563,45.390517471971705,-94.07141275224653,10.42895917260935,176.0576665242513,177.2583335876465,15.010000228881836,101.00521932172822
330,2021-10-21,GS,406.79998779296875,412.6600036621094,404.6199951171875,386.037109375,2162100.0,3.0,3.5685742556290734,393.55697744914374,350.0468128340594,55.736122703740165,107.4330531294923,18.94855381399657,372.18768615722655,375.79252370198566,15.010000228881836,101.00521932172822
330,2021-10-21,HD,358.20001220703125,364.8500061035156,358.1199951171875,346.9312744140625,2885400.0,3.0,6.819507071668852,345.0942169260914,302.79628295183824,67.26017991445383,253.7643177904297,53.1881322865088,321.9978749593099,316.5505401611328,15.010000228881836,101.00521932172822
330,2021-10-21,HON,223.6199951171875,224.86000061035156,221.24000549316406,215.55259704589844,2649200.0,3.0,0.2969161118204795,215.28461695232772,202.61493443927384,53.14129047032302,137.43653436998693,4.268115071871446,209.4910888671875,215.05840657552082,15.010000228881836,101.00521932172822
330,2021-10-21,IBM,127.63862609863281,127.83938598632812,122.46653747558594,111.1385726928711,32913959.0,3.0,-0.1103380376325731,128.2084205225349,115.64951481071705,37.32063428406056,-200.5252290525011,46.41418413334458,120.51429646809896,121.03046646118165,15.010000228881836,101.00521932172822
330,2021-10-21,INTC,54.93000030517578,56.06999969482422,54.83000183105469,52.44209671020508,38390900.0,3.0,0.31729937975004674,52.30201395173579,48.85316640715094,56.30365080550123,181.6580408636216,20.47659629642675,50.60412381490072,50.344611104329424,15.010000228881836,101.00521932172822
330,2021-10-21,JNJ,164.3000030517578,164.38999938964844,162.27999877929688,154.75146484375,4524100.0,3.0,-1.050440212026217,156.4752399631736,149.14756124532246,46.85372275878513,20.596964965993855,12.100700532229238,153.9660380045573,159.30100860595704,15.010000228881836,101.00521932172822
330,2021-10-21,JPM,170.75999450683594,171.3300018310547,168.67999267578125,159.55760192871094,8415200.0,3.0,2.1954799100195714,161.99106609301597,151.4198653034684,58.20795013776356,93.20503181652505,18.127906697888175,153.47782084147136,150.46960271199544,15.010000228881836,101.00521932172822
330,2021-10-21,KO,54.599998474121094,54.66999816894531,54.209999084472656,51.18429946899414,14388300.0,3.0,-0.06250023624549783,51.89356356953945,49.36658962870274,48.76305659202301,22.844653670038102,3.5116045574661277,50.97125727335612,51.913778686523436,15.010000228881836,101.00521932172822
330,2021-10-21,MCD,240.1699981689453,241.91000366210938,239.30999755859375,230.98757934570312,2702400.0,3.0,0.11290369139467771,238.45693916016046,228.9475240356403,50.913173715586325,-82.9338061813034,16.793252899838215,232.85157826741536,229.83563359578451,15.010000228881836,101.00521932172822
330,2021-10-21,MMM,182.85000610351562,183.02999877929688,180.52000427246094,165.9936981201172,1661000.0,3.0,-0.7752766033431442,167.9201816885107,158.62951313570807,45.756170949424394,48.06561208364982,6.054427687675481,164.17080586751302,171.09120864868163,15.010000228881836,101.00521932172822
330,2021-10-21,MRK,81.11000061035156,81.26000213623047,80.27999877929688,76.33121490478516,9893600.0,3.0,1.17822442855325,79.78609990414353,68.21484156314162,59.16606870923179,75.86175260783223,22.361988824771487,71.99345219930014,71.68773778279622,15.010000228881836,101.00521932172822
330,2021-10-21,MSFT,307.1700134277344,311.0199890136719,306.3599853515625,305.230224609375,16918100.0,3.0,3.5499292051458156,307.9470810051625,272.61600798409535,61.677678391273275,149.283818594556,31.99302391738051,291.40240681966145,290.418706258138,15.010000228881836,101.00521932172822
330,2021-10-21,NKE,158.4499969482422,162.33999633789062,158.27999877929688,158.65664672851562,6121700.0,3.0,0.6745376068136864,159.24596060089894,138.5341053170698,55.73094500117756,101.0028613492905,32.58040230047709,150.78543802897136,157.64974161783854,15.010000228881836,101.00521932172822
330,2021-10-21,PG,140.86000061035156,141.16000366210938,139.17999267578125,133.42576599121094,6545500.0,3.0,-0.2834880374187492,137.61054432147375,131.75632274395593,47.26753305767287,-94.46016529971992,20.889550173491624,135.5542002360026,135.89882074991863,15.010000228881836,101.00521932172822
330,2021-10-21,TRV,158.1699981689453,160.72000122070312,158.1699981689453,153.2761688232422,1464500.0,3.0,0.4849158243655154,153.0638947869684,144.39556413637146,55.99378931492808,154.23679010780495,15.928412814681012,148.85076955159505,148.96977844238282,15.010000228881836,101.00521932172822
330,2021-10-21,UNH,435.5,442.5,435.0799865722656,430.2747497558594,2465100.0,3.0,6.050923408615745,427.64948132113534,367.07475573941156,62.236218964679324,198.61689175909305,37.56093333926924,398.74909057617185,401.72110341389975,15.010000228881836,101.00521932172822
330,2021-10-21,V,230.6999969482422,230.8300018310547,226.3000030517578,226.7945098876953,5982200.0,3.0,0.7620645175662446,231.1293742970668,217.71177102764025,50.659652712335365,63.26345999304105,16.697556465851015,222.95746765136718,226.64542516072592,15.010000228881836,101.00521932172822
330,2021-10-21,VZ,53.77000045776367,53.93000030517578,53.06999969482422,47.15559768676758,17771100.0,3.0,-0.29508584843490837,48.461507919039164,45.243622085843654,47.88972086838674,-9.557341100174362,2.4242572887627043,47.04288101196289,47.66584618886312,15.010000228881836,101.00521932172822
330,2021-10-21,WBA,48.29999923706055,49.189998626708984,48.29999923706055,44.42290115356445,4739300.0,3.0,0.027968214065339225,45.17673043289274,41.55460349044711,51.54773817000614,46.806664940409256,25.565014562019307,43.65841522216797,43.77583859761556,15.010000228881836,101.00521932172822
330,2021-10-21,WMT,146.5800018310547,146.9199981689453,145.80999755859375,142.3221893310547,4651500.0,3.0,0.23749062477540406,141.8959899292537,130.37264868158616,57.60648593066464,121.99514063149654,23.518880914057743,137.31411641438802,140.05192794799805,15.010000228881836,101.00521932172822
331,2021-10-22,AAPL,149.69000244140625,150.17999267578125,148.63999938964844,146.9894561767578,58883400.0,4.0,0.5703962146645267,148.40461968871202,136.22939215210832,54.51046121065832,111.32641023184443,9.255682331218091,143.23587493896486,145.43022028605142,15.430000305175781,110.00476667550477
331,2021-10-22,AMGN,209.6999969482422,210.5,208.5,195.93507385253906,1349300.0,4.0,-2.5021995545693585,202.57694619571924,189.10784536922216,42.53163131159023,-39.82542310560582,16.064183832530368,197.99583435058594,204.96595916748046,15.430000305175781,110.00476667550477
331,2021-10-22,AXP,185.0,189.02999877929688,182.1999969482422,181.9929656982422,6026100.0,4.0,3.4614924679069077,178.0177681229885,161.7295524336521,62.308377899992095,191.66081620825182,37.423347443345286,166.59597625732422,163.34756469726562,15.430000305175781,110.00476667550477
331,2021-10-22,BA,214.60000610351562,216.72000122070312,212.5800018310547,212.97000122070312,7077600.0,4.0,-1.3284332913568164,230.24993964693988,212.01505974270856,44.514924507152976,-70.48168754833775,17.38624852334159,218.90399983723958,220.92450002034505,15.430000305175781,110.00476667550477
331,2021-10-22,CAT,200.63999938964844,202.35000610351562,199.1999969482422,193.10159301757812,2632400.0,4.0,0.04814574451162912,196.34741721526115,179.3726862393287,49.339067794410354,66.18330284634311,3.691055577651059,188.50596262613934,194.9501174926758,15.430000305175781,110.00476667550477
331,2021-10-22,CRM,289.0,293.0,288.17999267578125,292.55999755859375,2927000.0,4.0,7.25268946468492,297.90749512332513,263.01650084835455,64.93029321074836,115.14340949521092,31.393756561817042,274.4539983113607,264.7553321838379,15.430000305175781,110.00476667550477
331,2021-10-22,CSCO,55.54999923706055,55.86000061035156,54.939998626708984,51.84366226196289,15026600.0,4.0,-0.15165533881865656,52.91953623155461,50.612820412122154,48.63631220029697,-28.270701068611665,11.876921147606009,52.19620552062988,52.92306652069092,15.430000305175781,110.00476667550477
331,2021-10-22,CVX,112.22000122070312,112.87999725341797,111.44999694824219,104.65046691894531,8673800.0,4.0,3.0304200309051197,105.8762434484851,93.04592528320435,64.18886956880706,123.21781233891546,46.556913064586674,96.44140370686848,93.82278518676758,15.430000305175781,110.00476667550477
331,2021-10-22,DIS,170.57000732421875,170.8000030517578,168.60000610351562,169.4199981689453,7854300.0,4.0,-1.8688246776405322,178.93700002194802,168.33800150393088,43.87971398593941,-124.32667766818136,15.148835476869765,175.56766662597656,177.1095001220703,15.430000305175781,110.00476667550477
331,2021-10-22,GS,409.989990234375,415.3599853515625,409.1000061035156,392.4112243652344,2411000.0,4.0,4.385041886021725,396.513127236407,349.3135512303899,57.81375128889952,134.406111336032,22.26313453348053,372.5299112955729,376.40177052815756,15.430000305175781,110.00476667550477
331,2021-10-22,HD,365.0,367.0299987792969,362.1499938964844,348.2348327636719,2734700.0,4.0,7.625032363855496,349.00896464645086,301.59327839554135,67.75743237477589,227.08128176386737,55.38643725736113,323.07749532063804,317.1882960001628,15.430000305175781,110.00476667550477
331,2021-10-22,HON,222.97000122070312,223.89999389648438,217.24000549316406,208.7169647216797,3498600.0,4.0,0.07512613488697184,215.16034506387868,202.5673557417854,46.345357945763006,38.32751408253032,13.417206630133832,209.33203989664713,214.82550938924155,15.430000305175781,110.00476667550477
331,2021-10-22,IBM,122.41873931884766,124.52198791503906,121.04206848144531,110.74885559082031,12114981.0,4.0,-0.9284503648417228,129.46884862593328,113.55682504960383,36.95243992339839,-211.81542641813343,49.434335791565054,120.25044377644856,120.85098609924316,15.430000305175781,110.00476667550477
331,2021-10-22,INTC,50.38999938964844,50.54999923706055,49.13999938964844,46.31760787963867,109971900.0,4.0,-0.07945080805201599,52.91923412922069,47.790188935964856,38.598945211147615,-378.15533390180303,34.72724722232644,50.467399724324544,50.28384552001953,15.430000305175781,110.00476667550477
331,2021-10-22,JNJ,163.05999755859375,164.05999755859375,162.9600067138672,155.05455017089844,4304300.0,4.0,-0.829929862829232,156.3546091125207,149.2075780823035,47.39657552055697,33.5892091533996,12.100700532229249,153.86343892415366,159.18352661132812,15.430000305175781,110.00476667550477
331,2021-10-22,JPM,170.02999877929688,172.08999633789062,169.6999969482422,161.703857421875,8817900.0,4.0,2.386912436020168,162.5194756092826,151.80611795761195,60.00287346366268,106.54174254382553,20.70353263300008,153.95986938476562,150.77862091064452,15.430000305175781,110.00476667550477
331,2021-10-22,KO,54.38999938964844,54.529998779296875,54.06999969482422,51.278480529785156,12828600.0,4.0,-0.037858417555831636,51.95216989644314,49.36072263590549,49.33073124332828,22.159431256127103,6.847699893979492,50.94791920979818,51.87967700958252,15.430000305175781,110.00476667550477
331,2021-10-22,MCD,240.7100067138672,242.24000549316406,238.0,228.1552734375,3283700.0,4.0,-0.23825348466576202,238.5694935939875,228.07138927954765,47.87906007534521,-123.45194403467447,21.97887357060882,232.82797597249348,229.76786371866862,15.430000305175781,110.00476667550477
331,2021-10-22,MMM,182.57000732421875,183.2899932861328,180.77999877929688,164.79058837890625,2630900.0,4.0,-0.6906660483650171,167.8930487982914,158.63476950004846,44.28368229571974,47.269182795440514,4.543034919905367,164.05687408447267,170.85014928181965,15.430000305175781,110.00476667550477
331,2021-10-22,MRK,81.1500015258789,81.4800033569336,80.87999725341797,76.31241607666016,7543600.0,4.0,1.225408070281759,79.76445567733066,68.94553806656583,59.116570835380706,75.6926284878205,23.729344723717404,72.25526860555013,71.7645881652832,15.430000305175781,110.00476667550477
331,2021-10-22,MSFT,310.3999938964844,311.0899963378906,307.79998779296875,303.6587219238281,17449300.0,4.0,3.838421472692005,309.3595510903894,272.1670846517981,60.40044540626355,134.04358369768613,32.14722255689139,291.84276326497394,290.7986145019531,15.430000305175781,110.00476667550477
331,2021-10-22,NKE,162.27999877929688,164.6199951171875,162.27999877929688,159.9283905029297,5323000.0,4.0,1.1688051182208596,160.95296289643463,138.18592870512785,56.854699730099746,139.6303623949142,38.8377372851058,150.78185170491537,157.5969980875651,15.430000305175781,110.00476667550477
331,2021-10-22,PG,139.38999938964844,141.00999450683594,139.32000732421875,134.86219787597656,5265000.0,4.0,-0.26551726209677895,137.37990173968868,131.81118560161994,50.23459508131301,-70.07243006398295,20.889550173491628,135.47720642089843,135.93408228556316,15.430000305175781,110.00476667550477
331,2021-10-22,TRV,160.88999938964844,163.16000366210938,160.8000030517578,155.362060546875,1362800.0,4.0,0.8970874437248142,154.25726687658758,143.76768276940854,58.24001589271511,223.45059857076012,25.51581268004738,149.0424565633138,149.19806950887045,15.430000305175781,110.00476667550477
331,2021-10-22,UNH,440.8399963378906,449.2900085449219,440.4599914550781,436.96807861328125,2736200.0,4.0,7.83329280796579,434.4739230515176,364.34409757836517,64.18169873565422,207.34877626085523,43.27538251976261,400.2164815266927,402.34569956461587,15.430000305175781,110.00476667550477
331,2021-10-22,V,230.2899932861328,232.82000732421875,228.7100067138672,227.7696990966797,3788000.0,4.0,0.8886012944918775,231.07218670100818,217.73349719791761,51.35746040721895,95.89117482586708,10.415241125510121,223.16498158772785,226.3769625345866,15.430000305175781,110.00476667550477
331,2021-10-22,VZ,53.41999816894531,53.41999816894531,52.880001068115234,46.74931335449219,16074000.0,4.0,-0.2630478337544062,48.40101163115301,45.23329470429621,45.53723214406963,-38.0897368328162,1.0106838733689654,47.023346201578775,47.63062025705973,15.430000305175781,110.00476667550477
331,2021-10-22,WBA,49.29999923706055,49.91999816894531,48.7400016784668,44.29634475708008,5150600.0,4.0,0.07227573211575589,45.25114054361251,41.542569783535924,51.162373883043806,82.84979017702113,31.329241701231247,43.64485511779785,43.81228052775065,15.430000305175781,110.00476667550477
331,2021-10-22,WMT,147.10000610351562,149.69000244140625,147.10000610351562,143.805419921875,7065200.0,4.0,0.6861821480017625,143.0055202594487,129.76431464045362,59.84593262899699,163.76741654873638,36.43182244707094,137.3932866414388,140.15891291300457,15.430000305175781,110.00476667550477
332,2021-10-25,AAPL,148.67999267578125,149.3699951171875,147.6199951171875,146.9400177001953,50720600.0,0.0,0.7159277810453943,148.88499759198274,136.07227474688446,54.442560370979955,98.26763259447262,3.092989258067169,143.2058878580729,145.47961883544923,15.239999771118164,22.741523537788645
332,2021-10-25,AMGN,209.5,209.82000732421875,206.97000122070312,194.42747497558594,1916500.0,0.0,-2.3589019809284366,202.11194998178928,189.05968698110132,41.37806706783305,-57.671133054055495,21.45406661400939,197.71210123697918,204.46561635335286,15.239999771118164,22.741523537788645
332,2021-10-25,AXP,186.72999572753906,187.2100067138672,181.8300018310547,177.35267639160156,3889600.0,0.0,3.620042617936207,178.94875228165154,161.38014481307505,58.41835242389394,155.93473277933754,35.91083657322047,167.28538462320964,163.54541524251303,15.239999771118164,22.741523537788645
332,2021-10-25,BA,213.25,213.97999572753906,211.6999969482422,212.8699951171875,7239100.0,0.0,-1.6252184261736602,230.27514927003423,210.86084926512203,44.45800826480811,-87.08148842350083,19.645937671124,218.85033315022787,220.6976666768392,15.239999771118164,22.741523537788645
332,2021-10-25,CAT,201.27999877929688,203.30999755859375,200.50999450683594,194.6029052734375,3294700.0,0.0,0.40929678621822063,196.8980789816558,179.14040368435982,50.41551569146683,91.54550038533516,6.556647575733764,188.41428985595704,194.8955078125,15.239999771118164,22.741523537788645
332,2021-10-25,CRM,293.29998779296875,295.1300048828125,291.7200012207031,293.9200134277344,2993500.0,0.0,7.334724398260221,299.61884281615926,262.7291552307157,65.49621617764483,120.42463632432477,34.849997028415665,275.7809987386068,265.6218325297038,15.239999771118164,22.741523537788645
332,2021-10-25,CSCO,55.11000061035156,55.41999816894531,54.810001373291016,51.871883392333984,10218900.0,0.0,-0.15537612162687253,52.830482807185184,50.63576360699938,48.751019465137745,-39.69500511018439,13.72308443649419,52.11561190287272,52.925285720825194,15.239999771118164,22.741523537788645
332,2021-10-25,CVX,113.52999877929688,114.3499984741211,113.30000305175781,105.6246109008789,9579800.0,0.0,3.1245205860627863,106.66109453707438,93.27046826810141,65.2707185657205,134.0713751599842,51.47545703475506,96.9324940999349,94.02989641825359,15.239999771118164,22.741523537788645
332,2021-10-25,DIS,169.89999389648438,172.57000732421875,169.02999877929688,172.00999450683594,9798700.0,0.0,-1.7715721665998672,178.19662627968972,168.45337524618918,46.370674106405914,-90.15103423617637,7.972187439526286,175.1353332519531,177.04266662597655,15.239999771118164,22.741523537788645
332,2021-10-25,GS,416.2099914550781,419.489990234375,413.2699890136719,392.8185119628906,1824700.0,0.0,5.007242693851595,398.7461913768162,348.49548953138685,57.94423267702125,147.82188078699494,27.135472725375198,372.70323486328124,377.05974731445315,15.239999771118164,22.741523537788645
332,2021-10-25,HD,367.20001220703125,371.6600036621094,365.989990234375,353.2491455078125,2923400.0,0.0,8.569249123775194,353.51613430778764,299.9262973328374,69.59502604595231,218.8711150134536,59.684691233987486,324.2132537841797,317.8976313273112,15.239999771118164,22.741523537788645
332,2021-10-25,HON,216.80999755859375,219.0,215.64999389648438,208.8513641357422,2710400.0,0.0,-0.08877575856749331,215.14111173554363,202.5520279128939,46.48455755605311,-15.933636209079088,19.23787899216741,209.1381072998047,214.58034922281902,15.239999771118164,22.741523537788645
332,2021-10-25,IBM,121.9216079711914,122.99235534667969,121.35755157470703,110.54100799560547,6667204.0,0.0,-1.5754213653806488,130.37898666521752,111.7009739671067,36.752392698535566,-194.8210969692494,49.434335791565054,119.94704208374023,120.68188349405925,15.239999771118164,22.741523537788645
332,2021-10-25,INTC,49.83000183105469,50.06999969482422,49.310001373291016,46.270782470703125,43178800.0,0.0,-0.39312491022737817,53.221393400008445,46.99638461512827,38.503185285241436,-319.46115557163637,34.72724722232645,50.29321683247884,50.22198937733968,15.239999771118164,22.741523537788645
332,2021-10-25,JNJ,163.72000122070312,164.30999755859375,161.7100067138672,155.3954620361328,6715400.0,0.0,-0.6205122055441734,156.50582681086945,149.14254049870084,48.01443882263447,30.715696999622203,18.816417689417676,153.80913950602215,159.0714126586914,15.239999771118164,22.741523537788645
332,2021-10-25,JPM,172.7100067138672,172.9600067138672,170.47999572753906,160.91311645507812,10159200.0,0.0,2.4466148515066948,162.98622947910224,151.8062845589837,59.03649143764015,105.04202293263508,23.643031177672988,154.33758392333985,151.0934860229492,15.239999771118164,22.741523537788645
332,2021-10-25,KO,54.380001068115234,54.470001220703125,54.02000045776367,51.071292877197266,11855000.0,0.0,-0.03464850434380651,51.991598704017974,49.37968272908749,48.117501889694395,17.980575104363076,8.061264291826797,50.903342946370444,51.842433802286784,15.239999771118164,22.741523537788645
332,2021-10-25,MCD,239.22999572753906,239.25,236.5,227.1027069091797,3178400.0,0.0,-0.5946269099390804,238.37794315704863,227.2323931466623,46.80669586388881,-171.5513760016,27.50871251522531,232.70453948974608,229.70332870483398,15.239999771118164,22.741523537788645
332,2021-10-25,MMM,180.5,182.9499969482422,179.4499969482422,166.24891662597656,2705100.0,0.0,-0.5001710120960468,167.98845073991762,158.59496600812926,46.444794303508665,51.90058696244315,11.444124702777996,163.97089385986328,170.6368626912435,15.239999771118164,22.741523537788645
332,2021-10-25,MRK,81.02999877929688,81.72000122070312,79.94999694824219,76.79200744628906,9365900.0,0.0,1.286668547614596,79.62423517397397,69.86627996274478,59.999733208546566,70.10949889690548,14.608293216107828,72.54145991007486,71.85036354064941,15.239999771118164,22.741523537788645
332,2021-10-25,MSFT,309.3599853515625,309.3999938964844,306.4599914550781,302.64703369140625,17554500.0,0.0,3.9400010088077693,310.7587019256792,272.1390916534223,59.5787920580994,109.0184125048153,26.28834814182689,292.2074900309245,291.1876398722331,15.239999771118164,22.741523537788645
332,2021-10-25,NKE,163.22999572753906,164.72999572753906,162.66000366210938,160.65231323242188,3878200.0,0.0,1.600480849246111,162.52906134152735,138.1926793811289,57.49014298543341,140.39165110391136,39.12910211852602,150.93511505126952,157.54785588582357,15.239999771118164,22.741523537788645
332,2021-10-25,PG,140.41000366210938,140.9199981689453,139.0500030517578,134.88134765625,5382100.0,0.0,-0.246884139277455,137.38406113755502,131.81303511488636,50.27318209953168,-70.3831527967897,22.44348337152367,135.35167846679687,135.92604268391926,15.239999771118164,22.741523537788645
332,2021-10-25,TRV,162.0,162.4600067138672,160.8699951171875,154.6061553955078,1041200.0,0.0,1.1494905813619312,155.07639175242164,143.45472549611353,57.14649277027556,192.5829382645439,25.51581268004737,149.12793375651043,149.4131281534831,15.239999771118164,22.741523537788645
332,2021-10-25,UNH,450.0,452.6400146484375,446.44000244140625,437.2891540527344,3553500.0,0.0,9.166080631025864,440.3748302284075,362.74516488878,64.27303338627885,196.3300390364326,45.88728105390336,401.3505086263021,402.9733846028646,15.239999771118164,22.741523537788645
332,2021-10-25,V,233.4499969482422,234.86000061035156,232.2899932861328,230.38003540039062,4938700.0,0.0,1.185845240305241,231.76636082922994,217.4609157820982,53.190607808562916,140.44619653908444,4.264431197284027,223.46870015462238,226.1770896911621,15.239999771118164,22.741523537788645
332,2021-10-25,VZ,52.970001220703125,53.099998474121094,52.459999084472656,46.440181732177734,15987400.0,0.0,-0.25960920142578203,48.31568913490687,45.208150815654655,43.84206374000556,-62.62772400420061,8.279248541047032,46.98215993245443,47.59315172831217,15.239999771118164,22.741523537788645
332,2021-10-25,WBA,49.5,49.810001373291016,49.09000015258789,44.4952278137207,5060100.0,0.0,0.12203125952697746,45.30848329101966,41.523195480953,51.74879147273503,97.50407980627536,31.329241701231247,43.64606056213379,43.850396092732744,15.239999771118164,22.741523537788645
332,2021-10-25,WMT,148.77999877929688,150.52000427246094,148.00999450683594,145.4728546142578,6429300.0,0.0,1.1629160844175885,144.51797520258432,129.00898555181018,62.16996146475916,180.5034557803248,39.6931890635868,137.5548589070638,140.28869806925456,15.239999771118164,22.741523537788645
333,2021-10-26,AAPL,149.3300018310547,150.83999633789062,149.00999450683594,147.6122589111328,60893400.0,1.0,0.8754155973895763,149.55412001424827,136.13567795938457,55.227062607828735,126.31639292815697,10.840686170887793,143.24543100992838,145.54581502278646,15.979999542236328,20.607297582677905
333,2021-10-26,AMGN,208.1999969482422,209.97999572753906,207.6300048828125,195.4107208251953,1664400.0,1.0,-2.1413141619426312,201.76911371952642,189.06634923213372,42.431517488067726,-43.054840634406375,20.58850293942778,197.48236897786458,204.0087636311849,15.979999542236328,20.607297582677905
333,2021-10-26,AXP,183.4199981689453,183.5,177.52000427246094,176.02963256835938,3832200.0,1.0,3.5974668166129504,179.66228194706764,161.468144078323,57.36206238091967,109.46943214524701,19.529218754069706,167.99441426595052,163.74159367879233,15.979999542236328,20.607297582677905
333,2021-10-26,BA,213.19000244140625,214.85000610351562,208.17999267578125,209.80999755859375,11014500.0,1.0,-2.083323753839096,230.9470231264163,209.3289747983884,42.72871656386455,-111.00044151476779,28.059702867277913,218.79166615804036,220.4388333638509,15.979999542236328,20.607297582677905
333,2021-10-26,CAT,202.75,202.7899932861328,199.47000122070312,192.1295928955078,2933600.0,1.0,0.49028425841885337,196.92478258342,179.13210675984172,48.65367481158046,71.66755519095283,3.007346846470028,188.36363830566407,194.8250389099121,15.979999542236328,20.607297582677905
333,2021-10-26,CRM,295.7799987792969,298.3599853515625,293.6199951171875,295.1099853515625,3601400.0,1.0,7.41033671452044,301.26171756831224,263.3692791357893,65.99293467812475,123.86557119912204,39.76864705364838,277.1389984130859,266.5259989420573,15.979999542236328,20.607297582677905
333,2021-10-26,CSCO,55.560001373291016,56.349998474121094,55.400001525878906,52.50218200683594,15250000.0,1.0,-0.10624036544366788,52.913265938819215,50.61530919545813,51.26560002826859,35.924509395687544,1.98071030037496,52.063191986083986,52.9367639541626,15.979999542236328,20.607297582677905
333,2021-10-26,CVX,113.9800033569336,114.5999984741211,113.51000213623047,105.85653686523438,7463000.0,1.0,3.1811402365643744,107.36286925185243,93.56509858262024,65.52721097316532,128.47034227438334,52.273977902151046,97.48605321248372,94.24361915588379,15.979999542236328,20.607297582677905
333,2021-10-26,DIS,172.9499969482422,173.1199951171875,170.7100067138672,172.0399932861328,5850200.0,1.0,-1.6727952577026883,178.07080362879427,168.33119679845183,46.39918074542566,-71.13611553760624,5.782321034387447,174.78999989827474,176.98416646321616,15.979999542236328,20.607297582677905
333,2021-10-26,GS,416.3699951171875,419.80999755859375,413.760009765625,395.52728271484375,1843300.0,1.0,5.653743640952655,401.7879559423373,348.1160845850065,58.820532469783394,148.27077726214364,27.511787129826022,373.1426991780599,377.71087341308595,15.979999542236328,20.607297582677905
333,2021-10-26,HD,373.3900146484375,374.04998779296875,369.0799865722656,351.2890930175781,2989500.0,1.0,9.05500736524607,356.9641403085547,299.84655610257806,68.02725600340307,191.05704292476213,61.719751076888464,325.3575764973958,318.589604695638,15.979999542236328,20.607297582677905
333,2021-10-26,HON,218.1999969482422,220.47000122070312,216.77000427246094,209.60023498535156,2443900.0,1.0,-0.15643824824451258,215.20054535848618,202.81421599405286,47.27304756536649,21.081742470804823,11.809382710851663,209.07826436360676,214.36950505574544,15.979999542236328,20.607297582677905
333,2021-10-26,IBM,121.91204833984375,122.65774536132812,121.18547058105469,110.09933471679688,8912861.0,1.0,-2.0995871531109174,131.1156541903399,110.06882533236518,36.320161058125485,-179.41914376031212,49.82470551851113,119.6846321105957,120.49885584513346,15.979999542236328,20.607297582677905
333,2021-10-26,INTC,49.400001525878906,49.439998626708984,47.93000030517578,45.21257781982422,68405400.0,1.0,-0.7188161030533777,53.63423551000076,46.04788424097581,36.392462715137135,-313.55995531607937,42.082097165112856,50.098431777954104,50.143116823832194,15.979999542236328,20.607297582677905
333,2021-10-26,JNJ,164.55999755859375,166.02999877929688,164.0500030517578,156.9770965576172,6939100.0,1.0,-0.3231969030452433,157.0511287746508,148.8756793918531,50.788598122690615,97.00798080609707,6.812785935875769,153.8391306559245,158.98456039428712,15.979999542236328,20.607297582677905
333,2021-10-26,JPM,171.0,172.49000549316406,170.5399932861328,161.34616088867188,8015100.0,1.0,2.5000534526274407,163.4660792648056,151.92087447054595,59.40687420112665,100.61762738605407,23.643031177673,154.81675364176434,151.4250816345215,15.979999542236328,20.607297582677905
333,2021-10-26,KO,54.31999969482422,54.58000183105469,54.22999954223633,51.297306060791016,12086700.0,1.0,-0.01370921861358454,51.99362221618541,49.5499999914562,49.51854148719535,48.64241025598884,4.848873112603077,50.865044911702476,51.811294110616046,15.979999542236328,20.607297582677905
333,2021-10-26,MCD,237.47000122070312,238.39999389648438,236.13999938964844,226.22239685058594,3066400.0,1.0,-0.9372846476912855,238.74757912648272,226.15945822703293,45.916923639204185,-178.72324662870932,28.803312883815313,232.55431111653647,229.6655184427897,15.979999542236328,20.607297582677905
333,2021-10-26,MMM,181.07000732421875,183.82000732421875,179.1699981689453,166.03018188476562,3135600.0,1.0,-0.36267173497799376,168.23134741299046,158.54438653476345,46.166943454440236,59.232951841266086,6.081403712766819,163.96299540201824,170.42626215616863,15.979999542236328,20.607297582677905
333,2021-10-26,MRK,81.9000015258789,82.36000061035156,81.70999908447266,77.34683990478516,9352500.0,1.0,1.3642618977968226,79.33820441200925,70.9920766548853,61.007789661714064,83.99493036949248,19.000806223149592,72.85931040445963,71.95610491434734,15.979999542236328,20.607297582677905
333,2021-10-26,MSFT,311.0,312.3999938964844,308.6000061035156,304.59173583984375,28107300.0,1.0,4.129818753972529,311.9019861863922,273.6074895216156,60.64341434858207,122.991851008743,33.359287612326966,292.545366414388,291.610546875,15.979999542236328,20.607297582677905
333,2021-10-26,NKE,164.82000732421875,165.4499969482422,163.1199951171875,160.23165893554688,4711200.0,1.0,1.8868927646947213,163.5500979006044,138.98047155740338,56.98563845493067,136.05841652801146,41.092577425942885,151.09913940429686,157.47151794433594,15.979999542236328,20.607297582677905
333,2021-10-26,PG,141.6199951171875,143.17999267578125,141.24000549316406,136.796630859375,6234900.0,1.0,-0.07668591984747763,137.67204076705247,131.82442529740064,53.96621222842655,28.859752867602644,4.140618016674339,135.2979248046875,135.95547587076823,15.979999542236328,20.607297582677905
333,2021-10-26,TRV,161.77000427246094,162.4199981689453,160.36000061035156,153.50579833984375,847700.0,1.0,1.2463649487868906,155.5870682070176,143.60809475684957,55.575129654929135,161.01716401789363,22.187821656860233,149.25806376139323,149.6093719482422,15.979999542236328,20.607297582677905
333,2021-10-26,UNH,450.489990234375,457.7099914550781,447.5899963378906,442.2993469238281,3103900.0,1.0,10.505504360963357,446.5327451118615,362.0371889701698,65.68550214483078,188.02521383526292,49.63878168443394,402.7157491048177,403.6304458618164,15.979999542236328,20.607297582677905
333,2021-10-26,V,235.52999877929688,236.9600067138672,231.3300018310547,228.35084533691406,7814500.0,1.0,1.2433420561459911,232.16483565289252,217.67907151263483,51.62602220191946,123.40828226900838,1.757792830860863,223.75731557210287,226.0517672220866,15.979999542236328,20.607297582677905
333,2021-10-26,VZ,52.70000076293945,53.16999816894531,52.560001373291016,46.881797790527344,15185200.0,1.0,-0.2187279754147582,48.27863779851368,45.205956546579095,46.77042018149551,-41.487280471287434,6.881047766538122,46.96180419921875,47.563334465026855,15.979999542236328,20.607297582677905
333,2021-10-26,WBA,49.400001525878906,49.400001525878906,48.02000045776367,43.67258071899414,5806400.0,1.0,0.09399857105869813,45.32179453856328,41.52977292054317,49.21988882962332,25.33965410177876,16.251048166500055,43.6487725575765,43.87957509358724,15.979999542236328,20.607297582677905
333,2021-10-26,WMT,150.0,150.5500030517578,148.4600067138672,144.20289611816406,5806200.0,1.0,1.4218657433522424,145.59217789149008,128.73456313634196,59.45858101006323,161.655806870308,39.81249290969713,137.6986577351888,140.40262959798176,15.979999542236328,20.607297582677905
334,2021-10-27,AAPL,149.36000061035156,149.72999572753906,148.49000549316406,147.1476287841797,56094900.0,2.0,0.9533296815787935,150.06823143521038,136.21668220004355,54.55535883923911,106.62376045833322,7.588150734095221,143.2395004272461,145.57399673461913,16.979999542236328,145.28568957711465
334,2021-10-27,AMGN,209.8699951171875,210.39999389648438,205.80999755859375,193.44422912597656,2003300.0,2.0,-2.103308067097231,200.80713008824137,189.2492358785555,40.9104736650207,-59.94197821493754,26.921709703457054,197.1218495686849,203.45269546508788,16.979999542236328,145.28568957711465
334,2021-10-27,AXP,180.10000610351562,183.72999572753906,177.91000366210938,173.18905639648438,3309900.0,2.0,3.31218378116327,179.85616909085456,161.94699100436026,55.14736635978078,95.98234987570181,20.078723636269626,168.54859364827473,163.89414952596027,16.979999542236328,145.28568957711465
334,2021-10-27,BA,212.85000610351562,212.89999389648438,205.63999938964844,206.61000061035156,14761700.0,2.0,-2.673767014931485,231.28028267646914,207.12071524833556,41.00331965784499,-139.40564063551517,33.4359057708908,218.53799947102866,220.0641667683919,16.979999542236328,145.28568957711465
334,2021-10-27,CAT,200.25,200.42999267578125,195.9199981689453,188.7516326904297,3406700.0,2.0,0.2786817857103472,196.87765035177216,179.11635294412628,46.3644602893724,23.630333474544557,8.155553270634375,188.0919169108073,194.64499257405598,16.979999542236328,145.28568957711465
334,2021-10-27,CRM,296.5299987792969,299.19000244140625,295.0899963378906,295.1499938964844,3742700.0,2.0,7.388320416433032,302.4649549175519,264.63104117619815,66.00995370274396,119.63896052978329,40.99239038626686,278.43866475423175,267.4263320922852,16.979999542236328,145.28568957711465
334,2021-10-27,CSCO,56.130001068115234,56.720001220703125,55.93000030517578,52.850250244140625,16279000.0,2.0,-0.038766846763650165,53.06230641100154,50.56714190747991,52.59437517636417,91.8918992866076,7.417829930657701,52.03203035990397,52.94158433278402,16.979999542236328,145.28568957711465
334,2021-10-27,CVX,113.22000122070312,113.58000183105469,111.6500015258789,103.97321319580078,9096100.0,2.0,3.0390114052183463,107.58071905320323,94.1581054096874,61.69933340649231,98.9683199499441,34.65129148093216,97.9137471516927,94.41115392049154,16.979999542236328,145.28568957711465
334,2021-10-27,DIS,171.77000427246094,172.0399932861328,169.42999267578125,169.5500030517578,7054700.0,2.0,-1.7749744474034799,178.1787955357512,167.91020592909257,44.37388500378406,-106.88531315795905,10.30801055572113,174.29466654459637,176.9268330891927,16.979999542236328,145.28568957711465
334,2021-10-27,GS,416.54998779296875,418.05999755859375,410.54998779296875,389.25732421875,2067200.0,2.0,5.59566372072004,403.2801393138329,349.09588607679217,56.02524435159276,114.86413479874301,20.82082940091982,373.4280975341797,378.2234120686849,16.979999542236328,145.28568957711465
334,2021-10-27,HD,369.8699951171875,375.1499938964844,369.30999755859375,354.25775146484375,2840300.0,2.0,9.569212275408347,360.6094410019959,299.56856803120723,69.11727862625659,172.06676484278339,62.64741700782495,326.592925008138,319.25658315022787,16.979999542236328,145.28568957711465
334,2021-10-27,HON,218.10000610351562,218.16000366210938,215.22000122070312,207.10406494140625,1647100.0,2.0,-0.40679207416667396,215.17843095068653,202.91313704247753,44.9874540821221,-41.18125865925443,17.59586000293884,208.88721262613933,214.1133918762207,16.979999542236328,145.28568957711465
334,2021-10-27,IBM,121.83556365966797,122.25621032714844,119.5124282836914,108.40189361572266,7294176.0,2.0,-2.621739842123631,131.83788337049876,108.13327599229422,34.69779211935449,-177.2641089750697,53.55145532359942,119.3373509724935,120.24972241719564,16.979999542236328,145.28568957711465
334,2021-10-27,INTC,48.52000045776367,48.81999969482422,47.869998931884766,44.847354888916016,41081500.0,2.0,-0.994930221800864,53.97605187757581,45.18164656297594,35.69384521699591,-263.8364805212484,42.3838363336366,49.87274347941081,50.05226446787516,16.979999542236328,145.28568957711465
334,2021-10-27,JNJ,165.67999267578125,165.75999450683594,163.30999755859375,155.073486328125,7018800.0,2.0,-0.2384293549723111,157.0070362541676,148.8932551887035,47.6243340079136,64.73209859748364,10.950291546803225,153.78609517415364,158.83271560668945,16.979999542236328,145.28568957711465
334,2021-10-27,JPM,170.32000732421875,170.6999969482422,167.33999633789062,157.98558044433594,9847000.0,2.0,2.2453501735855355,163.48893431932746,152.16856537549674,55.38653316711481,55.42251472067052,6.975998658873886,155.14990692138673,151.67384363810223,16.979999542236328,145.28568957711465
334,2021-10-27,KO,55.970001220703125,56.08000183105469,55.27000045776367,52.28614807128906,24019800.0,2.0,0.08173441883430854,52.213415183047005,49.57129627325182,55.01647415442114,204.43909146466035,26.84942699561243,50.85374374389649,51.79601205190023,16.979999542236328,145.28568957711465
334,2021-10-27,MCD,241.0500030517578,244.6199951171875,238.85000610351562,232.26022338867188,5249400.0,2.0,-0.7134174004682166,238.64431632352841,226.1144071261786,52.34456350937644,-35.81683079977623,3.143614795448297,232.6101282755534,229.7783004760742,16.979999542236328,145.28568957711465
334,2021-10-27,MMM,182.27000427246094,182.33999633789062,178.0800018310547,162.45729064941406,2627000.0,2.0,-0.5358283345291284,168.0761169321367,158.45899659325391,41.9284742735007,-6.084501682243691,11.76758244014921,163.7822245279948,170.10319747924805,16.979999542236328,145.28568957711465
334,2021-10-27,MRK,82.4800033569336,82.4800033569336,81.30000305175781,76.67916870117188,8465400.0,2.0,1.3562457439727496,79.09450573770971,71.84232592732934,59.15205514049857,74.21825546037275,14.951543463112937,73.13296305338541,72.04714533487956,16.979999542236328,145.28568957711465
334,2021-10-27,MSFT,316.0,326.1000061035156,316.0,317.4194030761719,52588700.0,2.0,5.254762593065493,315.6299535630352,273.7268213393086,66.63913532535547,208.46648565343548,54.61303498049437,293.1461496988932,292.2096694946289,16.979999542236328,145.28568957711465
334,2021-10-27,NKE,163.64999389648438,164.05999755859375,161.66000366210938,158.82293701171875,4163900.0,2.0,1.9774098354138232,164.1196737849753,140.00841764568878,55.30430512364634,109.7182995559008,31.872178847507616,151.24392395019532,157.3313326517741,16.979999542236328,145.28568957711465
334,2021-10-27,PG,143.13999938964844,143.67999267578125,141.69000244140625,135.81983947753906,9643500.0,2.0,-0.020386502949378382,137.7389864683854,131.82307407848958,51.93144531267782,34.0266887207737,0.5847797877461952,135.22144521077473,135.93579533894857,16.979999542236328,145.28568957711465
334,2021-10-27,TRV,160.74000549316406,162.11000061035156,159.72999572753906,152.88385009765625,1217200.0,2.0,1.2584459757540287,155.95591085584732,143.7081028160277,54.695734037293946,134.30067248117433,18.054415774751313,149.32823232014974,149.7724131266276,16.979999542236328,145.28568957711465
334,2021-10-27,UNH,454.6400146484375,460.44000244140625,453.4800109863281,441.17083740234375,3520400.0,2.0,11.345166018192344,451.55970827548913,362.17317136318275,65.08592669886602,174.351072759883,51.5713298609475,403.8818806966146,404.1664215087891,16.979999542236328,145.28568957711465
334,2021-10-27,V,224.75,224.75,215.66000366210938,212.5509033203125,22958100.0,2.0,0.013826043800662546,233.49022920950156,215.27999021188518,41.73721578393473,-153.71110450529588,30.337020751505474,223.4936553955078,225.70721486409505,16.979999542236328,145.28568957711465
334,2021-10-27,VZ,53.16999816894531,53.20000076293945,52.470001220703125,46.48434066772461,15007400.0,2.0,-0.21591187964208558,48.1944840687486,45.19191615402972,44.60489135816309,-50.00419232567578,8.504850144619642,46.923544820149736,47.52732931772868,16.979999542236328,145.28568957711465
334,2021-10-27,WBA,48.45000076293945,48.459999084472656,47.09000015258789,42.596805572509766,5652000.0,2.0,-0.0148523910910896,45.2617558519507,41.446073814186995,46.16776635371491,-62.27423822499474,5.045608278760085,43.55837173461914,43.88097743988037,16.979999542236328,145.28568957711465
334,2021-10-27,WMT,148.9600067138672,149.02000427246094,147.38999938964844,143.02020263671875,4855200.0,2.0,1.514197013304198,146.31337172624603,128.7006968772696,57.06109598091245,124.80219860214193,30.006322870704395,137.79495544433593,140.4710927327474,16.979999542236328,145.28568957711465
